x,y,u (m/s),v (m/s),p (Pa)
0.0,0.0186424665015704,0.0013102021759593,-2.744474954896365e-07,1.012577263678858
0.0011574966739649,0.0189588550198657,0.0010089054816957,-2.0381377732428123e-06,1.0125685741775423
0.0,0.0193881709176724,0.0006141503244081356,-1.0158789660826769e-07,1.012623286294582
0.0,0.0012884946064969,0.0012478706617337,3.320492576461203e-07,1.012600654704028
0.0,0.0005853729955654221,0.0005882284123107789,-1.7148630287289457e-08,1.0126604510473
0.0008906259344792028,0.0011046368599126,0.0010695989166225,1.746462447958187e-06,1.0126071705688393
0.0,0.0174183681454143,0.0023277131464963,-3.677282568591656e-07,1.0125271244445555
0.001499254805258,0.0181027418557734,0.0017643771218341,-4.774183842432747e-06,1.0125396422896225
0.0,0.0026857088305221,0.0024065785792807,1.106794265245885e-07,1.0125455360403497
0.0013790228219994,0.0020320053148798,0.0018715573332795,5.470125248711669e-06,1.0125581884085744
0.0,0.0158035544825516,0.0034322260504852,-3.121873402328631e-07,1.0124611216745465
0.0015328959313527,0.0165115683896092,0.0029752856520064,-1.9532775229139803e-06,1.0125409800019207
0.0,0.0040829230545474,0.0033629974016034,9.413061058451456e-07,1.0124792643964555
0.0015812546563499,0.0035653736846678,0.0030256374019682,7.489405543795836e-06,1.0125509014374476
0.0016991092181778,0.0141401566911901,0.0042369536016807,3.958879344113128e-06,1.0125151855187775
0.0,0.0130179733387211,0.0047022899235413,-8.171185571583468e-07,1.0124052744922771
0.0017830984460376,0.0057550219843707,0.0041910853170737,-3.880743171577612e-06,1.0125147194745958
0.0,0.0069796105719398,0.0047003483213033,2.6041567403513973e-09,1.0124068225594491
0.0018878836801486,0.0084245510040066,0.0049794107989595,-1.1757694700261336e-05,1.0125651716285855
0.0,0.010000443799495,0.0051706075578852,4.473332051477499e-07,1.0123629059787451
0.001884874434053,0.0115418005514575,0.0050031540181386,1.0367328355399e-05,1.0125500609991478
0.0496305172395715,0.0199999999999999,0.0,0.0,1.007327489822013
0.0496305172395715,0.0199059317331594,0.0001489136021740477,4.1140360208919305e-06,1.0072968238678517
0.05,0.02,0.0,0.0,1.0056335921660344
0.0499999999999999,0.0196362483414671,0.000595595432146771,0.00010490374138202642,1.0064519968976946
0.0497576522485751,0.0197053574701655,0.0004631838047076746,3.591735073663219e-05,1.0069341992064904
0.0499999999999999,0.0192724966750075,0.0010180013155276,0.00013327652110755976,1.0065402302967017
0.049681524961149,0.0194516342012626,0.0007797951492550699,5.771073586192121e-05,1.0066882599576072
0.0496191425141965,0.0191055539969897,0.0011711320289057,8.57034857139684e-05,1.006726493056778
0.0499999999999999,0.0188442075295192,0.0014623787498197,0.0001516998557382593,1.0066520147572051
0.0495431442406441,0.0186396583784464,0.0016411400511819,0.00010837525133682449,1.0067954710233928
0.0499999999999999,0.0183212096278057,0.0019509860926735,0.00016443616767233856,1.006762419910064
0.0494727426226713,0.0180576474737464,0.0021638967316656,0.00012781223076744353,1.0068864377238471
0.0499999999999999,0.0176588285574244,0.0024998392087769,0.00017528286517083465,1.0068788972977274
0.0494418575005356,0.0173348303338316,0.0027323195430755,0.00014744330894657053,1.006991999770227
0.0499999999999999,0.0169477348816074,0.0030126159247961,0.00018476781989351624,1.0069929161203792
0.0499999999999999,0.0161767657978635,0.0034907746690928,0.00019395558688341244,1.007110755414676
0.0493330793794377,0.0165557521863749,0.0032546969171652,0.00015958904370173702,1.007109936702646
0.0499999999999999,0.0153022287640079,0.0039401264302031,0.0002007405629722426,1.00723366940141
0.0492369025241726,0.0157343025456682,0.0037218725775676,0.00017034595362353284,1.0072324433122042
0.0499999999999999,0.0012237065480669,0.001060522040638,6.006076915754535e-06,1.0082004901823602
0.0489645625567756,0.000995581536009571,0.0008739170221591763,2.309862733936997e-06,1.0082489218432775
0.0499999999999999,0.0005883592870534893,0.0005197499159461367,1.2397374021355584e-06,1.008192904693276
0.05,0.0143102222161766,0.0043333796745405,0.0002029720303135033,1.0073651019456868
0.0491314577106731,0.0147943197272893,0.0041533322686597,0.0001753745557303621,1.0073684384068706
0.0499999999999999,0.013185037575715,0.0046493232529286,0.00020541716784953812,1.0075049953368316
0.0490072399794395,0.0137317766067355,0.0045071625587115,0.00017696092579509728,1.007502290269054
0.0499999999999999,0.0023498338052234,0.0019587591386785,2.2519898926802687e-05,1.0082067365197036
0.0486958238299105,0.0016237011413714,0.0014027529317662,6.511072835840849e-06,1.0082698968583308
0.0499999999999999,0.0034759610623798,0.002752160232566,5.104579281504933e-05,1.0081956874071147
0.0482682491614673,0.0026243565196642,0.0022096092365296,2.162322832402987e-05,1.0083078994638408
0.0499999999999999,0.0054306362087036,0.0038378421707747,0.00010827423452173055,1.0081461356984152
0.0483853096021921,0.0046293194642192,0.0034909679954772,6.992406167433077e-05,1.008258305877754
0.0484967336032429,0.0068035845961136,0.0043867811130282,0.0001282969399540049,1.0081458266652357
0.0499999999999999,0.0079858420126248,0.0046784570353647,0.00017093439440060893,1.00800400319223
0.0499999999999999,0.0119088753356283,0.0048888556356656,0.0002100257617609984,1.0076643926224929
0.0488805038690364,0.0125041033815815,0.0047837517134101,0.00018080028518355624,1.0076492610356125
0.0487585284671562,0.0111165636502099,0.0049661921671909,0.000184979787033427,1.0078226970177877
0.0499999999999999,0.0102215446914357,0.0049907139748833,0.00020547277992556887,1.0078443551812628
0.0486701829335154,0.0092729077508113,0.0049333038855257,0.00017448605264849218,1.0080004554975277
0.0499999999999999,0.020377893721614,0.0,0.0,1.005147913288826
0.0501039301624762,0.020377893721614,4.812129103451399e-06,-2.2069359474018537e-05,1.0051940627758271
0.0503254890767534,0.0197971264192465,0.0004204970507783045,0.00015847499925081182,1.0058843983332535
0.0503732762287231,0.0194277925103684,0.0008615248668688074,0.00019287505595205656,1.0063492879096332
0.0504186653277567,0.0190233730408154,0.0012901647842355,0.00020324737261408812,1.0065377685625825
0.0504693690208625,0.0185381780187558,0.001759345260793,0.000208001332570424,1.0066785211942897
0.0505155960741535,0.0179208470668133,0.0022944505429991,0.00021020663961562468,1.006801571686359
0.0506010486895213,0.0172766086562625,0.0027885383910157,0.000215270958482778,1.0069128763880475
0.0506662786798263,0.0165427504158138,0.0032785003840008,0.000220122568163904,1.007025479984829
0.050764585252016,0.0157219498038695,0.0037402113337905,0.00022610808219270505,1.0071413389094064
0.0509020575173716,0.0010403560630988,0.0008975907336418515,5.676578725525287e-06,1.0081477854163796
0.0508730292320006,0.0147881159064197,0.0041593550303822,0.00022965021492856485,1.0072638324037824
0.0513706971620226,0.0017571982105612,0.0014752646209109,1.790398129423009e-05,1.008135196982017
0.0509914042524586,0.0137209280234688,0.0045145467214386,0.000231952754712592,1.0073973526112845
0.0511220846274694,0.0125175577831819,0.0047921974860541,0.00023629151372616463,1.007546513730697
0.0514870869021541,0.0030731390190711,0.002446438682631,5.163331956051244e-05,1.0081249194091864
0.0515774443816726,0.0046498080170157,0.0034036944785664,9.325509973378772e-05,1.0080951847270632
0.0515546100752723,0.0068571209851642,0.0043199361325235,0.00016105944786641956,1.0079969932960104
0.0513775873998642,0.0093123409206093,0.0048962060730714,0.00021414988062728037,1.007851413535844
0.0512656589133722,0.0111438656662225,0.0049639553660164,0.00023612949462402413,1.0076969213272011
0.35,0.0013450128504865,0.000332768078447839,-4.039019780151331e-07,1.007656047482304
0.3489809496148088,0.0009684677823568936,0.00024130719690107304,-2.0649089768110021e-07,1.0076684360940986
0.35,0.0005893206847928248,0.00014860487167543627,-8.819833236097097e-08,1.0076562454286269
0.35,0.0023662763207308,0.0005704175874598935,-9.248182822312612e-07,1.007656328385164
0.3486679362448079,0.0016471269124602,0.000403701832496804,-5.232916958243132e-07,1.0076726046893272
0.35,0.0388254968283459,0.0002918213620692665,1.8927216105831078e-07,1.00765325158514
0.3500000000000001,0.0394158511424054,0.0001472988872133889,5.673761944434745e-08,1.0076534155885832
0.3491133073112398,0.0390072253065893,0.0002474689258103526,1.61921692552776e-07,1.0076641286761123
0.35,0.0036276964306238,0.0008456349174319335,-1.4731811841788932e-06,1.0076567235811675
0.348215689515321,0.0027968394157881,0.0006663233176146253,-1.4299255058505684e-06,1.0076777704819728
0.35,0.0053694298198141,0.0011909377569816,-5.789386906675883e-07,1.007657265101647
0.3482455452039298,0.0046906534816464,0.0010636972562757,-2.4073521162407327e-06,1.007680208603328
0.3481394698128159,0.0071819271587589,0.0014980778569974,-6.564520158793993e-07,1.0076778506258928
0.35,0.0085948979139773,0.0017114705834575,-6.859684723581932e-08,1.007652165064296
0.347979243232778,0.0105635773629078,0.0019762275828542,-5.383714470428207e-07,1.0076784839858786
0.35,0.0117632552716459,0.0021171103804169,-1.0055754588245077e-06,1.0076544323964671
0.3486094194358013,0.038339003283578,0.0004070494300530961,5.624258514449187e-07,1.007670081834968
0.35,0.0377863994580753,0.000535639092414764,5.472977579158973e-07,1.0076532686409891
0.3479219518034206,0.013340093679519,0.0022687316696236,-1.2164819114922552e-06,1.0076795462936168
0.35,0.0146864202166496,0.002374505533899,-7.448392122431227e-07,1.0076537432975188
0.3478832330687183,0.0159928114833495,0.002452632979696,-5.289435582670355e-07,1.0076799421604898
0.35,0.0173431485851448,0.002509579172427,-3.408424841383554e-07,1.0076531000486155
0.3484266703474754,0.0372074753828316,0.0006652889940304495,1.1962469384863548e-06,1.0076729941921585
0.35,0.0364595842123688,0.0008266944009130507,8.486469335354532e-07,1.007653374635897
0.3478670595393006,0.0186629405810341,0.0025433936114035,-2.645438895854112e-07,1.0076800910767227
0.35,0.02,0.0025544801958585,-1.5044145865450946e-07,1.0076528890592298
0.35,0.0344974549307769,0.0012122957356205,9.47793714183005e-08,1.007652413259024
0.3482870279307151,0.0353031535048262,0.0010619146100372,1.8530145981180104e-06,1.0076767962667128
0.3481695282352051,0.0328355487142922,0.0014985008781576,6.671451202148796e-07,1.0076764671453944
0.35,0.031735147216108,0.0016700229089143,1.423958729966126e-06,1.0076523455222457
0.3479748664670175,0.029811286759174,0.0019350547608962,2.700964696389614e-07,1.0076773398437795
0.35,0.0283335433304718,0.0021103897328096,2.53967956880051e-07,1.0076520570453846
0.3478929022384516,0.0266428132092458,0.0022756064518874,-4.306862233159363e-07,1.0076803706053494
0.35,0.025313630348406,0.0023785657533086,-5.823583908699514e-07,1.0076545661196243
0.3478634362709847,0.0213302462825957,0.0025434824316528,-1.1147838207373637e-07,1.007679919938595
0.35,0.0226568930673846,0.0025099602401676,-9.521288034283665e-08,1.0076529357162067
0.3478696254730777,0.023993771825422,0.0024541447103418,2.725702441734394e-08,1.0076797549703371
0.3509121628188184,0.0010183273204982,0.0002542852766864978,-1.2407734331034462e-07,1.0076446960406549
0.3514074373780685,0.0016761483606602,0.0004120153394557772,-1.0350126769437295e-07,1.007638400998376
0.3511157610385003,0.0389977443781024,0.0002501169605250628,6.005126263422793e-08,1.00763963275177
0.3516076296503577,0.0029309488379004,0.000697331146408429,-2.725727005368997e-07,1.00763560351089
0.3514282027371104,0.0383704038927877,0.0004007511069313391,2.3680622767196903e-08,1.00763599351793
0.3517749267184474,0.0046769897531176,0.0010598978276237,-8.054240018803487e-08,1.007634659808364
0.3519091905411167,0.0072229317469376,0.0015033710991217,2.925730485963063e-07,1.007628401168148
0.3520575854918523,0.0105601231268215,0.0019766200383566,-1.057594302202904e-06,1.0076275906876528
0.3521054489941157,0.0133452580769561,0.0022688305678676,-7.432273824888094e-07,1.0076267194268345
0.3515244877620536,0.0371190658785721,0.000685532441078763,-7.125257504388569e-08,1.00763368953263
0.3521321390792967,0.0159938844097831,0.0024520985058136,-2.1834410768207985e-07,1.007626552953134
0.3521447655648915,0.0186620823824877,0.0025430046317397,-1.3211544573945022e-07,1.007625775640845
0.3517746896417129,0.0355239410391326,0.0010175321953478,-3.5579671277329886e-08,1.0076308492844082
0.3521487126721532,0.0213329756636886,0.0025432646518434,-1.5841504801326826e-07,1.00762556674913
0.3519368483883753,0.0328938781931288,0.001492686907534,6.136245712457765e-07,1.0076286731847788
0.3520841290298,0.0294800078597982,0.0019741322457202,9.553194916552002e-07,1.0076245082243058
0.3521207937568049,0.0266447726150098,0.0022732372961368,3.574436466311153e-07,1.0076250160827362
0.3521424705582951,0.0239961846335243,0.002455117469746,-6.949693395533683e-07,1.0076264897130418
0.9499999999999998,0.0011684359594232,0.00031224029009208564,-0.00010507285686086004,1.000158507871008
0.9489717693874912,0.0009759146564240602,0.00021332161347627796,-1.2760921847392785e-05,1.0000877357252076
0.9499999999999998,0.000589249451847629,0.0001807510926828151,-4.835079711418205e-05,1.0003100041405006
0.9499999999999998,0.002127036911418,0.0005194948715092388,-0.0001496241453266279,1.0000441685507526
0.9487454848337954,0.0015120196767577,0.00034198195283369724,-9.42322753870314e-06,1.0000422209988773
0.9499999999999998,0.0034899712262478,0.000814336511778824,-0.00016178755740208547,0.999978306639916
0.9482225116245016,0.0027320784327655,0.0006378888070764,7.87317095926149e-06,1.000002245383268
0.9499999999999996,0.0055355087502484,0.0012214160725957,-0.00013384126020226443,0.9999750604731622
0.9482687703505032,0.0043970009222989,0.0010088128331292,-5.274574088872703e-06,0.9999771474339147
0.9481289363724362,0.0070414869527865,0.0014892668916358,-5.575123620318618e-06,0.9999829655397816
0.9499999999999998,0.0082113281902265,0.0016683898216844,-9.402851370871051e-05,0.9999925348651942
0.948005535664316,0.0101391212399886,0.001935154487139,-5.8474798249664426e-06,0.9999990591680492
0.9499999999999996,0.0116100819815545,0.0021071245551693,-5.694702412498909e-05,1.0000082829659345
0.9479116529078028,0.0133405370424948,0.0022764808868094,-3.4710092842837587e-06,1.0000146942396932
0.9499999999999998,0.0146864089137106,0.002380590174192,-3.0890388392648105e-05,1.0000141148709023
0.9478763762062014,0.0159967245823566,0.0024539652249257,-2.573749110366847e-06,1.0000172358071298
0.9499999999999996,0.0173431467268476,0.0025097444315753,-1.477506193934208e-05,1.0000117058050546
0.9478640166673564,0.0186624533160486,0.0025425453597445,-6.762364335220664e-07,1.0000194447521038
0.9499999999999998,0.02,0.0025545949385317,1.964375173992078e-08,1.000012979426366
0.9478608716955036,0.0213323122555375,0.0025431143656611,8.656551531295122e-07,1.0000196479881478
0.9499999999999996,0.0226568912174528,0.0025097170628614,1.5414851648547774e-05,1.0000118050382965
0.94786987853439,0.0239974997681914,0.0024533358845404,3.065784662127955e-06,1.0000171511175877
0.9499999999999996,0.0253136200330939,0.0023778811558276,3.167903589369494e-05,1.000012716863169
0.9478975837277764,0.0266491477190473,0.00227562250204,3.660740823565914e-06,1.0000138010907895
0.9499999999999998,0.0282742031591264,0.0021219182065446,5.683374206204199e-05,1.0000093611989342
0.9479340941780556,0.0294726384013512,0.0019840218250697,4.66307613377471e-06,1.0000022570152522
0.9499999999999998,0.0315937987690822,0.0016944451177049,8.950321203767273e-05,0.999989993359606
0.9481188140271476,0.0329226532454652,0.0014975572865545,7.446439536619187e-06,0.9999830015105404
0.9499999999999998,0.0341482134929981,0.0012828379203051,0.00013290132658959537,0.9999849039289216
0.9482667050799732,0.0352244134715748,0.0010810461090913,4.347387853250071e-06,0.9999754657190352
0.9499999999999998,0.0367026282169139,0.0007731768488984853,0.00016353369946640246,0.9999775791897092
0.9499999999999998,0.0380181974983646,0.00048527442131766576,0.00014353003893899323,1.000040844966238
0.9484618955275944,0.0371274564429282,0.0006699036463350016,6.196432666601602e-06,0.9999975571432574
0.9499999999999998,0.0387360411711948,0.00033211249303577504,0.00011357607641828228,1.0001772098892086
0.9485993150859464,0.0383719064918052,0.0003704917184545088,-4.822149746276483e-07,1.0000313342378222
0.9499999999999996,0.0394339606570711,0.00017676416734650408,4.68385761384992e-05,1.000314402070694
0.9490962238641982,0.0390372954343972,0.00021226190166596769,2.218985803557784e-05,1.0001037217096609
0.00139034454468,0.0193881709176724,0.0006049823862869528,-1.3300073172882552e-06,1.0125490153678685
0.0025142630909766,0.0188570719016477,0.0011025522403063,-2.0570346332050346e-06,1.012424838254569
0.0027807937526858,0.0193662184353519,0.0006247731376635897,-2.459392047621127e-07,1.0124013490552397
0.0016734759997919,0.0011085977670896,0.0010705982862783,3.808672268234464e-06,1.0125212771161658
0.0013878847683116,0.0005853729955654222,0.0005794041543254739,1.7602099209741725e-06,1.012561443751937
0.0027759790658164,0.0006072740119455731,0.0005984715796777103,5.723050870846652e-08,1.0124217195659762
0.0036933283422268,0.0188008316482814,0.0011529951968148,3.565105942030771e-06,1.0123318677819153
0.0041720687498358,0.0193430940291321,0.0006490947012849897,1.4404697180076392e-06,1.0122910154899103
0.0029605213302178,0.018238360224936,0.0016490540065193,-8.472605528802804e-07,1.0123909933318052
0.0030362865790727,0.0010679006572078,0.0010307114495907,-8.856607952743497e-07,1.0124034424332633
0.0041649586279689,0.0006269440164412235,0.000619241484792331,-1.2667340567821995e-06,1.012309090621002
0.0025669339827412,0.0017299253368561,0.0016172286368044,1.1737413455704704e-06,1.0124415137068723
0.0043271726959082,0.0011423767698177,0.0011026833795279,-2.798669703252646e-06,1.01229223945829
0.0055542124203894,0.0006405996697350712,0.000635642980416728,-2.5924622297471586e-07,1.0121650440719323
0.0051904624797088,0.018739498091562,0.0012160712943292,2.717062046474116e-06,1.0121927409502718
0.0055637998976524,0.0193231843035068,0.0006731779972592565,9.988586451608737e-07,1.0121561747354997
0.0057364063127797,0.0011888632213559,0.001145888873052,-9.601318526484565e-08,1.012146197935622
0.0069433948770797,0.0006502769112489617,0.0006450118307037021,-7.532132187818383e-08,1.0120203340808755
0.0042201882019694,0.0179545118684254,0.0018935232554275,9.888095069144232e-06,1.0122887313539934
0.0029755156926044,0.0171856853170011,0.0025052084373774,-7.260318633938108e-08,1.0123973882379589
0.0038642485568008,0.0018906336084893,0.0017558809984898,-5.563100493884739e-06,1.0123316813555772
0.0028930191889792,0.0027903806731252,0.0024743684968066,1.8847078384287425e-07,1.012411719330909
0.0053886481041407,0.0019586734935528,0.0018113931497415,-8.401006495872929e-07,1.0121798484672793
0.0071327672565028,0.0011794434324284,0.0011383704355478,-7.636432423224113e-07,1.012001899318612
0.008332467187388,0.000658296132357123,0.0006553141809809602,-1.0987284558620031e-06,1.01188412113605
0.0085416456153073,0.0011668040636261,0.0011324810567864,-2.732465192661213e-06,1.0118630482223117
0.0097214856889078,0.0006650800678282169,0.0006639300214709531,3.205431024185255e-07,1.011736049973844
0.0069557219170494,0.019308539748445,0.000691244186370462,1.4789156431821987e-06,1.0120172512891146
0.0068322048685361,0.0187364265491942,0.0012244076474058,3.360794952105598e-06,1.0120307790759149
0.005637887746252,0.0180269399287715,0.001838054838482,3.628176149146453e-06,1.0121458196415565
0.0068930404025142,0.001897173575312,0.0017615249905203,-1.952554719863149e-06,1.0120298848404825
0.004835453767687,0.0166403782328458,0.0028941342369669,6.217030515176079e-06,1.012244111744428
0.0032431487764673,0.0152778848961091,0.0036998140907786,8.272466532159328e-07,1.0123563263442996
0.0045793130595765,0.0031914225639484,0.0027550920222341,-2.923294515439931e-06,1.0122558008065834
0.0034156014856479,0.0045340657367151,0.0036116343061101,8.927568109850754e-06,1.0123514610734314
0.0062604465884134,0.0031732258876649,0.0027460836653377,-5.967515801021794e-07,1.0121010883817274
0.009857676734811,0.0011484306914144,0.0011172516269574,7.998133060958403e-07,1.0117190150180562
0.0111104503733607,0.0006707149968227656,0.0006673612676991588,6.165723741841181e-07,1.0115965344267253
0.0083439999127739,0.0018041122482453,0.0016913416488329,-5.546036253964847e-06,1.0118902225375097
0.0096220770626878,0.0017301361289662,0.0016319867924919,1.466678286429838e-06,1.0117443371836112
0.0081086474430837,0.0186087217142264,0.0013434719894095,1.1178920323090862e-06,1.0118914874994969
0.0083476448029969,0.0192988147008459,0.000703004398868695,1.7781413146791533e-07,1.0118668900194534
0.0072397040154038,0.0178384755372113,0.0019962265153414,6.232214639094587e-06,1.011990219183563
0.0064121713885489,0.0169241827651343,0.0026852682647925,4.639755199357171e-06,1.0120714241223645
0.0112476934006291,0.0011828378100337,0.0011461097129783,1.3439701967802282e-06,1.0115822446483855
0.0124993643647028,0.0006761050587868085,0.0006708401909748456,2.1998838376701738e-07,1.0114540888613517
0.006444213843127,0.0156529299020665,0.0034751963956997,1.045423447027419e-06,1.0120279349625338
0.0077401938739095,0.0029502379445029,0.0025888307447648,-1.2481564689484224e-05,1.0119610189335404
0.0035337361671938,0.0126881584886923,0.0047742395355838,1.8574773825420504e-06,1.012324757009364
0.005051831890412,0.0143035105525669,0.0041785552934324,1.3867095590818114e-05,1.0122034271159792
0.0038138508540794,0.0069436078543475,0.0046563539802035,7.924799538538875e-07,1.012307376732959
0.0038078102853324,0.0099720805603879,0.0050633826345562,-1.7543220973898792e-06,1.012287199117896
0.0055983191453629,0.0051130105786835,0.0039373175679886,-8.884130616751874e-06,1.012175559355179
0.007182830795884,0.0042076318210757,0.0034137100149006,-1.357284155525078e-05,1.0120078057382544
0.0109799193406189,0.0018091832505817,0.0016966631642785,2.0160635855091426e-06,1.011603671446757
0.0090908146894481,0.0027704517713114,0.0024592841786148,-2.108723112860878e-06,1.0118067167810567
0.0102693442426779,0.0025959061657685,0.0023285357924661,6.134486314073582e-06,1.0116750824357252
0.0092931991509352,0.018606085085534,0.0013424098565428,-1.9034033405059987e-06,1.0117578202365127
0.009739484286946,0.0192930830949699,0.0007066873638449601,-8.179969770012737e-07,1.0117090267125588
0.0086945575486985,0.0177186005419963,0.0020878305107941,-6.206578901214919e-06,1.0118196672743789
0.0079035975702746,0.0164621902247764,0.0029935057497825,-1.4932178894254208e-06,1.0119034679035364
0.0106609583769125,0.0185681840710013,0.0013736661018189,-2.4050152173719367e-06,1.011615392139168
0.0111311979274349,0.0192903474775911,0.0007072520452323497,-7.803909052911726e-07,1.0115670879497838
0.012629920658609,0.0011961964462454,0.0011561179433753,5.9480228855101056e-08,1.0114423397265464
0.0138882926778,0.0006817556792950174,0.0006792104433234839,-1.889653339628144e-06,1.0113239990603322
0.0123207495154418,0.0018482473358674,0.001727356255895,1.3165712143580673e-06,1.0114740530989337
0.0067338981851959,0.0140158129362667,0.0042897902652306,-1.7443909234314977e-05,1.01200095954609
0.0077949188719665,0.0149871663243976,0.0038345806058071,1.5042728012510428e-06,1.0119053692691975
0.0085929235365996,0.0041928949901594,0.0033921425192612,-2.067695652842624e-06,1.0118383790118166
0.0060446661643845,0.0118247545510891,0.0049681898016604,1.0341793601545803e-05,1.0121084688139648
0.0062933314584958,0.008009237173227,0.004932227609714,1.6715297488351121e-07,1.0120734352602505
0.0076428597754431,0.0057318830138056,0.0041803985566385,1.6981413702416703e-05,1.0119148516237166
0.0115748451282381,0.003019870540293,0.0026494315390866,5.0966058853034365e-06,1.011557357087728
0.0101003340339419,0.0038976824291831,0.0032151374734327,4.170547448509464e-06,1.0116988017803037
0.0100254281220043,0.0176640940370215,0.0021302522613586,-3.540864738824024e-07,1.0116849038009532
0.0093478304126829,0.0167091323074274,0.002831318235011,-5.146381577611174e-06,1.011753506262446
0.0093424049451012,0.0151586919184733,0.0037577292424098,-1.112772778857483e-06,1.011747032790648
0.0122926447143892,0.0185889831386204,0.0013522893352511,-1.4759820881850796e-06,1.0114483082128165
0.0125227747412923,0.0192892557522062,0.0007057953510958241,-7.29802516847021e-07,1.0114249430862368
0.0112948018953836,0.0177584412513693,0.0020561258809174,-4.881739671098316e-06,1.0115460688778577
0.0140616477988241,0.0011909768804163,0.0011587098822938,-4.813373363142919e-06,1.0113073578758198
0.0152772961130773,0.0006868766276843315,0.0006898052035385453,-6.73437421531502e-07,1.0111836165891888
0.0136816665652732,0.0018503359198569,0.0017366261130606,-9.817279549596671e-06,1.0113499902962324
0.0129610728525504,0.0027220566902971,0.0024299135928187,-9.299651111077306e-06,1.0114383538030431
0.0084043494343575,0.0129039326052493,0.0047415812829152,1.4075866243017204e-05,1.0119121879870407
0.0101417703557756,0.0132972137446873,0.0045995332891717,2.4293335380668383e-05,1.0117427355898918
0.0095299920003132,0.0057198710784443,0.0041783308960618,-1.6388683980951826e-05,1.0117766200410812
0.0084833404256507,0.0100007093773893,0.0050299219152172,-6.755853220274035e-06,1.0118046183791536
0.0085761385291004,0.0075081006976732,0.0048150670027352,3.980578656857757e-06,1.0118801038027452
0.0128965240093906,0.0040681128522795,0.003346880316802,-2.0411410767315712e-05,1.0114608362930977
0.0113346470214413,0.0050565711919464,0.0039036479518672,-5.933499698162367e-06,1.0115901525586954
0.0107930407343534,0.0163329089684883,0.0030877544492711,-2.143361187517539e-06,1.0116004741142517
0.0111082821521187,0.0145471273704242,0.0040828728548001,1.4399883718780252e-05,1.01160358719317
0.0137071431260245,0.0186781952239617,0.0012729894757051,8.51359567980079e-07,1.011305944349597
0.0139142487666922,0.0192885573173637,0.0007061138582353687,2.0706253446112138e-07,1.0112884832621616
0.0128041617707755,0.017862887753344,0.0019706255729512,3.684980812312335e-07,1.0113981575331004
0.0121579509169617,0.0167893053629472,0.0027797121894873,-6.736251097114535e-07,1.0114592691370077
0.0154534705368001,0.0010977541381892,0.0010785925562148,-1.28704515972792e-06,1.011161161055124
0.016666358864217,0.0006903747440815497,0.0006929986037905446,4.953821264822518e-07,1.0110327459459905
0.0150731111945639,0.0018266620828854,0.0017240872367386,-1.7771016453678864e-06,1.0112013687796475
0.0143073607507079,0.0030795378159712,0.0027029762891393,-1.2183804373997463e-05,1.0112850829885591
0.0141577341090243,0.0045047452508757,0.0035700655640394,-2.603352732701727e-06,1.011267000640283
0.0102833685831901,0.0110301168455921,0.0050043526954704,-7.404735340687663e-08,1.0115915650831468
0.0113716841485406,0.0126398359826564,0.0047447915954041,7.90783276784493e-06,1.0115309430274435
0.0109440539521312,0.0080803092024984,0.0049386242837873,4.561247156052103e-06,1.0116001149289169
0.0130434841943817,0.0060258956242936,0.0042808516709364,-3.883077645655109e-06,1.0113943135161672
0.0168098641350827,0.0012343044137157,0.00120337863208,1.5792097130614351e-06,1.0110158989584692
0.0180554199043654,0.0006920395014553115,0.000691958518393265,1.0352739559657803e-06,1.010882821771266
0.0126864656954478,0.0134063808324033,0.0045419374536061,-4.067830066957144e-07,1.011398611266011
0.0122980125563349,0.01551157173301,0.0035990825462714,7.448995326460955e-06,1.0114475717449791
0.0150813616186984,0.0187996967793454,0.0011655759679473,2.8559215134962144e-06,1.0111730939387698
0.0153056941937507,0.0192874959002621,0.0007100097358852988,1.3123343869959557e-06,1.011149883335733
0.014256016224172,0.0178254807902372,0.0020035189930714,8.137632792775711e-07,1.0112560198953122
0.0135997376279611,0.0164807171085245,0.0030120524274482,4.840793365786419e-06,1.0113335918970665
0.0164202737722624,0.0019347057135456,0.0018146829316567,-6.868252516706485e-07,1.011055617371255
0.0156937805019047,0.0028077836258041,0.0025018040014675,1.6893618949710457e-06,1.0111305352857904
0.0155779254107197,0.0040547672163571,0.0033118625746925,6.284109375159136e-06,1.0111252802312387
0.0148473606858134,0.0058670198300068,0.0042189846105261,7.562206427292312e-06,1.0111856735749816
0.0126352245526354,0.010902011098592,0.0050221327230573,2.2009941496327767e-07,1.0114003818430743
0.0137208543284544,0.0082011957091296,0.0049343819912403,7.176614909870514e-06,1.0113591459475355
0.0181771953205514,0.00124234350928,0.0012066936621358,2.317587714024949e-06,1.010869291716929
0.019444428878057,0.0006922464554224781,0.0006895924397613501,4.197844138423736e-07,1.0107515178617337
0.0177843989254185,0.0018920061362246,0.0017776876627277,6.442016528842524e-06,1.0109135830731495
0.0195879247543525,0.0012366032807918,0.0011985222557628,1.1759617035550293e-06,1.010738926198669
0.02083334907692,0.000691599314219665,0.0006868458898293656,7.308350495360405e-07,1.0106081785649712
0.0164917615987956,0.0187323860796168,0.0012332191517182,1.4987112466994962e-06,1.0110328925625012
0.0166971931556908,0.0192862886360755,0.0007147851594011323,5.734433275074189e-07,1.0110123269604814
0.0143035394522253,0.0123741570753633,0.0048077906459132,7.0407127642608695e-06,1.0112445129481455
0.0138326808161682,0.0146315160995355,0.0040543937330567,4.75700741331254e-06,1.0112939606963156
0.0156697897348838,0.0178212279599228,0.0020147446041281,1.0877941832017876e-05,1.0111218846247247
0.014899977503557,0.0168913579615035,0.0027229597407444,1.1313695249934338e-05,1.0112046522895977
0.0150869888788047,0.0155597888608035,0.0035711700417383,1.3336198815167536e-05,1.0111852698908386
0.0170902313812698,0.0031432453002611,0.0027469507574087,7.763600452072754e-06,1.0109949254138606
0.016663612529119,0.0051234144426128,0.0038906162850579,5.43597871221793e-06,1.0110407310626002
0.0159237988432834,0.0074227101285445,0.0047643862565366,-1.6306558557572797e-07,1.0111265729274832
0.0149970974847401,0.0099986489178148,0.0050517762673752,3.3999257746574064e-06,1.0112084164446635
0.0190755224095798,0.0020671154992061,0.0019192925128927,2.4075712396940253e-06,1.010783320336692
0.0184859438525819,0.0028924729232206,0.0025633640647887,8.46778184985805e-06,1.0108557143785604
0.0222221836167614,0.0006912887243809134,0.0006870181757528853,-9.926168744903694e-07,1.0104838976944472
0.0209312388430567,0.0012444065260601,0.0012018479355096,1.8890973807521143e-06,1.0106014845867612
0.020506555015972,0.0020574676955809,0.0019061973956087,4.423754435649164e-06,1.0106471981596528
0.0180887804139325,0.0192859660876022,0.0007155904929244161,1.0620213812518132e-08,1.0108653335016573
0.0179906143959018,0.0187322870287846,0.0012346806497283,5.459150465563742e-07,1.0108766707754695
0.0170288144273748,0.017896312290971,0.0019606886448739,2.584399426390872e-07,1.0109717416273087
0.0162397926647862,0.0115552531710987,0.0049426414399339,3.934294416747915e-06,1.011056184659921
0.0155040173111902,0.0136524974794599,0.0044467090688039,5.122405864923157e-06,1.011113371806904
0.0163143063804104,0.0165921751160903,0.0029369177944237,9.978160319675407e-06,1.011048785808083
0.0163712136335415,0.0151104693997073,0.0037933262824709,7.203788424137191e-06,1.0110278035989178
0.019383208901571,0.0188013285462728,0.0011733913271828,-3.8847583262493764e-07,1.0107360479524126
0.0194804098399318,0.0192875777783418,0.0007147881694667466,-3.481935303495651e-08,1.010727312031477
0.0223433321858458,0.001236868489026,0.0011980518819379,-2.2893907887574496e-06,1.0104747150558535
0.0236110095586201,0.000692168185118722,0.0006891258653556536,3.6578809337686e-07,1.0103402073402583
0.0184201888022804,0.0043042138626042,0.0034611753920234,7.490895774756251e-06,1.0108599991685638
0.0178325777447743,0.0064678383325122,0.004463567431506,3.334837607209968e-10,1.010933506629757
0.0170800324804107,0.0088609149940422,0.0050052667638306,8.0156770562763e-06,1.0109710180230125
0.0198218894405562,0.0033577781907168,0.0028987754981006,1.0274087776830636e-05,1.0107230325907304
0.0219135779767195,0.0018699229564165,0.0017522873891901,-4.283831522511368e-06,1.0105168760477783
0.0212235605361281,0.0029505402491572,0.0026037557832716,-1.0527927073804747e-06,1.0106009990953575
0.0183226412683745,0.010413936625397,0.0050581437377262,6.712400655907333e-06,1.0108423321357014
0.0183388079861091,0.0179677241531688,0.0019026440420205,2.2501046013167034e-06,1.010839927254649
0.0176325711163012,0.0170284624699612,0.0026327280103577,-2.8498985595552745e-07,1.010905025763411
0.0175859574305576,0.0134462532627491,0.0045378522826692,1.128023904926889e-05,1.0109234998214385
0.0176932025247892,0.0155690699051882,0.0035605312437606,-3.951075786505986e-06,1.010884045336377
0.0207263643621603,0.0187402728854196,0.001226996870912,-3.398541720714711e-07,1.0105994087023662
0.0208719671886434,0.0192913279660779,0.0007096519292234623,-3.9508670166111363e-07,1.010584662152868
0.0198147806090262,0.0178872166078831,0.0019674067253404,-3.620946546801641e-06,1.0106930618687784
0.0221436610019,0.018738508297065,0.0012326271869821,2.225317326458672e-06,1.010463589883052
0.0222633600760482,0.019295712272479,0.0007072623831723587,1.100695262374719e-06,1.010453359188347
0.0237415286238655,0.0012083490401431,0.0011717013915054,7.047833946192311e-07,1.010325577857391
0.0249999239593158,0.0006936912500613798,0.0006912147530837594,-8.621595142606252e-07,1.0102165543230437
0.0234041284274505,0.0018462556541602,0.001732792846289,1.856625616443008e-06,1.010366079167689
0.0195942079050804,0.0055211098586641,0.0040892084425562,1.2752352897828914e-05,1.0107383216748038
0.0190615205953213,0.0078699203323392,0.004844882708469,-2.3388350299694058e-06,1.0107928101652897
0.0211959943001634,0.0043767568474253,0.0035060494382128,1.3635482537700114e-06,1.0106052367171463
0.0226588382439985,0.0031314266523865,0.0027366934387185,4.751037352340827e-07,1.0104429281010792
0.0203061515731884,0.0095531008500947,0.0050519253464359,8.75556640290798e-06,1.010687344690804
0.0197342709015655,0.0121661722995034,0.0048349937126319,4.374361680660829e-06,1.0106889934271217
0.0190423021012262,0.0166361743601437,0.0029168910736035,-1.0061436294841972e-06,1.0107697049831703
0.0192128644866981,0.0146008848224777,0.0040820151765892,1.80338082052061e-05,1.010772984521964
0.0210541629733758,0.0180312106245899,0.001850202916412,4.056209095117901e-06,1.010566808135567
0.0204020899601117,0.0170459009953591,0.0026282656378461,3.320929498227865e-06,1.0106406542672737
0.0235059567983986,0.0186794663221836,0.0012929319144665,6.416063189722112e-06,1.0103286240461535
0.0236546142128359,0.0192985859117805,0.0007104238903311635,2.183709503785137e-06,1.0103151091853444
0.0225825456190438,0.0180451180660466,0.0018463711998073,6.139411996447183e-06,1.0104259575286776
0.0249129013052796,0.0187808867558206,0.0012096462994442,1.8531594789654764e-06,1.010172391202785
0.0250458416072998,0.0192990463328161,0.0007152275919008354,6.815322067030678e-07,1.0101566493183929
0.025158991022805,0.0012105135656708,0.0011762606469618,-1.7722556028199826e-06,1.0102004799823627
0.0263890002165154,0.0006947480424895926,0.0006914453296443517,1.3970708608226531e-06,1.0100632546745545
0.0248611621850968,0.0018261043418913,0.0017181518560232,-1.7161708613553448e-06,1.0102350403847506
0.0240811201153672,0.0027557121404442,0.0024577869444179,1.9104092639885126e-06,1.0103139537248311
0.021233076547387,0.0067501515863867,0.0045869189207028,4.004950868028802e-06,1.010574988180576
0.0225673077389467,0.0049422392520494,0.003785137313694,9.37265324449886e-06,1.0104312094657582
0.0239391564580716,0.0042336880650507,0.0034188897510552,7.466776689193117e-06,1.0103082369398038
0.0220895934649436,0.0086587043996769,0.0049384800283118,-3.341535889639784e-08,1.0104885649566306
0.0215932937698199,0.0111271058042036,0.0049898041728172,1.551312521179805e-05,1.0105072099946597
0.0210154247219614,0.0134840457722929,0.0044951756920604,6.2227680289523865e-06,1.0105386094873603
0.0204756788142548,0.0156394162110187,0.003548026912467,1.5610279289714197e-05,1.0106250921531907
0.021876984717137,0.0167509760157133,0.0028634000497459,1.1871630297851396e-05,1.0105067244569823
0.0239888013002772,0.0179761151033916,0.0019136414630777,1.1512911755848991e-05,1.0102815534214675
0.0232928877535674,0.0170880291434259,0.0026131827951926,1.3648807134569708e-05,1.0103636321130904
0.026282437738634,0.0188046768030211,0.0011901053131627,2.2130627690018838e-06,1.0100255659816255
0.0264371428714998,0.0192976248088772,0.0007194199890399081,9.968039652474306e-07,1.0100072552093828
0.0252132512466612,0.0181455134394672,0.0017761404987759,1.9660454483321542e-06,1.0101335707685692
0.0277030706893272,0.0187888800863308,0.0012074309556914,-7.885094690039552e-07,1.0098584361211678
0.0278285629908112,0.0192954930647843,0.0007226234707562251,-3.949078190932514e-07,1.009843466857242
0.0265015921655869,0.0012276645373973,0.001186117337312,4.0530802758936536e-06,1.0100506800574502
0.0277782134285586,0.0006929865973057346,0.0006856096382023295,6.801019513698526e-07,1.0099280279967875
0.0260797122286129,0.0019834104216788,0.0018411991495836,7.209371818136029e-06,1.01009164167184
0.025417304382583,0.0031075046097843,0.0027068279105465,9.407755195006978e-06,1.0101606953487694
0.0237243429697975,0.0067229972682317,0.0046029929683854,-1.975885693890838e-06,1.010340197412504
0.0251249746145617,0.0048067915897827,0.0037148149710948,2.4025632081202707e-05,1.0101655851755085
0.0279203887864746,0.0012255833459485,0.0011798648417061,1.8350512486819045e-06,1.009916883310294
0.0291673221817418,0.0006866721612287797,0.0006761902510589331,1.3492191327984972e-06,1.00978474850338
0.0233726809253524,0.0098518396449675,0.0050337611039478,3.867696237652119e-06,1.0103219904652472
0.0228469638343674,0.0124559320777796,0.0047891777775066,1.2363170608717233e-05,1.0103712467278252
0.0222461493870963,0.0147553511535892,0.00400104917214,2.488837686593326e-06,1.01042424346128
0.0233596996373817,0.0158245451638685,0.00343141494194,1.054602178820325e-05,1.010331180343225
0.0246564074939972,0.0168433913681096,0.0027890476381792,5.220474772297346e-06,1.0101965456634652
0.0266316055631304,0.0182107477415344,0.0017240621854894,4.750709520652935e-06,1.0099867847844726
0.0259871104204639,0.0173001870997364,0.0024551838515819,5.8423323709981846e-06,1.010055835551367
0.0252783715801437,0.0085736635718624,0.0049264581603782,1.2968432029384027e-05,1.0101296606237573
0.0291219152187718,0.0187893566046225,0.0012045653933429,-4.1061318888977377e-07,1.009697740892899
0.0292201088110479,0.019293764308595,0.0007228806541584965,-2.446358793993975e-07,1.0096872168153137
0.0280019303594982,0.0181726073230456,0.0017558538326535,-3.714575697329821e-06,1.009822030860251
0.0304928392017769,0.0187871937800773,0.0012065976882129,-5.974584905406753e-07,1.0095422619160572
0.0306117623166385,0.0192935817684546,0.0007223475193501908,-3.040452235571322e-07,1.0095293445356
0.0274974144519802,0.0018579622948996,0.001731341434606,3.6487352006530418e-06,1.009954747505868
0.0267932074692889,0.0028097510329313,0.0024820075953564,1.2162040601433372e-05,1.010031837978347
0.026637030742719,0.0041110517558986,0.00332553887155,1.8782398767603665e-05,1.010034687343223
0.0259717176823363,0.0060610797639128,0.0043721318813393,2.000240961418836e-06,1.010160046759614
0.0293233307644269,0.0011872858941075,0.001138913285099,3.298993634520378e-06,1.0097711528813225
0.0305560778358153,0.0006790278372278022,0.0006662359063524756,-5.319222982550688e-08,1.0096626434189722
0.0290183577466315,0.0018272754875499,0.0016967593870177,6.982030570692571e-06,1.0098084983809994
0.0247116403363248,0.0114242766886294,0.0049492077844359,8.01623019139394e-06,1.0101904110792277
0.0239108380225368,0.0137647647899655,0.0044231621597495,9.03678182172782e-06,1.0102450017512334
0.0247565239064816,0.0153756486304792,0.0036626243275362,2.837610341263909e-06,1.0101625057432488
0.0260817321976725,0.015946780847388,0.0033598469875953,4.634437348994767e-06,1.0100432528797076
0.027390169809995,0.0170153030128014,0.0026700264609376,-4.6323815950940085e-07,1.0098871214347354
0.0266240001803908,0.0102441384460116,0.0050484028402458,3.524602565297431e-06,1.0100287283195348
0.0270451637042224,0.0069772802139925,0.0046665870119336,1.2970590571270645e-05,1.0099804485424746
0.0294144990998556,0.0181955275163816,0.0017349954422583,5.501422208606133e-07,1.0096649350953557
0.028750561394954,0.0173565539451255,0.0024130650459714,-3.6931881799411113e-06,1.0097365834255956
0.0318535872440876,0.0187885314013119,0.0012061483840453,2.0257793985210656e-06,1.009392856625248
0.0320034596395466,0.0192959408162765,0.000721034036308429,7.964399782510452e-07,1.009378146648516
0.0307576971222715,0.018180987407826,0.0017475366908999,-1.1835662879302408e-06,1.009515530014401
0.0332679551420995,0.0187980020056427,0.0012019426821892,8.443597323900036e-07,1.00923685178274
0.0333951360974243,0.0193006166204289,0.000718759731660052,2.626126840572092e-07,1.0092226392484156
0.0282470963363823,0.003103830739831,0.0026879116161,1.5630691960875325e-05,1.0098812671040502
0.0278741084828941,0.0049693728683448,0.0038338252359279,4.734564310858007e-06,1.0099389744626672
0.030745050562468,0.0011780287102069,0.0011287636080688,1.9170831335933404e-07,1.0096476834082828
0.0319445665332013,0.0006755021748277462,0.0006609206295795074,1.4010984061876476e-06,1.009526582150303
0.0305054564376379,0.0017725758623676,0.0016490085854401,1.182881094721914e-06,1.0096720598549336
0.0297841466132708,0.0026724162437056,0.0023668599275248,6.577731904712408e-07,1.0097487953997948
0.0320927315758705,0.0011696883839457,0.0011156488327034,3.906875628421195e-06,1.0095123502351784
0.033333121776598,0.000677481137873671,0.000657008801287557,1.433322642077257e-06,1.009400954175146
0.0262369874751577,0.0136553216011898,0.0044955231363736,2.1697502700743885e-05,1.010009338835621
0.0274629473064982,0.015476754674447,0.0036145073637919,-3.6288932795381183e-06,1.009876292677114
0.0288137979117188,0.0161544666056935,0.0032383078296904,-5.102551570421908e-06,1.0097197139397782
0.0278868976229848,0.0112407311329148,0.0049621899275432,1.6261902676109996e-05,1.0098645815529184
0.0284263470019233,0.0084059218741131,0.0049228872294876,4.869903803722629e-06,1.0098345398899309
0.0291257829665572,0.0061474434445889,0.0043795272281802,3.650425544881119e-06,1.0098242770029775
0.0301582233189663,0.0170426102215373,0.002651121618284,1.3559672116655125e-06,1.0095836982170636
0.0346720562583948,0.0188046977226237,0.0011970045161679,2.0071591689309735e-07,1.009080953851825
0.0347868320349712,0.0193066998743693,0.0007130189421453971,-1.58256189429724e-07,1.0090707149719809
0.0360255727560917,0.0187964171430155,0.0012065798725159,1.0744917126348985e-06,1.0089357104847474
0.0361787134872392,0.019314418279585,0.0007055295599484156,4.81992547724515e-07,1.0089220027215016
0.0321461862632326,0.0181892569356361,0.0017452226414916,5.2511337938801296e-06,1.00936134303557
0.0315106836950425,0.0174147209477652,0.0023753596768848,7.920042242456732e-06,1.0094343461488655
0.0335366968886804,0.0182025362147227,0.0017400765204627,1.2179776512070053e-06,1.00920876635368
0.0299068299069902,0.0040919980283414,0.0033388471374857,1.7008177390005291e-06,1.009733213795453
0.0318941366330763,0.0017893614213191,0.0016565162528994,7.164755776312702e-06,1.0095321677909406
0.0312034589489728,0.0027699733240332,0.0024386534660607,1.1016910995304737e-05,1.009593430298711
0.0335262782728962,0.0011424269959127,0.0010837978701133,2.810505809299114e-06,1.00938584897828
0.0347219536204879,0.0006814229198111671,0.0006582310490080754,1.6578410017237014e-08,1.0092887713821466
0.0332046334712549,0.0017136478204963,0.001584890208075,6.564738041245761e-06,1.0094165876279635
0.0371187206682431,0.0187962103105404,0.0012111687586525,5.278439521232952e-06,1.0088180524770924
0.0375708722003638,0.0193272690466245,0.0006980369314904507,2.2437271971709267e-06,1.0087754392192785
0.0287834120674988,0.0141191468904078,0.0043391990282695,2.498370795102445e-05,1.0098121190754814
0.0303702912540454,0.0154575199007611,0.0036852179124087,2.600812316947381e-05,1.0095768917761114
0.0295966060327265,0.0111285865889147,0.0049685912345432,3.325752488149631e-05,1.0096586003010792
0.0300379373720649,0.0079946720484058,0.0048845909730304,1.216182638041459e-06,1.0096686056083934
0.0309940321246342,0.0057460324894049,0.0042139920076886,8.761687117051475e-06,1.009601356255084
0.0317059141259464,0.0162687402763788,0.003199260061101,1.7086445079129458e-05,1.0094220548432669
0.034929499184577,0.0182075798106919,0.0017366634896274,1.2743074013457274e-06,1.0090466774388158
0.0363804612222838,0.0182121702593469,0.0017363872618297,3.8995831700466246e-06,1.0089005732910803
0.0329422730609475,0.0171681628153065,0.0025798782311738,8.603573432274975e-06,1.009275609180618
0.034314360278582,0.0174632147932393,0.0023533848218954,8.100156255806711e-07,1.0091103960685175
0.0319960897342221,0.0037755909986115,0.0031439110729786,1.8214963416587768e-05,1.0095338105471472
0.0327235968139336,0.0026052294588188,0.0023056168551563,1.2382651879334329e-05,1.009459940081131
0.0349306095096206,0.0011374046037637,0.001077816586084,-6.974112246080921e-08,1.009274171194388
0.0361109561261703,0.00068339879093356,0.0006601838228652557,1.062383513330361e-08,1.0091764685912548
0.0345145451522026,0.0017923201545694,0.0016494363706044,3.1062633490580773e-07,1.0093080551920883
0.0340029758517774,0.0023906511344189,0.0021390392258644,1.796173894543491e-06,1.0093622354607463
0.038521880449609,0.0188724496566664,0.0011546020374279,8.828634108499205e-06,1.0086710499022655
0.0389630751305461,0.0193487902001934,0.0006884485016908417,3.642189869871115e-06,1.00862413658702
0.0376615153797409,0.0182166172121251,0.0017485575489827,1.5927885079453435e-05,1.008764261152483
0.0401187543016713,0.0188912285791483,0.0011574602592326,8.62850655100359e-06,1.008474252950729
0.0403438853352171,0.0193790646560421,0.0006702981706284902,3.1381026330979045e-06,1.0084478661325589
0.0308921293832603,0.0134625386359146,0.0045311745740736,-2.1644607691748607e-06,1.0094958623348531
0.0320617726514349,0.0147077113811945,0.0040487699603059,5.904966142755896e-06,1.009343422922789
0.0315529127486272,0.0115485089517321,0.0049216164069939,3.733862068561618e-05,1.0095025595271725
0.0318672455953592,0.0075486285654701,0.0048265276492057,2.17432596819108e-05,1.0095032232830197
0.0329989610722465,0.0050413471607155,0.0039085102527202,-7.463089552993113e-06,1.009478443564974
0.0331922407752419,0.0158217163917084,0.0034699619203992,1.0506247599389504e-05,1.009244474444985
0.0370189552287693,0.0175463167861836,0.0023068612072101,2.256030738703057e-05,1.008843687402062
0.0357554097921546,0.0172060272149305,0.0025620045557501,5.991234052036072e-06,1.0089618872130983
0.0344704824447143,0.0164429879120863,0.003100139653166,1.5645870398004162e-06,1.009083829864377
0.0339522632646225,0.0036162230842535,0.0030480944041477,-2.2437757674962303e-06,1.009378105453559
0.0363173306385353,0.0011756308985661,0.0011113397973495,5.647673715399163e-07,1.0091597434606865
0.0374999354102853,0.000683741429362026,0.0006591371698467753,4.709179105951434e-07,1.0090549313293742
0.0359957072968664,0.0018153208772126,0.0016676421159613,1.2981396839438592e-06,1.009184150590296
0.0352026216879633,0.0026237174058441,0.0023232584354833,1.1965091078361047e-06,1.0092460431129469
0.0414549906213859,0.0189450944597921,0.00112073957964,6.301436356919887e-06,1.0082814330389265
0.0417090416970478,0.019416234379804,0.0006417196287755784,2.045399322398865e-06,1.0082482642526174
0.0388916807785021,0.0182688927043964,0.0017232868246885,1.836533142473822e-05,1.0086229740756565
0.0381551417801516,0.0173602181122217,0.0024839220324329,3.332180875001648e-05,1.0087123216764502
0.0403185794950843,0.0182763522619115,0.0017344699883828,1.6268041269727867e-05,1.008438662214022
0.0328074190863507,0.0125136063772561,0.004849325972025,2.1362682566118887e-05,1.0093629969578155
0.0336162426023365,0.0140417026332876,0.0043548850495557,6.092978430134179e-05,1.0092811041160377
0.033595654157398,0.0080300087256106,0.0048966355926617,3.217317186404433e-05,1.0092970226535594
0.0348439463632877,0.005118695393457,0.0039261988914987,2.16783126744561e-05,1.0092473350206144
0.034877745743419,0.0147035441879809,0.004130346676932,3.605053389744419e-05,1.0090723227087484
0.0372124305257124,0.0165536987480587,0.0030827610434977,4.5194154757219865e-05,1.0088594794846557
0.0361162248869212,0.0157625820786031,0.0035951338980106,3.789919260325017e-05,1.0089904654702282
0.0473864688348129,0.0193972524897966,0.0007246527212937904,8.184476159208533e-06,1.0073343179661889
0.047587939608094,0.0196852093257043,0.0003906226492712256,2.61308264607761e-06,1.0073066342770731
0.0468904015592566,0.0196401109150792,0.000433627992635763,2.7882997929089245e-06,1.0074355192226945
0.0480275812419055,0.0194359673575722,0.0006977590807035732,9.277238274802029e-06,1.007201735572828
0.0482012944632059,0.0197288065374762,0.0003466554035664541,2.811518692459466e-06,1.0071683817778552
0.0358919158780609,0.0037715319713035,0.0031378308701049,1.5654254525945428e-05,1.0091750405932407
0.0376578517593015,0.0011846063961558,0.0011163142356146,1.2358960375701754e-06,1.0090410972109092
0.0388889539918435,0.0006847000720071276,0.0006591351249458921,6.328136371697162e-08,1.0089424373489535
0.0374999240595316,0.0017912674914389,0.0016418821091443,2.6914234771707645e-06,1.009057346284254
0.0367777540779568,0.0026874993955235,0.0023625448869967,7.72413598598931e-06,1.009112358392798
0.039061928782535,0.0011710454410974,0.0011029245713069,6.625327528324888e-07,1.0089279894988925
0.0402782202810779,0.000684585193084086,0.0006554494151822859,2.072253327059289e-06,1.0088173065210322
0.0467235336912985,0.0193473039846115,0.0007656601119671995,7.429132491596938e-06,1.0074551467419963
0.0460973891296622,0.0195929912398387,0.0004788297297173581,2.080331867844827e-06,1.0075703671406664
0.0458866152978557,0.0192229690428739,0.0008864429193382735,6.425858789532739e-06,1.007600375785496
0.0451957785849679,0.0195463145369604,0.0005233697363310147,2.09367305192246e-06,1.0077173590131707
0.0427351707324509,0.0190312316927453,0.0010479766624905,4.882427422171839e-06,1.008093471159475
0.0430061249887639,0.019457936106943,0.000605135264382115,1.656572450525986e-06,1.0080547149637942
0.0439599626764098,0.019161254498734,0.00092716550566859,4.533227960406744e-06,1.0079050245083043
0.0441709285466266,0.0195021253219517,0.0005646718518974351,1.8068376446920456e-06,1.0078770121175835
0.0450148435244149,0.0192109566251228,0.000886810683950226,5.336284656049312e-06,1.0077405148785077
0.0417127057255437,0.0183370755799193,0.0016988097108514,1.3123025323407052e-05,1.008242276031294
0.0395126351299763,0.0173156792659585,0.0025297719150206,2.754792525933359e-05,1.008533667855957
0.0386352783179307,0.0162573321299555,0.0032737511553812,2.9244785829605414e-05,1.0086334722264705
0.0410475504948947,0.0172833577544928,0.0025696946409635,2.909939628441989e-05,1.008341390848164
0.0350476751188129,0.0115216572191995,0.0049362659337479,2.965104129404197e-05,1.0090802053885355
0.0358397373786768,0.0077248098463946,0.0048253276216735,3.7185858191684624e-05,1.009175816066058
0.0367559064011248,0.0052163073217076,0.0039566694270894,3.560483063411228e-05,1.0090967199682928
0.0366437116961003,0.0133047380812053,0.0046056021055102,3.506841272262669e-05,1.0088567924637883
0.037741594323325,0.0149402517677131,0.0039918649143767,3.937869968405426e-05,1.0087650854199357
0.0391515499236988,0.0148706399030244,0.0040174903448075,3.343183423946747e-05,1.0085846432770402
0.0469984326854049,0.0189299465864179,0.001222742717852,1.9776091229880643e-05,1.007404229049964
0.0484916107890289,0.0195027477508546,0.0006328616228316798,8.54008992057505e-06,1.007092749192167
0.0487410661072546,0.019764378719098,0.00031330294135872426,2.2611474612612334e-06,1.0070804639345363
0.0489907507103118,0.0195562566811925,0.0005871652187032064,1.199236076892758e-05,1.0069742097002523
0.0476463354568851,0.0190540119345218,0.0011136592380323,2.059461525622504e-05,1.0072742335004623
0.0482408745560619,0.0191599138187357,0.0010212944503381,2.0672615021600414e-05,1.0071385778207598
0.0492174798582234,0.0197859165548973,0.0002916214132577833,3.360983767370843e-06,1.0068513656141254
0.0494309541362493,0.0196177628755985,0.0005345516708482535,1.6810907837104204e-05,1.0068170476409335
0.0375781145370475,0.0039212304296225,0.0032230456306269,1.547499781939468e-05,1.0090552881360966
0.038832736154327,0.0017928465006675,0.0016412490944433,1.969388860073522e-06,1.0089523618522718
0.0382712006262477,0.0027340268595895,0.0023916209492701,4.0951090959774045e-06,1.0090012788263396
0.0404632010820633,0.0011556754032151,0.0010810272028411,5.428576709238348e-06,1.008801767131155
0.041667765730324,0.0006794904513103695,0.0006425625058322508,2.130957783131176e-06,1.0087062035023917
0.0401194764422106,0.0018483615115977,0.0016783984489609,1.0560562169009703e-05,1.0088297122610266
0.046131955019485,0.0188636564289174,0.0012677002665092,1.5035272376954522e-05,1.0075495112744093
0.0453352410187463,0.0186692434058018,0.0014429263377235,1.473813012083231e-05,1.0076888457495772
0.0430004021508743,0.0185049920400281,0.0015619047299634,1.1092272812397838e-05,1.0080495192494623
0.0442232620636349,0.0186117641755732,0.0014791800707572,1.219872347348512e-05,1.0078646405985558
0.0424740648362533,0.0174785295164487,0.0024381868687056,2.430521831275124e-05,1.0081314959299037
0.0404335942621602,0.0159877552208068,0.0034583766315713,3.9405824280476665e-05,1.0084461008355765
0.0419918521621782,0.0160361732640269,0.0034403475408584,3.8558457768827374e-05,1.0082271486092098
0.0372028606062434,0.0103286802861622,0.004954306765581,3.338801372340663e-05,1.008903289699921
0.0375164593339424,0.0075636184286296,0.0047672769996362,5.722369723188258e-05,1.009022609475038
0.0384328122984035,0.0058389599050265,0.0042285350910643,3.010596464213791e-05,1.008970354209725
0.0387689759891424,0.012571068605216,0.0047948136867049,3.709430074823471e-05,1.0086473543869978
0.0401996797197411,0.0139432845149223,0.0044015046402356,6.55380134479211e-05,1.0085208651779192
0.0473693758290836,0.0185561531172447,0.0016153231081282,3.713104604469429e-05,1.0073293394790108
0.0467329272808644,0.0183613015634156,0.001777584597371,3.53880299286558e-05,1.007454172904146
0.0487927239233278,0.0192360877716475,0.000961806790862718,2.471472782603397e-05,1.0069984628986033
0.0492764489867424,0.019323775937053,0.0008918295750230113,3.6480885747446766e-05,1.006858054081398
0.0480350421767326,0.0187051982273749,0.0014936903197622,3.916405353915516e-05,1.0071840059900767
0.0486081089414714,0.0188498624351277,0.0013739895817986,4.189132577518632e-05,1.0070340916334672
0.0479039336419508,0.0182795010598292,0.0018972286908209,5.600898940759915e-05,1.007214865370078
0.0496430599989389,0.0197930498129507,0.00032112548335980966,1.3157394209875609e-05,1.0071757734930864
0.0391937637070886,0.0041459029955229,0.0033413821609537,2.011719087800874e-05,1.0089000266662893
0.0397172336923703,0.0027933430352891,0.0024250423753684,1.6295572851106526e-05,1.0088688973041078
0.041884262160715,0.0011467702031599,0.0010616815222752,5.099954415632006e-06,1.0086933653730763
0.0430574527390991,0.0006672676262713816,0.0006245631446682044,1.393519199213746e-06,1.0086021491731296
0.0415791275917484,0.0017841142992587,0.0016100962838699,1.1112203045944703e-05,1.0087137836825386
0.040910145765963,0.0026004812449791,0.002267702196325,2.179214652190089e-05,1.0087612014249523
0.0458733552275772,0.0181546562052426,0.0019410855224026,3.165438042310666e-05,1.0076016599140374
0.0449272276389333,0.0179175510842838,0.0021248301977073,2.824169895514696e-05,1.00775543362628
0.0438006167404056,0.0176805890713091,0.0022981192881916,2.7577122961505405e-05,1.007939132402586
0.0434443220464447,0.0163661566995036,0.0032534484391259,4.926240090112164e-05,1.008021362558967
0.0415350344565347,0.0141971614693886,0.0043269291089615,6.078272162980972e-05,1.0082927749028
0.0431083827619909,0.0147416200009897,0.0041216276299318,6.934728143574192e-05,1.008130720720738
0.0393509799852636,0.0087093347838572,0.0049515903533348,6.035363561345697e-05,1.0087920203908431
0.0401981418178683,0.0057899199877392,0.0041874196724943,5.897723385276201e-05,1.0087946713541118
0.0410971243687041,0.0116205197643681,0.0049204028344814,6.955317792579397e-05,1.008467745716943
0.0466381273630764,0.0175282271873421,0.0024964332914694,6.346142614841658e-05,1.007485716188942
0.0474526083915661,0.017848841348671,0.0022624420808711,6.493135598618482e-05,1.0073267822372818
0.0491435976752202,0.0189753600956272,0.0012746797468648,5.550641591757092e-05,1.006885353421865
0.0484416246349428,0.0183317469987901,0.0018742751283978,6.372635711985069e-05,1.00707752060005
0.0490078076430776,0.0184688090241358,0.0017747927965647,7.925285386243816e-05,1.0069415905102015
0.0482008914221287,0.017715332063701,0.0023972785779165,8.31989722373203e-05,1.0071665869092998
0.0432444115331429,0.0011694943665929,0.0010716249762049,4.124636512306257e-06,1.0085911945321302
0.044446942659665,0.0006455663750900897,0.0005993269625011427,1.5219546379718014e-06,1.0085026446158694
0.04097816223431,0.0038986469691693,0.0031772986726544,4.004638373389624e-05,1.0087421853603131
0.0430414243145637,0.0017815572028587,0.001592542028027,8.64244938821399e-06,1.0086101264688745
0.0421889471711914,0.0028445896773864,0.0024337284723716,2.303272322342229e-05,1.008664557793308
0.0457951742105223,0.0171026724989575,0.0028021466854355,6.0044575910274497e-05,1.0076327879641598
0.0447614559606514,0.0166891134351727,0.0030654852685568,5.556138762988144e-05,1.007812481537871
0.0418633712974833,0.0055365653441417,0.0040553177462131,5.995175044903616e-05,1.0086853702308265
0.0445329984797689,0.0152209431429391,0.0039171290921156,8.376810128237729e-05,1.0079020822022382
0.0429200210975733,0.012784435733855,0.0047207589018324,9.081944459330762e-05,1.0081945274356217
0.0443027222383505,0.0136134553992429,0.0045249724779516,9.5614889963357e-05,1.0080015924414811
0.0418406670249202,0.008076948280372,0.0048535106844967,7.735249894004892e-05,1.008603486745434
0.0431106955077368,0.0106813182497005,0.0049494011921486,7.711403441396309e-05,1.0082731195061478
0.0473235673449859,0.0170670239246121,0.0028631431089608,8.80176868278239e-05,1.0073760693507676
0.0468123476244911,0.0165414994034988,0.0032084830315662,9.215793166455137e-05,1.0074928320398902
0.0479959927158853,0.0170823331577924,0.0028728334265785,9.996132873515586e-05,1.0072322956310191
0.0488603943170699,0.0178525850639685,0.0023112735626514,0.00010087261361996284,1.007021947329397
0.0487655328030296,0.0170998445938494,0.0028818861801424,0.0001220713752854217,1.0071157566819124
0.0446924945662305,0.0011265989082408,0.0010246997627271,4.5685008393637606e-06,1.008488503430715
0.0458357613978143,0.0006175315271680188,0.0005661822875494493,2.458236263003444e-06,1.008406975330998
0.0444811394675306,0.0017351384928826,0.0015431213704368,9.859677613125904e-06,1.0085109146021944
0.0428671129342135,0.0042846909922157,0.0033991598598759,3.937432194520672e-05,1.008630911197633
0.0438070878311038,0.0029772512824895,0.002512695341103,1.90497946449756e-05,1.0085608694730297
0.0459494634400729,0.0156402134445895,0.0037330167880516,9.392950162628282e-05,1.007678531609219
0.0434741794152202,0.0063986046138652,0.0043727560125355,6.58551988743046e-05,1.0085404771203452
0.045577058107524,0.0140167694540692,0.0044087060303883,0.0001052468928413106,1.0078167492400858
0.0443661672521231,0.0118525395194402,0.0048564439143314,9.255226845021112e-05,1.0080573254683738
0.0453580505257521,0.0126905948657232,0.0047224697370376,0.00010689162544510416,1.0079058020601834
0.0441213268749287,0.0089144343772147,0.0049269705310305,0.00011871420951989718,1.0083872241221294
0.0446127648008273,0.0105783297711793,0.0049552854950147,0.00010507479808505264,1.008184937109332
0.0477809871999978,0.016187712129906,0.0034433780844578,0.00011610300529965962,1.0073423739073737
0.0473022628678125,0.0153618204042541,0.0038846216879663,0.00011733416782920205,1.0075106815536226
0.0486373038705654,0.0162597499846904,0.0034198031580289,0.00013959920982264314,1.007221501283684
0.0461548189494923,0.0010693288122235,0.0009608590086386932,6.718476177187243e-06,1.0083891630295432
0.0472238883749609,0.0005942129889623559,0.0005352668655181723,2.181881436879878e-06,1.0083256054659746
0.0458213527314044,0.0016841553570771,0.0014848184997923,1.4452970773920104e-05,1.0084146298314831
0.0454038976589816,0.0028482148324933,0.0024008971962991,3.1264217794797534e-05,1.0084491410450973
0.0448703666965906,0.0045403367209328,0.0035200847845596,5.0012727058462245e-05,1.0084740597438968
0.0469152677332196,0.014191981277512,0.0043578525363689,0.00012738498838424776,1.0076413870098946
0.0452633954870116,0.007032311362195,0.004541120303289,9.712163697747274e-05,1.0083402346450876
0.0465925696300225,0.0128748491411881,0.0046968730846351,0.00012603729941380618,1.007775787340328
0.0459199865529019,0.0114360787204205,0.0049150777554476,0.00012305507202616436,1.0079875048244793
0.0457765186628496,0.0095966322935201,0.004987266386568,0.00013252820276329552,1.008190290668158
0.0483681207098509,0.015351272204596,0.0039022428050643,0.00014618285256125677,1.007372209372827
0.0481225642300558,0.0143698676361057,0.0043043832418159,0.0001509143551710543,1.007513591467058
0.0475430776983669,0.0010225397954362,0.0009063326107989124,5.136367792006895e-06,1.0083144257442855
0.0486116503999886,0.0005816275682460643,0.0005174760385025799,7.832083706762915e-07,1.0082606429704593
0.0472036232921371,0.0017336513676231,0.0015076386183956,1.3228276336354831e-05,1.0083308602000816
0.046688366802467,0.0024786274991005,0.0021048740232631,2.243417362533112e-05,1.008366952161857
0.0467550724247932,0.0036737796424772,0.0029590764653066,3.856114259767537e-05,1.0083770888507246
0.0467918024236493,0.0057675987559771,0.0040692530166041,8.568839965798112e-05,1.0083073152292352
0.0478515653699875,0.0132366906453427,0.0046251936318595,0.00015216619259901767,1.0076419362324285
0.0470800372254773,0.0084353240716831,0.0048278011353173,0.00014266474949582456,1.008165742948895
0.0475613774157662,0.0118834532341755,0.0048719585984425,0.00015582596526634307,1.007819036920082
0.0472674916009008,0.0104273506378421,0.004991116472309,0.00015838536001645443,1.0080043082287864
0.0502286463574477,0.0203620171108765,2.040435002629687e-05,-3.1460208656246293e-05,1.005377156731944
0.0503790001300046,0.0201827321237787,9.735775159745044e-05,2.3723845788844706e-05,1.005445092597794
0.0504325499233516,0.0206075291793232,1.9199259376158765e-05,-8.21519772533541e-05,1.0061295680310145
0.0502523308971257,0.0208010045144128,3.698765586398678e-07,-7.913813435511795e-05,1.0062651323973495
0.0505866458158281,0.0200020264597819,0.000296486074133687,0.00010040489207869116,1.006069002888647
0.0506570018980547,0.0203415893240095,0.0001224689172822449,-1.2644365324370687e-05,1.006103300349119
0.0504615447020484,0.0211462551872258,1.3143336761907976e-06,-0.00011406825066118078,1.006414541224259
0.0502817655811849,0.021294766179041,-1.5971761493730989e-06,-8.245584339627224e-05,1.006455274693422
0.0507139023667582,0.020796808531822,3.812908481265933e-05,-0.0001029524290019766,1.0063520573253146
0.050548456552729,0.021688988482306,-2.9317136443769726e-06,-0.0001349535076314688,1.006642618061634
0.0503155804749662,0.0218557602905786,-1.7266330540043812e-06,-8.87331961751134e-05,1.0066955497746612
0.0506971581350711,0.0196697606451172,0.0006238628797904051,0.00018082542290906052,1.006292463357546
0.0507903689076765,0.0192481180344758,0.0010677215762771,0.00022150049886828735,1.0065147277149895
0.0508745798392569,0.0200189237867573,0.0003675098719111508,9.308646139211804e-05,1.0063362345182616
0.050997617226692,0.0204598072160224,0.00017135281502783596,-2.602509879816162e-05,1.006406747212745
0.0508093822007514,0.021303422612444,1.1725233435063968e-05,-0.0001520310223634866,1.00654045859761
0.0511623625234199,0.0209131772280738,8.906209925495653e-05,-0.00011127670551155282,1.0065416690659557
0.0508869967480267,0.0187946805531133,0.0015177108458334,0.00023613156629331245,1.0066497178497489
0.0508638437751841,0.0218359747539398,-2.0617862336428407e-06,-0.00017519235066777283,1.0067130247275229
0.0505839787286592,0.0223432002245372,-5.087411444481994e-06,-0.00013685671530788265,1.00680833055317
0.0503540993834978,0.0224945543280437,-2.5713777364531717e-06,-9.02287531695566e-05,1.0068404493214052
0.0509894229357834,0.0182758106571064,0.0019912704624675,0.0002413988781420881,1.0067587995312188
0.0510787472613724,0.0195672044565676,0.0007844954601597529,0.0001864408282497504,1.00650791893839
0.0512185812524093,0.0190905663598024,0.0012465453240861,0.00023278645145830725,1.0066475691497665
0.0513180240978271,0.0200089501710499,0.0004856025174059956,9.178764315902728e-05,1.006555364988584
0.0515401864598039,0.0205173301640577,0.0002757965792104618,-2.172471984853746e-05,1.0066282176797037
0.0512131299353033,0.0213853656989464,3.703490684928077e-05,-0.00016763861506084355,1.0066638521302902
0.0516999569512107,0.0210163291451505,0.00015436498622708471,-0.00011259922872466804,1.0067138243291431
0.0514090435703318,0.0186302097262001,0.0016787686005786,0.00025272285689735763,1.0067570214152477
0.0506776300785338,0.0230891078264144,-6.811383695379035e-06,-0.00014372517674334366,1.0069361016484046
0.0503975664854625,0.0232229138770067,-2.790207902816886e-06,-9.09867593395582e-05,1.0069604359219306
0.0513244751544892,0.0219412087427819,9.413130744552555e-06,-0.00020598610629898596,1.0067875208286046
0.0510000693487125,0.0225003167447448,-8.280905977183792e-06,-0.00019312534159468157,1.006848916792488
0.0511276200558152,0.0176557275457213,0.0025029544844214,0.00024419874467823845,1.0068657697369787
0.0515798697719156,0.0180864458689569,0.0021524764138245,0.00026260056564498136,1.0068477382953287
0.0512819998586362,0.0169667969811299,0.0030031820664752,0.0002475022851713336,1.0069675866134238
0.0515704301550313,0.0194055993707038,0.0009972431898483125,0.00019549378115600135,1.0066975286309188
0.0517320779269393,0.0189730201909689,0.0013895623659252,0.00023527078533018848,1.0067684957671137
0.051985330786188,0.0200914746936803,0.0005790918225281693,6.961382952885117e-05,1.0067500535454037
0.05191245835939,0.0196613303479128,0.000849771408763823,0.00015148390581774769,1.0067470139049746
0.0521870409622539,0.0205299180551649,0.0004003128370627862,-1.2532229749273616e-05,1.0067996870633034
0.0518699047384503,0.0214521388800939,9.738900730369398e-05,-0.000168090910474831,1.0067964883343787
0.0524202482289442,0.0209993997096745,0.0002749039430032334,-8.814693814143134e-05,1.0068546737228077
0.0519794838055371,0.018547474501014,0.0017685833956933,0.0002585988408860156,1.0068573719273284
0.0520942742880118,0.0220389553337528,4.860659788555436e-05,-0.000218934954248844,1.0068870683347544
0.0507553903593809,0.0239405394695891,-7.349093126532811e-06,-0.00014309282460647465,1.0070350324755404
0.0504467042449106,0.0240535647106593,-2.9869927624964936e-06,-9.02172073744695e-05,1.00705252266446
0.0510319901360411,0.023167636854696,-1.1329408733982084e-05,-0.00019260530457742515,1.0069534147780816
0.0515184982193678,0.0226247720660995,-6.244899899088829e-06,-0.00023396397331260863,1.006900082142481
0.0513942579947049,0.0005950910058609095,0.0005167648024575218,2.46741274124655e-06,1.0081206884945528
0.0517453324301305,0.0010374252639517,0.000885159288594774,6.914177397760051e-06,1.0081095188281326
0.0527890075847729,0.0006140423313223668,0.0005210257573210647,3.224793807100391e-06,1.0080546167276256
0.0518374618494982,0.0174570588913598,0.0026512231214584,0.00027045835512180604,1.0069407816242943
0.0522734671275191,0.0179949442752745,0.0022357265052057,0.0002779713897913089,1.0069360014610662
0.0514743162436531,0.016202352407223,0.0034803582993606,0.00025248662908186826,1.007074603555056
0.0521196886752197,0.0167154257428681,0.0031655491235917,0.0002763731326489807,1.007038765864328
0.051683480647864,0.0153411245191443,0.0039224059636032,0.0002557361399043511,1.0071852047449033
0.0526095796407045,0.0200901112253715,0.0006931002799048801,7.066366329220402e-05,1.0068888961570368
0.052282681325943,0.0191567544549303,0.0012852096579676,0.00021118590939267856,1.006860337904975
0.052431715406835,0.019638664277142,0.0009462175139996172,0.00014681219308731224,1.0068793648104817
0.0529142178355935,0.0204457411557023,0.0005641650380932172,1.1766416382895476e-05,1.0069326882685978
0.0526852110455746,0.0214294942720136,0.00020203428086040115,-0.00014199675500647352,1.0069189165077883
0.0532318106378214,0.0208151563155528,0.0004616551001659492,-4.089900911612673e-05,1.006980215751643
0.0526972612967074,0.0185688860234465,0.0017908896808098,0.0002549424639325822,1.0069449798475745
0.051229741771878,0.0387823167707431,-5.333226480160748e-07,-5.637653723068618e-07,1.007339510223736
0.0506156251781624,0.039382060231061,2.3512856076659378e-07,2.2083148539115202e-07,1.0073396838423063
0.0506083539431235,0.038402268136921,-3.0388873049725853e-07,1.023472214974432e-07,1.0073429441144286
0.0515851066919079,0.0393747889960221,6.494193455829715e-08,-2.804815153151203e-07,1.0073366528482026
0.0530254266445599,0.0220197672888645,0.00012960770375987832,-0.00019834728774829977,1.0069780869606726
0.0523585029972751,0.0226992284771836,1.594305923519239e-05,-0.00025578321779414235,1.0069679745678928
0.0508076485751961,0.0248625935322627,-7.349575737417808e-06,-0.00013643188506625703,1.0071114344765126
0.0504995118770529,0.0250013572204016,-3.0269255592358917e-06,-8.862544075947471e-05,1.0071285541046993
0.0511798749057554,0.0240241999493905,-1.4141211742390996e-05,-0.0001976469301546692,1.0070434055414854
0.0517076516050871,0.0233710941258018,-1.6515972500732725e-05,-0.0002500549303674807,1.0069915517607078
0.0529873569279336,0.0009428885884563014,0.0007903361262025318,7.0573413431265255e-06,1.0080510997138858
0.054184362123208,0.000632000166521699,0.0005227211880532208,2.771565906929249e-06,1.0080067126205383
0.0527598555031534,0.0014984509592758,0.001240969089586,1.724762229283786e-05,1.00806702686304
0.0543683601377251,0.0010933712447956,0.0008928484912349563,7.497611884916758e-06,1.0080052688173036
0.0555799409883418,0.0006465259099120262,0.0005231453234127165,2.919858161924279e-06,1.0079616405310503
0.0557221830167169,0.001145535223919,0.000914184719263672,9.11411844141792e-06,1.0079630744708763
0.0569755281490717,0.0006579549264417361,0.000517488928414301,4.212733004066907e-06,1.0079104100522778
0.0518991741580342,0.0143474044372559,0.0043184591994971,0.00025836569714180493,1.0073038458166357
0.0526421662596789,0.0173229272944292,0.0027496176640069,0.0002904477912232328,1.0070198600538516
0.0529113126372484,0.0179833426797255,0.0022609080233237,0.0002805038338993789,1.0070022589153549
0.0523773215194965,0.0159441074322898,0.0036182189916031,0.0002785704798513124,1.0071291368056718
0.0530181712255427,0.0166556434003828,0.0031999713709176,0.00029796053993170715,1.0071055639938449
0.0527167817574375,0.0150443575617287,0.0040486760822618,0.00028326197238029145,1.007231001011878
0.0573608173613928,0.0011718043438962,0.000902865939224044,1.293078177167554e-05,1.007903246684096
0.0583710592761253,0.000667446111851575,0.0005077161252841467,4.319722359651004e-06,1.0078683856893846
0.0530501335342827,0.0196653233186178,0.0010190571010044,0.0001329065653223533,1.0069576554180475
0.0532036449942509,0.0200226469555114,0.0008274468462307122,8.008309820278608e-05,1.0069640304482423
0.0530601241496752,0.0191229866306912,0.001395649281125,0.0002030731136017244,1.006970315278788
0.053566051525113,0.0202527934056232,0.0007565813042407503,4.805457391729267e-05,1.0070113816650623
0.0537156865383607,0.0212516765581853,0.0003821932323775581,-8.98396746584936e-05,1.0070246173982211
0.0540123071565835,0.0205781295449066,0.0006704959248555795,7.518872557509006e-06,1.0070520547156636
0.0534887454478,0.0183652759329754,0.0019990341195277,0.000258983217180739,1.0070451269543463
0.0513562658062173,0.0378456323347616,-2.885381179896743e-06,-3.3911188131614584e-06,1.0073421454407867
0.0506158069767183,0.0371238307683091,-9.869426643058443e-07,-2.438222143753112e-06,1.0073481275637135
0.0521762477349739,0.0386808696550087,-3.1644886094597733e-06,-2.4547331148057583e-06,1.0073370728910371
0.0528409562944602,0.0393560209891633,-2.163313623232993e-06,-9.275230120413452e-07,1.0073315180855065
0.0541282750267187,0.0217633090441216,0.00029328282845502503,-0.00013869741034458808,1.0070697729370213
0.0534236006521529,0.0226492608594303,7.818050160045567e-05,-0.00023899082666014863,1.0070384835485735
0.0526662342895523,0.0234501483348039,-8.359633425957606e-06,-0.00028107794886270745,1.0070389570316294
0.0509325579298194,0.0259211305020844,-8.601968318648254e-06,-0.0001357599927798197,1.0071751267392293
0.0505480665837502,0.0260829126606741,-3.256007192547896e-06,-8.377434187204982e-05,1.007191117682576
0.0513426889858465,0.0250047262530261,-1.6603866150348893e-05,-0.00019835915126340548,1.007118302552555
0.0519186648291439,0.0242335194256339,-2.4523608868041552e-05,-0.00025821519850049665,1.0070692082430668
0.0528407564166506,0.002334436789908,0.0018822250137675,3.668061355691436e-05,1.0080652901291811
0.0540479872759892,0.0016474692456009,0.0013336148091581,1.696365434036596e-05,1.008024268463683
0.0554738420512165,0.0017793193772113,0.0014030603472069,2.1815712341109785e-05,1.0079792047405396
0.0521405193106358,0.0132185726946805,0.0046439471756979,0.0002622367652067677,1.0074391908180635
0.0524010305526043,0.0119463017808847,0.0048797663981419,0.0002644214271330524,1.0075808440595375
0.0570015016647045,0.0018754368191135,0.0014317561844089,2.905083934289814e-05,1.0079221415288615
0.0530674910320759,0.0140000030907894,0.0044284160167757,0.00028688036208245976,1.0073466126271338
0.053573690633341,0.0174899228423065,0.0026437480893374,0.0002958021132721724,1.0070819464273788
0.0534414276431826,0.0157894884291481,0.0036945418609562,0.0003044903764463912,1.007183429612306
0.0538248176177052,0.0166669464968018,0.003191904087472,0.00031014815761823297,1.0071362927377183
0.0538788000855811,0.0148680578631511,0.0041153529215335,0.00030671185576559563,1.0072772854123848
0.0587780089185015,0.0011367433643843,0.0008510016335091488,1.0917707475702876e-05,1.0078707113968646
0.0597665857498916,0.0006759158878635665,0.0004984432049623407,3.841449233297668e-06,1.0078478898834853
0.0582513868895124,0.0018829568728406,0.0014041503860755,2.7863823779832998e-05,1.007892160537762
0.0602156248197835,0.0012119560821876,0.0008793377594533916,1.1825897827675735e-05,1.0078489734253429
0.0611621639474678,0.0006826299191844986,0.0004874726731739935,4.378929742187608e-06,1.0078251274065544
0.053654132444045,0.0196025155912218,0.0011389609117842,0.00014016354818167446,1.007046500586059
0.0538413284417155,0.0189040667134189,0.0016324784171818,0.0002145317078528229,1.007058604658231
0.0541013660568151,0.020031434016487,0.0009509604440499792,8.503955131682373e-05,1.0070609192035225
0.0546460548446613,0.0209465286147285,0.0006056730381678285,-2.955794592437113e-05,1.0070943306063354
0.0545829434236152,0.020255714525542,0.0008956384902157842,5.906064220760445e-05,1.0070989286244751
0.0543637693185892,0.0182620499348208,0.0021239449724207,0.00025997722440255453,1.0071218247420055
0.055285343838386,0.0213665843663972,0.0005309071713373001,-6.062326174423802e-05,1.007144458044262
0.0513468283190835,0.0364943628551399,-5.810939652879226e-06,-1.16957591829019e-05,1.0073465762174492
0.050625856179646,0.0357449587853095,-1.6825440778492089e-06,-8.059291864583056e-06,1.0073530593374271
0.051405460927841,0.0350595577278008,-8.860557876746326e-06,-2.7003127118180872e-05,1.0073487024990249
0.0506371044209918,0.0343400634840052,-2.3529959479839062e-06,-1.657247354934059e-05,1.0073547552735789
0.0513866599238577,0.0337236989687372,-1.0658016188623396e-05,-4.384012219191545e-05,1.007346867220555
0.0506433557528055,0.0329269715374993,-2.824177597037741e-06,-2.731639765308132e-05,1.0073500549707477
0.0513295966751072,0.0323042578237238,-1.1562168437915924e-05,-6.332718320310901e-05,1.007338402313413
0.0506400149972261,0.031512249456279,-3.190816794761143e-06,-3.9378226331009606e-05,1.0073386443145975
0.0522557568281529,0.0374468693631468,-1.0145544825705906e-05,-1.0547078760569468e-05,1.0073413187046738
0.0536325047226528,0.03859691330188,-1.2611712145446676e-05,-5.820027434698774e-06,1.007330887350083
0.05419878202427,0.03933784925347,-7.493334504785788e-06,-1.5801030732668655e-06,1.0073254437158503
0.0531655049752671,0.0377928469299859,-1.6220929002645452e-05,-1.1787792830300935e-05,1.0073350056507933
0.0546671612510252,0.0223794205395772,0.00021488326273882372,-0.0001807509826316053,1.0071121069091864
0.0538947583239575,0.023382836143534,3.571642435174232e-05,-0.0002694871838523269,1.0070917309931853
0.0530206362319545,0.0243254773100482,-2.855120825455824e-05,-0.0002966537235567132,1.0071013978524557
0.0510310967182662,0.0271223811559648,-9.436185107353906e-06,-0.00012736537136954086,1.0072283575317058
0.0505859039912122,0.0273166297787906,-3.245584152579985e-06,-7.559477912820878e-05,1.007243221625994
0.0515259791517356,0.0260375272780861,-1.9450865046094748e-05,-0.00019596991878430576,1.0071772731441664
0.0521641177167064,0.0252270081392161,-3.142002996871988e-05,-0.0002595597351304516,1.0071349116387738
0.0531336234525788,0.0038715962293386,0.002924912716452,8.508157341710044e-05,1.0080539574186471
0.0544837621211227,0.0028839046455523,0.0022308607510859,4.884360882843e-05,1.0080141152641702
0.0561828992244191,0.003011422147061,0.0022542257683724,6.682964023408121e-05,1.0079528094385293
0.0532823315128593,0.0059219627680044,0.0039280757925683,0.00014903911615316272,1.0079772685824808
0.0530193107096782,0.0085158012838723,0.0047214212485872,0.0002164425331414849,1.0078423291844538
0.052690413177742,0.0104644466264765,0.0049606257117863,0.0002500052645227246,1.0077069827551763
0.0534416813967511,0.0128284077498115,0.0047265065716125,0.0002940617308817908,1.0074750008625026
0.053776909326084,0.0115384964000836,0.0049060334684662,0.0002889262529190769,1.007610415536998
0.0577350850020761,0.0028643381674093,0.0021020960512837,5.757913583649607e-05,1.0079229427331144
0.0543980492497077,0.0137603182491808,0.0045006404681329,0.0003163709440726245,1.007372563036861
0.0546655227982482,0.0172429522438592,0.0028444133599674,0.0003013051954338065,1.007158150825541
0.054686769804876,0.0159321451457599,0.0036180472419852,0.00032119036265598457,1.0072072686462834
0.0549303975959287,0.0147099208089613,0.0041729089535946,0.00033085931602139923,1.0072946662897937
0.0614314228196452,0.0012088904242412,0.0008530984985197074,1.23614624391933e-05,1.0078299941136963
0.0625577316341585,0.0006865381024901908,0.0004746637019941365,3.4593332524929338e-06,1.0078169048909988
0.0595916839091504,0.0019578405094208,0.0014235378406718,2.886248133213357e-05,1.007864142495613
0.0589621927945306,0.0026603658397751,0.0019236541210009,5.041948810971979e-05,1.007888261417652
0.0609890802057344,0.0019543831792427,0.0013791934390231,3.117168366190457e-05,1.0078449705212886
0.0546829235636858,0.0193765890561707,0.001399783842769,0.0001647576952402894,1.007138500158952
0.0553513174973089,0.0202720842645264,0.00098232990057221,6.971676098756732e-05,1.0071645969401863
0.0554243409358846,0.0182756230281323,0.0021845635970852,0.00025960608976363284,1.0071823179037045
0.0551135757796997,0.0386187963170747,-2.509730223906168e-05,-7.050798309364043e-06,1.0073290083492643
0.0555831822118032,0.0393223323334053,-1.4324430283000387e-05,-1.8499097827781213e-06,1.0073236362424252
0.0562135789171958,0.020800680047352,0.0008415855037196275,2.066684206015104e-05,1.0071768735939504
0.0560114895573314,0.0219932862115078,0.0004249282709046237,-0.00010681786806351148,1.007166675662632
0.0511575955528033,0.028454631784859,-1.063461597091576e-05,-0.0001174335189188345,1.0072696618088368
0.0506112891164295,0.0286817701070789,-3.282109877383166e-06,-6.427179259231274e-05,1.007285621008711
0.0513100738979801,0.0295007922144624,-1.2590876962396344e-05,-0.00011090744427450668,1.0072961870246022
0.0506256520568278,0.0300970593371544,-3.281456222213704e-06,-5.174451024683077e-05,1.0073158246330942
0.0513068754473434,0.030844555581649,-1.2470502684968662e-05,-8.643469566853742e-05,1.0073214223843514
0.0523475433168205,0.0358217801749188,-1.9585913416877088e-05,-3.082810177874304e-05,1.0073444074241078
0.0522043167076991,0.0343171557319772,-2.302974228349057e-05,-5.426437877587434e-05,1.007342595495359
0.0522504539827297,0.0329145749968084,-2.804541382646326e-05,-8.435439960964446e-05,1.0073363704574627
0.052253274632538,0.0315553027063053,-3.10351890590406e-05,-0.00011571248985832536,1.007323656691173
0.0533535656730181,0.0365543589504081,-3.0410741460164346e-05,-2.916368302407053e-05,1.007339605191268
0.0543345639783887,0.0377271396384164,-3.1012740779725885e-05,-1.592558768898453e-05,1.007334699881232
0.0552732126978254,0.0230977999602675,0.00014511346193919652,-0.00021713066950981947,1.0071483819776157
0.0544293428399314,0.0242564253037475,-3.524508363947449e-06,-0.00029085266293905177,1.007139946723065
0.0534364603984861,0.0253483906114632,-4.718158608255636e-05,-0.0003023587851084554,1.0071563612204737
0.0517518547931395,0.0273172927019193,-2.323733166851013e-05,-0.0001878622544831464,1.0072305593809416
0.0524562452301544,0.0263760568198091,-3.908353572254259e-05,-0.00025388491697725065,1.0071913325170971
0.0552234643058822,0.0046591840841937,0.0033021133790135,0.00012545089165854785,1.007974131445458
0.0572891165255545,0.0043293550417909,0.0030420214338028,0.00011369424012452135,1.0079492593525587
0.0550546269515223,0.0073611673739565,0.0043751408592876,0.00020087886788248155,1.0078623235542543
0.0543460089728146,0.0098160791764642,0.0049045270120427,0.00026419026021025165,1.0077284366085315
0.054899935760177,0.0126597397159412,0.0047468161487786,0.0003188457895898092,1.0074810175917257
0.0551119193372192,0.0113449662530337,0.0048865181074355,0.00031092927206910205,1.0076009808203028
0.0588050694943945,0.0037602929856594,0.0026332563738529,8.830775243885171e-05,1.007898823810814
0.0585682990576826,0.0051151900771561,0.0033672386845857,0.00015489875714454231,1.00787425569922
0.0557885766855504,0.0137197105798169,0.0045152665528035,0.0003386574023174841,1.0073915519018486
0.0558279898096769,0.0169404238065518,0.0030681424748046,0.0003207286889363529,1.0072318138489245
0.0562289448356255,0.0153146542475271,0.0039325192118047,0.00034472172626471474,1.0073094183095324
0.062857814121203,0.0011158399097217,0.0007650762029224094,8.809655417144594e-06,1.0078242973960645
0.063953180880245,0.0006886021944101952,0.0004622657158935194,3.833485778534817e-06,1.0078065361058095
0.0624897995585956,0.0018662786628228,0.001280007530526,2.5149144558507132e-05,1.0078368617275153
0.0602952182366874,0.0031394080200835,0.0021948079675747,7.243415346582645e-05,1.0078661568147698
0.0618043273767349,0.0027406879479998,0.001879148067457,5.4555998980692366e-05,1.0078562760288667
0.0642708166234967,0.001153836574884,0.0007663820890184929,1.0834128682479748e-05,1.0078120600416278
0.0653485077154191,0.0006907703660093025,0.0004476739424498701,4.351454978827828e-06,1.0077994552957523
0.0657922665964094,0.0012504434240389,0.0007989203662565296,1.35931598712279e-05,1.0078053975212045
0.0667438072516022,0.0006939721758411213,0.0004325095869492831,4.912009503826754e-06,1.0077957515281672
0.056143208295207,0.019467889104614,0.0014920555598418,0.0001617425621798429,1.0071955903381398
0.0567794348022095,0.0181566564868833,0.0023459035799747,0.0002689087212551597,1.0072404638140922
0.0571366557221408,0.0203734553400543,0.0011333642847094,8.07221534351364e-05,1.007219518893559
0.0566944933194305,0.0386508284535533,-4.0759812289015416e-05,-7.793379475857866e-06,1.0073274878734175
0.0569766751977971,0.0393115267407816,-2.270112046721139e-05,-2.25679050513804e-06,1.007322161242497
0.0558064467251906,0.0375903042404417,-5.651504693197316e-05,-2.139623443584552e-05,1.0073324122034928
0.0579063460260555,0.0385924102026276,-5.6237350227224e-05,-8.216677111537455e-06,1.0073305598326605
0.0583717158688235,0.0393064202671162,-3.1220853522328575e-05,-2.177643462755655e-06,1.0073265527337838
0.05719936789898,0.021440921983718,0.0007082374005942109,-2.4375656595702386e-05,1.007203025494718
0.0568647960471143,0.0227361965379743,0.0003214719246997675,-0.00014512214896212898,1.007191461258678
0.0520600461681321,0.0287502922040693,-2.953229630621015e-05,-0.00017530751779037455,1.0072711098687444
0.0522617029892093,0.0301724585033301,-3.369215270387249e-05,-0.00014944345773998198,1.007302645213627
0.0535193314451286,0.0350583764210397,-4.619908601804872e-05,-6.0155974346370095e-05,1.0073384301242871
0.0534323514237391,0.0335620556066726,-5.459955706315666e-05,-9.524950104736836e-05,1.0073350060003623
0.0532307324264091,0.0321161152603678,-5.537506483364995e-05,-0.00013079839109566736,1.0073255561255456
0.0531472764510996,0.0308804216299816,-5.596887190077972e-05,-0.00016416160939739942,1.0073086404317313
0.0550531786048931,0.0361543912047008,-6.856166193843534e-05,-4.708024430541087e-05,1.0073381254583416
0.0560768378482861,0.0240130481650949,7.653870423386541e-05,-0.000244508148979208,1.0071797859321645
0.0550535419907068,0.0252907221486297,-4.163411633433978e-05,-0.000301130805830707,1.0071824766401245
0.0539435545547021,0.0265365152285694,-6.712879705368213e-05,-0.00029735648918944533,1.0072055933510058
0.0530196280512721,0.0277275638482773,-5.3892216615449805e-05,-0.0002472191892655554,1.0072403421152216
0.0572198820688728,0.006565702789266,0.0040634745288457,0.0002054328120544428,1.007845861799706
0.0564228743346416,0.0096715971213628,0.0048433340808542,0.0002892674148286195,1.007716146096309
0.0565325951271031,0.0121130665396774,0.0048232369676647,0.0003303451520924141,1.007535584733496
0.06002814395476,0.004826310302576,0.0031612531417938,0.00014376192457681597,1.0078449018413396
0.0593485690799674,0.0066889444490859,0.0040243671808991,0.00022570967551800765,1.0078444082142477
0.0577415481915683,0.0137607722515714,0.0045052737965178,0.000363763796803396,1.0074404020410872
0.0572693132293169,0.0168068781152288,0.0031815019128806,0.0003253702602042154,1.007270848980742
0.0579076110720527,0.0155298637619465,0.0038483850900894,0.0003542395786276967,1.007354245971413
0.0639468218173529,0.0018760407577349,0.0012471806500854,2.6896685934752925e-05,1.0078240637736935
0.0630855353741873,0.0029919499528926,0.0019881618871057,6.206522940812289e-05,1.007837782481919
0.0618523742989941,0.0042140563237606,0.0027656169861334,0.00011638412396303244,1.0078506371067195
0.0652299661255591,0.0019699992019292,0.0012707727689712,3.092882335854945e-05,1.007814952963753
0.0668950820811855,0.0012235062592926,0.0007590544537976912,1.3615315292043471e-05,1.0078066043416154
0.068139186003951,0.000697804221909244,0.0004167310213496885,4.642536657994293e-06,1.0078085811656832
0.066612602436554,0.001879165006045,0.0011733948281109,3.0325255477573072e-05,1.007814537648683
0.0576964541306479,0.0193700449304124,0.0016915448007688,0.0001812671003970687,1.0072495218212971
0.0583313714911661,0.0180727805913546,0.0024847044146881,0.00028153871040919443,1.0072783572782773
0.0582442528278917,0.0206943601437723,0.0010952251610605,7.057704111473045e-05,1.0072556825955798
0.0571965023334494,0.0376357805421773,-7.791797854221542e-05,-2.2241070348416616e-05,1.007334047766674
0.0564636568681454,0.0366741305187132,-8.980230310303722e-05,-4.048715411377781e-05,1.0073374904839434
0.0593065312062046,0.0386756039125334,-6.804052321540537e-05,-7.475650527193587e-06,1.0073344663843018
0.0597674789897652,0.0393063500825321,-3.944509818017536e-05,-2.1500776225051204e-06,1.0073318246101377
0.0586282966278229,0.0377510104642689,-9.932772490164084e-05,-2.012728590131118e-05,1.0073370149003364
0.0608329291007085,0.0387349259799262,-8.055745532426959e-05,-6.548030047473352e-06,1.0073440637240585
0.061162997843345,0.0393089777803394,-4.716730409274585e-05,-2.026492359625672e-06,1.0073418381966734
0.0581857891541644,0.0221332864302955,0.000576741266870183,-5.769654171674014e-05,1.0072353840445336
0.05779739566839,0.0235978801226169,0.00022079142002557844,-0.000173340919685481,1.0072194949231374
0.0535879740089838,0.0294612816945399,-7.104999134311113e-05,-0.00021959376314631792,1.007282592198452
0.054898189128041,0.0342644440437028,-8.906347918784053e-05,-9.467875630440134e-05,1.007335796368085
0.0545627957433586,0.0327744845082971,-9.222171787989883e-05,-0.00013558453579624129,1.0073279781647555
0.0546537286353735,0.0311502916697292,-0.0001019387326611842,-0.0001880987122754292,1.0073092485924364
0.0564265794443291,0.0350998331453234,-0.00012146553461294268,-7.944862293933517e-05,1.0073382839180958
0.0569121438599797,0.0250696114479785,7.477647031098232e-06,-0.0002596007582812627,1.007212382311167
0.0557910363356894,0.0265403752218727,-8.381933964022253e-05,-0.0002966719676699881,1.007223168676603
0.0545691239895363,0.0279772861251213,-9.23867541868947e-05,-0.00027770486277059925,1.0072496196246972
0.0585270117762854,0.0089885566394081,0.0046659743370191,0.0002837137614255408,1.0077240129516805
0.0583401698711955,0.011510942737529,0.0048476693857746,0.0003490593878417784,1.0075890747943383
0.0611679031661014,0.0064752532570605,0.0038743419687369,0.0002112659525808091,1.00784385318378
0.0604541153677977,0.0084691367497548,0.0045046358520109,0.0002822709819831569,1.0077782079228712
0.0599711580563727,0.0131423516728264,0.0046306255856357,0.0003894809384380911,1.0075230495621332
0.0594217829813868,0.0149951806815396,0.0040937438686611,0.00038617220622793946,1.0074208303339949
0.0589062252349532,0.0166629105487011,0.0033120537816181,0.00034435326770707774,1.0073415033257342
0.0646506668541085,0.0028994307835599,0.001871514967622,6.237433874956086e-05,1.0078259347110732
0.0637692223393381,0.0043552052414775,0.002751770383882,0.00012363049942291576,1.007838975723504
0.0629825292426553,0.0063020514138389,0.0037270575343604,0.00020779634222273423,1.0078204821010706
0.0661066224254331,0.0027610786653123,0.0017323194693864,5.898801606267501e-05,1.007824589634793
0.0683294467683849,0.0012004471611921,0.0007157899130957507,1.274680783160127e-05,1.0078195277690032
0.0695346899900223,0.0007008307109813902,0.000401801982952776,4.01160635220877e-06,1.0078257268147226
0.0679739365235161,0.0018400395045825,0.0011107206659059,2.863949047874436e-05,1.0078228278228922
0.067274092022593,0.0026675638994598,0.0016320996557528,5.731053383205382e-05,1.0078240483159426
0.0597657554436535,0.0179089407484533,0.0026593034343713,0.0002979834819947573,1.00732074657771
0.059581217258361,0.0195306398728903,0.0017607953318103,0.00019032194948553444,1.0072891255523633
0.0596270180925482,0.0213386710207296,0.0009562040137960516,4.109765878926965e-05,1.0072632182282002
0.0578738992390155,0.0363398840947115,-0.0001314829995357509,-4.8876430152535706e-05,1.0073415596769364
0.0624382449602283,0.0387847523580007,-9.2728818276096e-05,-5.944434778389157e-06,1.0073555307699698
0.0625583353161222,0.0393112611521843,-5.490481964719602e-05,-2.057016259526554e-06,1.0073524071543387
0.0637991908264449,0.0388167936280768,-0.00010271857586846304,-5.408472689539114e-06,1.0073686339751298
0.0639536448218926,0.0393124418262725,-6.245068875346064e-05,-1.9580828585284865e-06,1.007366806128492
0.0599882393400829,0.0378547016138518,-0.00011629348990004363,-1.8117280422641972e-05,1.0073440942466292
0.0592486785091328,0.0369496483978642,-0.0001413893740618744,-3.550080745747025e-05,1.0073453158171757
0.0614826165139813,0.0378982945051547,-0.00013783248565550773,-1.6779637948253116e-05,1.0073522860775073
0.0593195367937652,0.02301553820684,0.00043258982333712514,-9.570359966317968e-05,1.0072458427386832
0.0588455086058415,0.0246396769827906,0.00011810007941460388,-0.00019564189579612332,1.007237859275082
0.0608648792584116,0.02238936244814,0.0007056057411495095,-2.062329692734475e-05,1.00725947372935
0.0554043117782639,0.0295706578812702,-0.00012478558619865874,-0.00024388819832569516,1.007285670059967
0.056346767448632,0.0327908578500449,-0.00014846131508870793,-0.00014927803401457187,1.0073290463254805
0.056322398444572,0.0309923775697922,-0.0001538678591686862,-0.00020518710237307208,1.0073085689105628
0.0579237853772472,0.0343752911600674,-0.00017777604539683946,-0.00010274483456086942,1.007341018284835
0.057936890989368,0.0264032301945471,-6.801664544468051e-05,-0.00026068186168891555,1.0072445885573662
0.0568218725964839,0.0280563877875208,-0.00013349904293821923,-0.0002733621549141804,1.0072618866114773
0.0651543408789218,0.0388300765194269,-0.00011337766742299566,-5.163162770529997e-06,1.0073843682615164
0.0653489372370315,0.0393139977435,-6.97231883098669e-05,-1.8848618045074656e-06,1.0073834796990295
0.0607374772235911,0.010787279699706,0.004796323686371,0.0003525919741475172,1.0076294108530446
0.0621809853216519,0.0087057329704261,0.0045033806202558,0.0003042659542911783,1.0077466693937167
0.0621914534159197,0.0129652684916366,0.004628283529454,0.00039865337259001977,1.0075429181405322
0.0614043581714078,0.0148665998580406,0.0041599592807065,0.0004075215499906094,1.0074497986353912
0.0607443174943959,0.0166640258311828,0.0033692506798075,0.00036295304835729983,1.0073722264239309
0.0641344622687745,0.0085708317791316,0.004403540550555,0.00031041331098225926,1.0077658614830876
0.0654978625927844,0.0041798874763915,0.002582377190471,0.0001174778561538024,1.0078316491604644
0.064802630597736,0.0060796105577464,0.0035499023667673,0.0001966442208631505,1.007834316125245
0.0671107888678689,0.0038453765276367,0.0023271308274349,0.00010465959330154634,1.007836930795083
0.0697201391408133,0.0011224872123395,0.0006438559913045971,9.926977200291312e-06,1.00783843269104
0.07093024977481,0.00070147321453746,0.0003879298299274178,3.548360421831047e-06,1.0078532105959717
0.0693109819946284,0.0018719134984433,0.0010921293516558,2.7146064831334248e-05,1.0078400684800004
0.068566509859593,0.0030121597937226,0.0017908605815198,6.59645091056443e-05,1.0078455168732583
0.0616984927463829,0.0186344732947384,0.0023798760204127,0.0002793530801526606,1.0073302537177968
0.0612447616030594,0.0206614283798156,0.0013615847373449,0.00012087350727045103,1.0072915858205909
0.0622659452059946,0.0220280098093867,0.000926725551041602,3.845481184184096e-05,1.0072890044046312
0.0592300218769079,0.0355843806021721,-0.00018722561673089344,-6.798084171113522e-05,1.007347527774981
0.0628565740943397,0.038029088374846,-0.00014895834346575432,-1.4506452802084417e-05,1.0073646065900956
0.0640533778542335,0.0382218959058759,-0.00015159984079217325,-1.190637517714953e-05,1.0073754178411267
0.0607340449470077,0.036605445604773,-0.00018784557867843903,-4.112575524452164e-05,1.0073543887196978
0.062108258539929,0.0371656913991842,-0.00018806255328720085,-2.9122318399894083e-05,1.0073630603640324
0.0605442204219097,0.0240363073654394,0.00029301348584627934,-0.00012802740450093726,1.0072555164241936
0.0600872729244319,0.0258254131825201,1.4765187683567875e-05,-0.00020261637072250185,1.007255318503274
0.06217190137341,0.0233712828970286,0.0005261915731590672,-5.16563546756556e-05,1.0072729192654712
0.0575156537006127,0.0298314347780934,-0.00018109640388550843,-0.00023586295153968484,1.007298837039649
0.0581784703924453,0.0322254824439342,-0.00020837955057136548,-0.00016756523846119388,1.0073271663306345
0.0595838284342352,0.0335020362782952,-0.00024074398639177723,-0.0001263017905777145,1.007342654482979
0.0593741796494401,0.0280358541026228,-0.00015550918976169983,-0.0002394466980923325,1.0072761046962384
0.0612694735547922,0.0268814592431743,-6.37021340577704e-05,-0.00019844482466707235,1.0072800634409491
0.0665571156540493,0.038811910175251,-0.00012659828632261168,-5.0281572595016574e-06,1.007405121069634
0.0667441244312192,0.0393149994244665,-7.660561425821701e-05,-1.773421448744388e-06,1.007404360476956
0.0654152668852576,0.0382576834178821,-0.00016530093335538688,-1.1007018623771965e-05,1.0073918706605316
0.0635822785136449,0.0110635073013599,0.004744718737692,0.0003874445145829968,1.0076720088042928
0.0640652983472399,0.0131395563133297,0.0045715809345632,0.0004129265752863058,1.0075652493056968
0.0633881541233574,0.0147928025598337,0.0041905400177212,0.0004127381331261469,1.007464200222384
0.0627605835743318,0.0166499830100203,0.0034460736646147,0.00038161770192157626,1.0073978890308095
0.0642927552550351,0.0183522186145201,0.0026702836377592,0.00031747764209663886,1.0073765574590103
0.0710774116508995,0.0012262091533738,0.0006809950599195412,1.01256344870058e-05,1.007864589819726
0.0723257492021618,0.0007000380461574012,0.0003739776428132358,3.3464623815189537e-06,1.0078808346480712
0.0653273002838999,0.010118177589599,0.0046119167278854,0.0003576199732680784,1.0077130860416652
0.0658482405862479,0.0081919218325405,0.0042190344786984,0.0002870712002144038,1.007791002070071
0.0665502375676731,0.0056353561140158,0.0032836683904584,0.00018359517596646763,1.007836059860092
0.0682419750457624,0.0048379141807841,0.0028210477049778,0.00014585614413138704,1.0078676725642155
0.0706481238068108,0.0018762445447003,0.0010612944033323,2.4156446874244864e-05,1.0078649596333145
0.0699239855082348,0.0027955406248897,0.0016147701509498,5.474424716707223e-05,1.007865117832258
0.0697392367159332,0.0041512721095464,0.0023907473760054,0.00010782973836896298,1.0078843668862891
0.0634709321500556,0.0205586339565026,0.0015724562143579,0.0001698267584551031,1.007329876128997
0.0637069819505312,0.0225365516256233,0.0008559415808800142,3.890156831721627e-05,1.007317617103949
0.0609058435485752,0.0348819083816175,-0.0002517994303446103,-8.376345150256676e-05,1.0073554722820397
0.0648038003853614,0.037452147950794,-0.00021722308854817663,-2.31475310594506e-05,1.007386630014156
0.063525106062733,0.0370252815892839,-0.00022317528667215717,-3.054010788388871e-05,1.0073760481230616
0.0623071234316643,0.035753873219244,-0.00025833896896783126,-5.8166711398349183e-05,1.007367172412385
0.0620963065558809,0.0252533334214255,0.0001487196276915219,-0.000142722815359245,1.007281610420861
0.0634838930076699,0.0240602766034135,0.0004383343048438263,-5.578785682016214e-05,1.007303501035128
0.0600859173416338,0.0307943315046686,-0.00025405616534110003,-0.0001936067596701387,1.007321173536926
0.0612627265159498,0.0327183860787281,-0.00028998943983654,-0.0001399587566910687,1.0073452996526224
0.0617413248927901,0.0285059701435839,-0.00018562763366942252,-0.00019735121859236813,1.007301466473894
0.0626766697716426,0.0269386466248064,-4.868401379325711e-05,-0.00017088579144124434,1.00730304003905
0.0679628168521038,0.0387974783675303,-0.00013940724695335165,-5.182520100754504e-06,1.0074278668671364
0.0681392476693787,0.0393134670742887,-8.367625932448555e-05,-1.8037771792202128e-06,1.0074274272557098
0.0667432766372147,0.0381870948260654,-0.00018664819640976376,-1.1090131921631946e-05,1.0074120981537582
0.0659944909571435,0.0372900028464724,-0.0002481554028426669,-2.3706060489230385e-05,1.0074057553562297
0.0693310044074206,0.0388126194577687,-0.00014880200181706423,-4.885387275812997e-06,1.007454334136444
0.069534414927404,0.0393097323419891,-9.0922576311115e-05,-1.7631948820239371e-06,1.007454440818483
0.0655534115547443,0.0199316694606172,0.0019948937114426,0.0002391561327035212,1.0073697228780578
0.0658767158579838,0.0121227426899009,0.0046824586601728,0.0004215120541439304,1.0076409467268803
0.0655158486453486,0.0144716456685059,0.0043010092614582,0.00042917597607147886,1.007542333473304
0.0650354210126556,0.0165898883122841,0.0035385352834731,0.00039646047547444406,1.007440526576037
0.0665942182770302,0.0184144936406048,0.0027622279969102,0.00034397470113221173,1.0074157774768169
0.0724364276476886,0.0012207317052376,0.0006563877613821041,9.791189852122325e-06,1.0078910593523862
0.0737211772635746,0.0006981039808019158,0.00036031588985522525,3.145490572717297e-06,1.0079116547145988
0.0719687127890943,0.0020088043095518,0.0011034169767124,2.558229323585902e-05,1.0078900736124543
0.0739649555321868,0.001242386474015,0.000644545708888802,9.780998498413844e-06,1.0079245886316868
0.0751165848455424,0.0006957886323459336,0.00034693241982335684,3.285091872897899e-06,1.0079407951796535
0.0754444458640037,0.001261607357253,0.0006313341140040488,1.0341471968266637e-05,1.007955571261393
0.0765119314041398,0.0006925247154968927,0.0003328928448501525,2.9398115836640594e-06,1.007973632683351
0.0671608751366322,0.0099790968190726,0.004542697306419,0.0003654526057006996,1.007733765916271
0.067734518846086,0.0071305000063038,0.0038206820760692,0.0002583022670602312,1.0078121967488818
0.0693416777524581,0.0061399905152074,0.003367799709435,0.00020122311989504088,1.0078817084090763
0.0713002831381022,0.0031934494658277,0.0017960973547323,6.241918424418054e-05,1.007898647691367
0.0710609889914485,0.0049285780768469,0.0027311070761539,0.00013901947970906814,1.0079071922549383
0.0655995251736137,0.0217914270893991,0.0012378030327184,0.00011892528696120196,1.007353319679836
0.0652034946120731,0.023813619066592,0.0005820742227817233,-9.703611864857212e-06,1.007332696411981
0.0626319539033735,0.0337197456373852,-0.0003201152424907805,-0.00010647623634428196,1.007369467996089
0.0650226509851246,0.036191434641023,-0.00029680556904341057,-4.590075613095907e-05,1.0073924770080718
0.0639375335883672,0.0351251667032205,-0.0003186948673337664,-7.023132214269266e-05,1.0073818370584455
0.0643202239323571,0.0258929890141917,0.00012059585622079276,-0.00011413954931794428,1.0073178362570496
0.0627881449026412,0.0309575169074993,-0.00030617717035489293,-0.00016304381744235627,1.007342329995309
0.0639541101746369,0.0281619242340409,-0.00015961028645603006,-0.00016144065551995722,1.0073268431422446
0.0681737095204295,0.038128493028881,-0.00020828222977754477,-1.1891596578123468e-05,1.0074355896856533
0.0674108590844004,0.0371404405128799,-0.0002804299781278565,-2.5067750151535384e-05,1.0074267098708043
0.0665707076335154,0.035988378122385,-0.00033752379611821465,-4.532908529907652e-05,1.0074169583762524
0.0707191115517724,0.038792664066788,-0.00016184413431298862,-5.084098717936638e-06,1.0074824292975064
0.0709296744466633,0.0393047756289886,-9.830488641398164e-05,-1.7998302985326816e-06,1.0074840935581133
0.0697166359553431,0.0380186837636077,-0.000236994048700156,-1.2532742809760397e-05,1.0074646033509873
0.0721738974222294,0.038835929382559,-0.00016735896434156718,-4.141127192284459e-06,1.007518155397209
0.0723250345425289,0.0392995499478692,-0.0001054304700015413,-1.575120709601316e-06,1.007518610466091
0.0679881866667957,0.0206286939869743,0.0018378244158212,0.00023355619312923152,1.0073989655391815
0.0683830913623591,0.0118089810110352,0.0046489862205675,0.00042744772005096776,1.0077267788959592
0.0676079357797528,0.0139472060436597,0.0044214396020135,0.00044750301574183375,1.007606849729555
0.0671215769892203,0.0162379963340726,0.0037343559158621,0.00042613195204746496,1.0074991872507522
0.0685093156687183,0.0180486220922412,0.0030209802855674,0.00038224690820780056,1.007467562284799
0.076967272018354,0.0012396570283979,0.0005964616004213263,9.281106733396989e-06,1.0079904216919515
0.0779071363131803,0.0006895281822345938,0.0003200322635764672,3.157347050963061e-06,1.008003673724784
0.0734302121860995,0.0020362498267449,0.001084218468137,2.603890219415533e-05,1.0079217195048582
0.0727809853498712,0.0028320314250171,0.0015414547753897,5.040506541047899e-05,1.007919624021855
0.0748764733787769,0.0020277075094844,0.0010424413166837,2.5602880698335636e-05,1.007951457810558
0.076359094614349,0.0019875644540949,0.000986246495911821,2.46674543537478e-05,1.0079855177385142
0.0694161984510128,0.0089508838452943,0.0042805700538947,0.0003332335650369924,1.007788310611977
0.0707884820655942,0.0071042915512096,0.0036383579987684,0.0002565751781037305,1.0078686866480555
0.0705409352510214,0.0115044953713258,0.0045760506631552,0.00042416531059673686,1.007751296905054
0.0726239202106643,0.0042713741557417,0.0023260240972863,0.00010775354162693084,1.0079307518919145
0.0723544813864695,0.0063065559698729,0.0032666487100442,0.0002124818214663301,1.0079018694276944
0.0780885025911526,0.0012317520348154,0.0005753742747199101,9.555329377455744e-06,1.0080160419032709
0.0793022279415573,0.0006888939971807743,0.00030707503209666644,3.167904132312204e-06,1.008036534620273
0.0795166948013442,0.0011961031051688,0.0005366776218517427,9.328294229048704e-06,1.0080478188821578
0.0806973274105915,0.0006912595977264496,0.0002957561435822623,3.3323318403801392e-06,1.0080681399122635
0.067372039825238,0.0231783249738693,0.000875145018178123,6.429182595969303e-05,1.0073595481265658
0.0667270594215251,0.0254204159521152,0.00029032176859994564,-5.268757354051873e-05,1.0073447392747577
0.0645989296236254,0.0327661925270732,-0.000367146261370866,-0.00011814282546713933,1.0073783244015335
0.0656743228332665,0.0343656029501892,-0.0003760153058219088,-8.232659713552379e-05,1.00739629404438
0.0660989323309316,0.0276044543566057,-7.394660147144683e-05,-0.00012417261626274142,1.0073461432930888
0.0652420518664787,0.030036068227015,-0.0002877825432785573,-0.0001461223834087464,1.0073602209954915
0.0672282477467151,0.0345321827792873,-0.0004026072973123271,-7.087192823360378e-05,1.0074273246521137
0.0689534830992882,0.0369989424270565,-0.00031448536743675695,-2.7076386855904427e-05,1.0074504311806871
0.0682022688179433,0.0358004330663306,-0.0003759500623932687,-4.709442957236116e-05,1.0074422799565237
0.0711482089503845,0.0379902653426858,-0.0002560744354540194,-1.2787753728681045e-05,1.007496638265349
0.0701428401615493,0.0371829766333617,-0.0003178432408573694,-2.3339866590678487e-05,1.007479546146549
0.0736004428648349,0.0387690132069162,-0.0001855273560990828,-4.457138669036671e-06,1.0075535365045911
0.0737204737684847,0.0392950381416461,-0.00011189095590288076,-1.5917868983550346e-06,1.0075545077714336
0.0726369434438112,0.0379514931290729,-0.0002766079117639734,-1.1334931521839228e-05,1.007531410873567
0.0749751745837606,0.0387782024131726,-0.0001935322776696249,-3.9112802086768805e-06,1.007592980020788
0.0751159496034346,0.039291719732849,-0.0001180510244197452,-1.4445600405288264e-06,1.0075948785181856
0.0695439457124392,0.022695629878537,0.0011613065659149,0.00013667590736280309,1.0074135788243497
0.0699076799770169,0.0192977689318487,0.0025362797151514,0.0003400391288313465,1.007470932229918
0.0703082720363354,0.0208900089336368,0.0018788079414819,0.0002515675890639058,1.007445338544123
0.0698448094734167,0.0137210470828384,0.0044589849613914,0.0004717906365619855,1.0076594884422778
0.0692399072443512,0.0158213183589502,0.0039138180051898,0.0004468198673271918,1.00754744547473
0.0716120798913701,0.0131471854210613,0.0044981584524651,0.000460645872843652,1.0077029914368898
0.0707122041343801,0.0176029370011189,0.0032868412763656,0.00042075540679183625,1.0075198730273662
0.0779312781746618,0.0018312013808107,0.0008695141669381586,2.116549349800348e-05,1.00801989497337
0.0742273848130932,0.0033083777845475,0.0017512939402922,6.577484036687098e-05,1.0079576425058323
0.0757144682742758,0.0028545977350615,0.0014562551207004,5.1005396617522696e-05,1.0079829560316345
0.0770697171612829,0.0029888533029364,0.0014748832315317,5.472693609841731e-05,1.0080108792664522
0.0719638087429383,0.0089888316429053,0.0041859202736303,0.0003456917590149293,1.007876316080335
0.0726225353075035,0.0116352457167562,0.0045189529317585,0.0004294891455136757,1.007810663511048
0.0740543260639395,0.0051603894646382,0.0026842827839974,0.00015188127737699887,1.0079543821466943
0.0736353622442323,0.0073858709278958,0.0036016862635884,0.0002493456607346698,1.007931662270655
0.0793132629678718,0.0018122895156731,0.0008290863788643755,2.0681416543825285e-05,1.0080489679201936
0.0808455545016659,0.0011816319723907,0.0005102814562315256,9.212611674902224e-06,1.0080796232554992
0.0820925335914116,0.0006956375605247898,0.00028468878123703026,3.317765135046319e-06,1.0081081621113948
0.0806444482216678,0.0017610929739682,0.0007766496799401511,1.959660271462337e-05,1.008082033548631
0.0718544966600936,0.0220986510923974,0.0014956264388849,0.00020729805729869256,1.0074575425827972
0.0689939253789361,0.024904543773076,0.0004952927065911521,9.388970984578308e-06,1.0073861620910711
0.0683738773848883,0.0271281633652274,3.964781097083015e-05,-7.745847961147357e-05,1.0073795658703022
0.0669757892447606,0.0322027393659252,-0.00039663761050305,-0.00011239395498626664,1.0074031722623848
0.0676603242237926,0.0293489832584746,-0.00024077264235260125,-0.00012003913855434208,1.0073866712521369
0.068799922672952,0.0337863394368513,-0.0004418955035339109,-8.024535645301008e-05,1.0074467810921666
0.0700519094265699,0.0355838087326598,-0.0004173333736218946,-4.82327485058068e-05,1.0074718619153142
0.0717428824366183,0.0367064723798201,-0.00037781027453888654,-2.8331762217272457e-05,1.007511036957913
0.0739976094057533,0.0380093964859618,-0.0002829894231068764,-1.062109348869793e-05,1.0075675812603269
0.0731942989726831,0.037167441966768,-0.0003589070216849622,-2.013903477913501e-05,1.007551280033794
0.0763459718467941,0.0387710291357958,-0.0002026309357877433,-4.019861039824486e-06,1.0076333717302175
0.0765114401011467,0.0392895114810561,-0.00012374823278520094,-1.492721881823597e-06,1.0076366006726492
0.0752223855001695,0.038166388338842,-0.0002760270571552988,-8.433811352371763e-06,1.0076025890519509
0.0712346179176675,0.0243872497073162,0.0007331017130235792,7.097348739080664e-05,1.0074339649949124
0.0729588561162242,0.0238543674673954,0.0009794257246057015,0.00013135821865568843,1.0074791515266086
0.0777712793629556,0.0387727038776523,-0.0002104359995640054,-3.363292571063622e-06,1.0076818035575588
0.0779069569338648,0.0392884358913167,-0.0001288549867244892,-1.221123978588591e-06,1.0076848099036504
0.0719292849439921,0.0196592310376933,0.0024826944174597,0.00034927980349153814,1.0075094189867817
0.071698308853842,0.0152778113893001,0.0041177603937761,0.000479679685460318,1.0076238873132386
0.0733537763374425,0.0135975676311912,0.0044275487561972,0.0004721197670693055,1.0077078924870924
0.0729587231817897,0.0174778166634776,0.0034040720340933,0.0004440809840476588,1.0075827769345158
0.0822555633658525,0.0012105207044442,0.0005012704975419343,9.508260063368036e-06,1.0081198147058563
0.0834878795134729,0.000700603399510446,0.0002744090298455345,3.1429921787509223e-06,1.0081474759749172
0.0786538494791702,0.0028248902895845,0.001338567361747,4.94757668908271e-05,1.0080431780227614
0.0759541388575919,0.0043822940780755,0.0022252367832566,0.0001160067791785974,1.007992699908793
0.0778470516937312,0.0042693468874073,0.0020791266062317,0.00010822132834514956,1.0080398070528798
0.0743744418457734,0.0122290613217382,0.0044909286743339,0.0004512778790527432,1.0078251992577074
0.0744621263595164,0.0098325030441946,0.0042486659300571,0.00038311914159762747,1.0079077627649553
0.0755636057588634,0.0067301002424539,0.0032866484284886,0.0002315395399969957,1.0079623900019088
0.0800565574943116,0.0026660962875928,0.0012177537188099,4.225743663812672e-05,1.0080774607759118
0.0818348559127523,0.001822040295484,0.0007786260512455761,2.1730623721090503e-05,1.008114124904656
0.0812100471380082,0.0025730035387461,0.0011380461531352,4.183257636616994e-05,1.0081029389079907
0.073465177882013,0.0208529078553051,0.0020790918528667,0.00030836461028715587,1.007530385248522
0.0738721285998608,0.0224512303900946,0.0014889192964366,0.00022301291122297327,1.0075052953474195
0.0707108783230671,0.0266172210695098,0.00019423666257527888,-2.6931925020747385e-05,1.0074256685577894
0.0699850419286999,0.0288154286045845,-0.00016165837973794583,-8.539950091934955e-05,1.0074224739910826
0.0693131651869477,0.0311012117384562,-0.0003683162813042798,-0.00010225485267013284,1.007433567367432
0.0707551439513666,0.0334552113692489,-0.00046523321634955867,-7.44530842212093e-05,1.0074855949366606
0.0717668248462716,0.0351562858159494,-0.00045422225577294514,-5.0047383784337776e-05,1.007507153577836
0.0732364756255648,0.0357742162136252,-0.0004539369952757943,-3.746691594605902e-05,1.007550596343915
0.0746006412206849,0.0369422589244545,-0.0003973321976678024,-2.1535731441744944e-05,1.0075864511150152
0.0766287444436328,0.0381511212318897,-0.00028866841147216706,-8.304795198459035e-06,1.0076457305329722
0.0759410510221108,0.03734258920127,-0.0003721602468805204,-1.571902890495682e-05,1.0076263046935638
0.073072375494408,0.0258945835089341,0.0004301871116704721,3.703918222955808e-05,1.0074796015213383
0.0745951929382959,0.024274840343681,0.0009344965509783488,0.00013888297570982698,1.007529541520203
0.0791972054005319,0.0387763206315054,-0.0002167881419589796,-3.0753297063829093e-06,1.0077321254176572
0.0793025202744702,0.0392888112780904,-0.00013310415910888066,-1.1509439273211386e-06,1.007734055990339
0.0780362213368584,0.0381566589917937,-0.0002982052193402597,-6.776303415721866e-06,1.0076918910967938
0.0805764290368353,0.0387658995901113,-0.00022432391323173675,-2.791176486852395e-06,1.0077849137021957
0.0806981181026985,0.0392913287727217,-0.00013646600968719754,-1.0176927157632114e-06,1.0077883639707164
0.0740807437840383,0.0192788395897132,0.0027336653064153,0.0003909590375588106,1.0075678053735369
0.0753379430801445,0.0137531768089695,0.0043858622905944,0.0004909030245971286,1.0078066732759745
0.0741666600392933,0.0155770965076793,0.0040488075834979,0.000487375703593982,1.007689579432274
0.0751651439584205,0.0174711219723969,0.0034668755843735,0.0004680069799396837,1.00765379431352
0.0835880448272445,0.001216107000351,0.00048376997265460296,8.921370974903152e-06,1.008157957422306
0.0848833424068018,0.0007047616175195552,0.00026484454716448654,2.6056332931741665e-06,1.008192678377928
0.083312152589947,0.0018310317692895,0.0007489807567362225,1.9708759084883785e-05,1.00815456863225
0.0794775234358516,0.0040003817724493,0.0018823077821962,9.041273287848425e-05,1.0080777934483256
0.0773352959409664,0.0062147634753843,0.0029942397401342,0.00020755941936023787,1.0080350737442425
0.0787881474291271,0.0057780102702424,0.002731524437955,0.00017136845732194773,1.0080793681254872
0.0764038496670179,0.0117646130726793,0.0044386572109628,0.0004600267353187269,1.0079123459595651
0.0769018673874988,0.0088876254329373,0.0039065178136944,0.00032670000540000214,1.0079734222020738
0.0809816022883691,0.0037796791757708,0.0017156949716183,8.477946713685606e-05,1.008105728734873
0.0824513901262527,0.0030029533707023,0.0012973789967098,5.284750449457173e-05,1.008142502677887
0.0749903929043416,0.0209692490917409,0.0021118312517096,0.0003202011078812655,1.0075730681897304
0.075368670539766,0.0226572647623032,0.0015024165468455,0.00023501505175882903,1.007561055320008
0.0723378818657643,0.0282995814850287,-5.664697782586606e-05,-4.890574898421001e-05,1.007470228789561
0.0718320650924847,0.0309335072620076,-0.000360605930329857,-7.906471835921468e-05,1.007482499973271
0.0730583287746851,0.0333961950228591,-0.0004892514440572814,-6.469158261222736e-05,1.0075272806269355
0.0747475754353318,0.0349347893332575,-0.0004982167013872608,-4.289911101394264e-05,1.0075839631656491
0.0760311499276105,0.0359724234113103,-0.0004738902170580553,-2.9103534818052887e-05,1.0076286963268155
0.0774306503829239,0.0370046788728247,-0.0004191937016002337,-1.6894742232576156e-05,1.0076722188704768
0.0742582229615414,0.0277418571794538,8.855436728315859e-05,-4.000164971090389e-06,1.007517470362999
0.0754110150934661,0.0260864983293532,0.0004783512526679776,7.133763846692427e-05,1.0075422515386503
0.0766732749456563,0.023977653413896,0.0011244058425603,0.0001866369678159604,1.0075898556288645
0.0794659090613009,0.0381751424261889,-0.000304565504503514,-6.410151229123485e-06,1.0077452442821018
0.0788093260220689,0.0373322427517037,-0.00039706219903223405,-1.2143239021332033e-05,1.007722314189008
0.0818222766000003,0.0388398848939336,-0.0002171135928847152,-2.1594781285224754e-06,1.007835768869457
0.0820936632305722,0.0392965072546905,-0.00013902064222194935,-8.470574976034961e-07,1.0078459366159684
0.0809381946387585,0.0380833603601826,-0.00032434908970469526,-5.376492123338479e-06,1.007799320714424
0.0832765431705077,0.0387830483068269,-0.0002304074533685798,-1.4212442094461922e-06,1.007896392570105
0.0834890592417596,0.0393031291387148,-0.0001401114660023003,-5.07797887762262e-07,1.007905063417566
0.0760701699468467,0.0193825420182344,0.0027783020046206,0.0004058900274546329,1.0076234967602655
0.0771129776710075,0.0136714021181858,0.0043703672556932,0.0005024526081026284,1.0078535828082815
0.0766176514434568,0.0156772094346594,0.0040311588409567,0.0005029044930209701,1.0077618898642255
0.0769143220024637,0.0177633738104888,0.0034104492599698,0.0004672227679442233,1.0076930842272789
0.0850197367913735,0.001232560316359,0.0004715880637989282,7.741129223077294e-06,1.008203705995817
0.0862788629900522,0.0007072988754445084,0.0002563433309346091,2.3702861862092668e-06,1.0082364505848478
0.0846095925146143,0.001914695894335,0.0007595649173646111,1.9505602571216137e-05,1.0081984020580477
0.0838902999089878,0.0026652581764367,0.0011021846943482,3.96889551645534e-05,1.0081840439020386
0.0782286025224279,0.0125820716296693,0.0044017312826133,0.000484132435007875,1.0079452638349446
0.0803474531520265,0.0056212382078653,0.0025860367761897,0.00017003742420813102,1.0081017312430651
0.0791057764218943,0.0078448433328853,0.0034973313430782,0.00027622732957350606,1.0080572319572048
0.0785734910963367,0.0107666190083129,0.0042174473697016,0.00041251661719562575,1.0079695913979143
0.0820353999816341,0.0048064256739193,0.0021469792913155,0.0001276831525218517,1.0081496732147424
0.0836979731383242,0.0040075612839106,0.0017150774282846,8.370033409228719e-05,1.0081948674035646
0.0771113864569523,0.0216012131173521,0.0019774807612199,0.0003147967978450842,1.0076257367275916
0.074249060881821,0.0303738504264016,-0.000303762673936546,-5.5104537559355095e-05,1.0075414919440002
0.0750848550049583,0.0328261327343235,-0.0004716157580682332,-5.0770283010722486e-05,1.0075808069375076
0.0764279165291514,0.0338310994219479,-0.0005136418432825995,-4.317752029042596e-05,1.007631573246423
0.0776936434633533,0.0351473274901366,-0.0005167220088698718,-3.066335507248535e-05,1.0076752209716515
0.0789277414351313,0.0360117401716474,-0.000494713040709786,-2.1497276001394385e-05,1.0077247793188973
0.0761909532557426,0.0283812217108131,2.193783933069271e-05,5.434386629944751e-06,1.0075791839146455
0.0775688673926251,0.0261759713588755,0.0005414969817476981,9.837711768656957e-05,1.0076133041061384
0.0789733103679474,0.0238494187860478,0.0012781004389252,0.00022720576868086293,1.007665703436175
0.0802754326188214,0.0370049252659993,-0.0004403420888942034,-1.2920443103647788e-05,1.0077738669608751
0.0823187241124774,0.038095862860013,-0.00032884231404642746,-4.908630923955622e-06,1.0078576692793606
0.0816655929914877,0.0372412987401475,-0.00042288591044779513,-8.645765825357895e-06,1.0078311104900963
0.0847733532054293,0.0387952213917643,-0.00023162409323088868,-1.557097317266299e-06,1.00796175926841
0.0848842991908338,0.0393092806019388,-0.00014097332490973144,-6.112950257384368e-07,1.00796632002902
0.0836546386944026,0.0381605080808285,-0.00032522597976745164,-2.750181625662998e-06,1.0079133158246572
0.0861230643436457,0.038825964314028,-0.00022925721098101813,-1.0794363284506783e-06,1.0080241617581172
0.0862794318688681,0.0393138007073661,-0.00014203436848055605,-4.405463705944939e-07,1.0080316007168195
0.0781590319697573,0.0192114705290369,0.0029306747020731,0.0004328157319533944,1.0077037534770723
0.0789858757831392,0.0145718060252933,0.004255780054862,0.0005177230073491157,1.0078792206752238
0.0785586275164254,0.017045463640937,0.0036869998143669,0.0005046813399892198,1.00778528646438
0.0876744033026654,0.0007083083643376945,0.0002473162257572779,2.436419428479093e-06,1.0082799594812009
0.0863750742612155,0.0012265623797124,0.0004530803624911727,7.064714300929711e-06,1.0082456450483936
0.0861002222279733,0.0018498055497613,0.000704444256619391,1.607798471420257e-05,1.0082425973283504
0.0878184994265168,0.0012282527372581,0.000436889633770701,7.183479538113179e-06,1.0082899948142312
0.0890699651093756,0.0007077363318045558,0.00023794673136183928,2.3872842656083844e-06,1.0083228538641795
0.0852500559600439,0.0029995240224465,0.0012109120958435,4.291292240963752e-05,1.0082323499777563
0.0800718330561477,0.0124577207228397,0.004347748529331,0.00048034399231230426,1.0079804805164905
0.0814230693567589,0.0071565450796359,0.0031509303045817,0.00024690743404563406,1.0081377875043411
0.0805971588526655,0.0101061751777522,0.0040064033542348,0.0003884739274175897,1.00803575543979
0.0832596090529227,0.0060534117836927,0.0026331210037171,0.0001736053131891047,1.008213474111307
0.0851005593529566,0.0046120476735143,0.0019317721521828,0.00010149966719675272,1.0082444855403294
0.0795449791754792,0.0211480562903421,0.0022631510032586,0.0003677649742672965,1.007714464052866
0.0769741132381878,0.0310478257879482,-0.0003496105032243464,-3.3888340430574143e-05,1.0076220969141303
0.0780361621054669,0.033058097774711,-0.00048350623103569446,-3.480161677965883e-05,1.007673610512594
0.0792730639991097,0.03397124283148,-0.0005229977321248969,-2.849609951275048e-05,1.0077302389811222
0.0805570551534834,0.0351623093359605,-0.0005286184951432638,-2.0893396116582035e-05,1.0077767739752743
0.0784805223351415,0.0284627501998205,6.778731500727162e-05,3.504138462575765e-05,1.007653681396703
0.0812070225812697,0.0228421609082586,0.0017353129523391,0.0003104113022577037,1.0077622915970832
0.0797066532705931,0.0263450555035377,0.0005859828044895899,0.00012603655461672827,1.0076907500870698
0.0810016117480988,0.0248236894457696,0.0010758208749193,0.000209292508018883,1.0077386772945989
0.0817365389329929,0.0360040043728705,-0.0005087782778612661,-1.433503023841632e-05,1.0078329148343028
0.0830842757788963,0.0369359576836769,-0.00045907648323949984,-8.271511913889895e-06,1.0078885450697632
0.0874744001201249,0.0388335267272086,-0.0002297851210892148,-9.668966172421014e-07,1.0080887430979468
0.0876745518747992,0.0393155901831548,-0.0001431946043679579,-4.511760867926306e-07,1.0080984040799974
0.0850160855545852,0.0381862775559388,-0.00032453136781896097,-3.029001065145777e-06,1.0079742685606885
0.0844172314203956,0.0373532361020964,-0.0004216413446298908,-4.7011137133719625e-06,1.007948652074547
0.0863476283084134,0.0382481706870937,-0.00031864305472625496,-1.843799008486676e-06,1.0080335248924788
0.080228927822003,0.0187568161946026,0.0031725699635863,0.0004770675510202828,1.0078006663857442
0.0815288354935174,0.0141709953554998,0.004272784924451,0.000523861547604172,1.008003491447498
0.0807795114204294,0.0164012892915494,0.0038855622914572,0.0005285863619215321,1.0078831503932528
0.089175498240498,0.0012247334978538,0.0004198323744348745,7.062350448734179e-06,1.008332014668302
0.0904654988888962,0.0007048467866801638,0.000227343970183444,2.5724770310095157e-06,1.0083642223819085
0.0875194212707076,0.0018447376045096,0.0006780844213995722,1.6464769714975324e-05,1.0082871683309902
0.0867347478913107,0.0026783390853668,0.0010340280363702,3.519320885112018e-05,1.0082711669094249
0.0889260542527841,0.0018451371305733,0.0006530234541123539,1.5993888392385296e-05,1.00832981509621
0.0866519327722722,0.0039935368501433,0.0015993726456085,7.570888219434484e-05,1.0082831200655278
0.0823391883090581,0.0117331970245919,0.0042212197561227,0.0004586967908364031,1.0080936308820878
0.0832406110635783,0.008873956582896,0.0035893186125711,0.00032745978629573127,1.0081607456627817
0.0847280117187924,0.006785995526044,0.0028181491388461,0.00021908158517616296,1.008229194596002
0.0861574135978964,0.0059734782140161,0.0024405960684829,0.00016737372951102276,1.008270262013063
0.0818368323959396,0.0205308550722085,0.0025965174227974,0.0004286154831269604,1.0078193718977138
0.0834662958728619,0.022257704272035,0.0020507951747629,0.00037048505944899953,1.0078656961919723
0.079575118450683,0.0312853675402095,-0.00034573331843818823,-1.034672779814043e-05,1.0077148272759338
0.0807940955002122,0.0332270522381907,-0.00048357354073118926,-1.897496033845233e-05,1.007772887525724
0.0821034555299556,0.0339949457478886,-0.0005203152624619849,-1.4085044682561712e-05,1.0078381417942028
0.080896860437812,0.028497818842392,0.00013160407301719115,6.502894389334342e-05,1.0077421359648449
0.0828935338430802,0.0244184420511646,0.0012901219929055,0.0002568590827587568,1.007823876853282
0.0820064208079593,0.0265018983307236,0.0006390553060294772,0.00015069769772683053,1.0077776944732342
0.0833586965068711,0.0351566023974293,-0.0005316505581728625,-1.0667695004848944e-05,1.0078905776433749
0.0845683012305948,0.0359983325430695,-0.0005149584860357181,-5.967733682690861e-06,1.0079547427478948
0.0888799138273717,0.0388158133226557,-0.0002338789433866528,-5.612287840397438e-07,1.0081591536596124
0.0890697994021456,0.0393150621427354,-0.0001444420659422088,-2.4843963005984336e-07,1.0081698623668316
0.0877375440105726,0.0382573691703929,-0.00031889569772603296,-1.6099611595825078e-06,1.0081026087917768
0.0858057360656447,0.0370865826549189,-0.000451403781407788,-4.269892717697576e-06,1.0080078486014925
0.0871241657990239,0.0375015794603013,-0.0004095955618121685,-2.496998113203629e-06,1.008069520357434
0.09028515052987,0.0388374041487704,-0.0002301690574586645,2.741785984302971e-07,1.0082366855732958
0.0904652322902691,0.0393146317745959,-0.0001446185631470129,9.022184016098528e-08,1.0082471107156057
0.0824946609738014,0.0182037122571939,0.0034144735358552,0.00051185525688933,1.0078963439232564
0.0906136783173403,0.0012234942809757,0.000402158802293086,7.5625351633068705e-06,1.008374544103641
0.0918609154940406,0.0007004519047474527,0.0002162216505227149,2.5819683169145816e-06,1.00840645313271
0.0838124688601734,0.0136809228594073,0.0042477722063538,0.0005222095523713502,1.0080940371033382
0.0832121228571064,0.0159268039851218,0.004000113522618,0.0005461038267579629,1.0079946750916042
0.0903251984784633,0.0018437886983488,0.0006275105866967574,1.694252973556766e-05,1.0083711699724247
0.0881445393813328,0.0029924730161393,0.0011263998585432,4.173401038075457e-05,1.008319335598217
0.0895720865285448,0.0027447806197491,0.000987393363218041,3.779992377871077e-05,1.0083569952801876
0.087826270851565,0.0049961718808926,0.0019680197195988,0.00011750719351861316,1.008323006337571
0.0845022400237641,0.0115317389846684,0.0041065123093273,0.0004470441651475405,1.008166466360368
0.0855532543222565,0.0131137011792087,0.004187406281011,0.0004988079005825935,1.0081737737690013
0.0858350001310867,0.0087506325038868,0.0034287492273419,0.00031413014182001046,1.0082643277376304
0.0873542653777438,0.0070292695689701,0.0027604243759781,0.0002190512154668927,1.008301503508206
0.0840779196072771,0.019975108629107,0.0028804679188271,0.00047434490320526576,1.0079231709132903
0.0850126166006641,0.0239557081096282,0.0015431040452645,0.0003100312150558638,1.0079177561181891
0.0856365302343488,0.0217171098987494,0.0023387659125234,0.00042233514887303887,1.0079674555890203
0.0821769739622673,0.0312946729319868,-0.00030683190097216144,1.3755505965819368e-05,1.0078162997216076
0.0835486675057573,0.0331926750090855,-0.0004623638380865898,-2.430048029460013e-06,1.0078852072596842
0.0833590788430577,0.0284281547994412,0.00022345279549321564,9.731632591857196e-05,1.0078404161331245
0.084262178964462,0.0261602428935598,0.0008276998227075178,0.00019707658362145,1.0078765499638207
0.0850466090085758,0.0339546005237037,-0.0005026789663367203,2.189743989903747e-06,1.0079664893385294
0.0862141022268246,0.0352290716844068,-0.000528164678299456,-1.5057877099082737e-06,1.008020917502046
0.0890727802091321,0.0381991181512886,-0.00032712162929294364,-4.902509935771806e-07,1.0081696435219618
0.0883509160150321,0.0372770612826074,-0.0004309513463462045,-3.93274867927934e-07,1.008133072680378
0.0873380164298325,0.0362090165274332,-0.0005012760203654117,3.3176825436038414e-08,1.0080800417612703
0.091679291272333,0.0388142461337676,-0.000232710946771916,6.547327226834034e-07,1.0083119145641088
0.0918607499837602,0.0393163409515917,-0.00014358093574252595,1.963674638238172e-07,1.0083232907621
0.0904919191437077,0.0380740737521641,-0.00034109244034270667,1.765269879763459e-06,1.0082461618276437
0.0930742896916034,0.0388104092324007,-0.00023077446065972512,1.6676085630023587e-06,1.0083895841590296
0.0932561659095762,0.0393203105151824,-0.00014123421809305884,5.680231383103924e-07,1.0084016583828592
0.0848326532205453,0.0176315339917114,0.0036283638537494,0.0005441323129199604,1.0080116673302515
0.0919755424531081,0.0012345527676866,0.0003896695807269882,7.619712119546281e-06,1.0084170921079985
0.0932562471431785,0.0006966494747918097,0.0002054374182257021,2.1694422318077284e-06,1.008451248066868
0.0915763105118745,0.0019834312741847,0.0006542202771453602,1.9014170404125385e-05,1.0084107693916768
0.0936620995504618,0.0012441097285561,0.000373167508364472,6.920604296842961e-06,1.0084680579888163
0.0946515804048696,0.000693227505795194,0.0001963726925009063,2.1534528971879006e-06,1.008492260666171
0.09485716097215,0.0012171182365752,0.00035203347032886,6.319955024353588e-06,1.0085052205166722
0.0960468990473593,0.0006895063932599992,0.000186874551142796,2.0002825988369777e-06,1.0085372190472628
0.0856528164246709,0.0151563279565922,0.0041075254206167,0.0005493419281178937,1.0081044333703149
0.0909591472070767,0.003078847660981,0.001077485580029,4.609788628103888e-05,1.0084034831456512
0.0894863037399538,0.0040449868785396,0.0015137395244036,7.94091249845582e-05,1.0083640246878682
0.0890159550720571,0.0062787091320537,0.0024074957065007,0.0001820453061722753,1.0083481286240372
0.0869827395115721,0.0135630058654578,0.0041482924157648,0.0005127902566233864,1.0081895400019911
0.0868764588587699,0.0115724487992232,0.0040145243403705,0.0004440460740490004,1.0082520327869708
0.08811521214656,0.0086720485241411,0.003282163596819,0.00030384454133779723,1.0083349428473527
0.0863549976714411,0.0194558856413536,0.0031273340560671,0.0005146448042246732,1.0080358421424596
0.0864712573791765,0.0256518468851194,0.0010751387209069,0.0002504585206409252,1.00797677996734
0.087109033644365,0.0234376180599439,0.001815404264159,0.0003633577235044724,1.0080178798956758
0.0877977998518672,0.021221062758193,0.0025975378858298,0.0004678968586717895,1.008075249175061
0.0849261467180498,0.0311468932019716,-0.00023378217527997308,4.18097232598027e-05,1.007929849154393
0.0858275599908372,0.0280039531898895,0.0004056261780185732,0.0001423498543087548,1.0079506396303783
0.0867115486577405,0.0329111879906476,-0.0004091081152565162,2.0055571363255835e-05,1.0080176594208712
0.0879521481059963,0.034478994243333,-0.0004980296175751039,1.3758837888013029e-05,1.0081014480761337
0.0897700920418527,0.0371128816721222,-0.0004402451153636521,2.360493492373012e-06,1.0082033054379298
0.0890596673322086,0.0358272729424391,-0.0005044235243082882,6.976525664641572e-06,1.0081675888778936
0.0919754491664679,0.0381711217881083,-0.00032595519754686727,1.550838518946361e-06,1.0083280730140378
0.0911588402806224,0.0372720182964347,-0.0004222574515681288,4.838700281129282e-06,1.00828200641231
0.0944963118693806,0.0388260677580938,-0.00022390568021319417,1.8036740707995976e-06,1.0084691266836414
0.0946513781205903,0.0393240493053762,-0.00013807612012099992,6.08325862861068e-07,1.0084795471996126
0.0933304687792956,0.0381858237724733,-0.0003196859719993156,4.255249322895154e-06,1.0084022978936054
0.0958983714395712,0.0388537268583697,-0.00021495887537391911,2.067797003152509e-06,1.0085480398688291
0.0960464660626754,0.0393250529410083,-0.00013522995954538705,7.174929997637254e-07,1.0085590781343274
0.0871709593215991,0.0171866938273264,0.0037526763395749,0.0005567639455005595,1.0081166017093688
0.0964397106419326,0.0012105720843517,0.0003342570151590816,5.995594455973506e-06,1.008553069502914
0.0974421700586199,0.00068626411468013,0.0001785891108300013,1.7604208501526628e-06,1.0085794443228338
0.0929831166952932,0.0020558225449497,0.0006533458790668986,1.9729823914716536e-05,1.0084549126696385
0.0923582922761594,0.0028529031038028,0.0009528944201432,3.949825183802679e-05,1.0084421250988498
0.0944353559823776,0.002045654180106,0.0006233159749365587,1.77682593548343e-05,1.0084982204362964
0.0958773282171392,0.0019898039936106,0.0005812665596288628,1.6455930845472714e-05,1.008542252297855
0.0880620299067136,0.0150414287663959,0.0040828764643079,0.0005468073036013914,1.0082250765873872
0.0923532592184537,0.0041569916454725,0.0014457315115132,8.013139057749428e-05,1.00845104892403
0.0907630842295598,0.0051302176517421,0.0018885361548226,0.00012677537579540042,1.0084062603359294
0.0902799891910651,0.0076612903829659,0.0028509547896736,0.0002428502411366144,1.0084074833481929
0.0887691382513086,0.0129313786133011,0.0040786986510317,0.0004991215452764862,1.0082945524033915
0.0893296042486376,0.0107399407577469,0.0037433605984135,0.0004002879694847545,1.0083475438749618
0.0886141245000236,0.0190038421349878,0.0033177366149807,0.0005389324818883198,1.0081448469101042
0.0880569944946337,0.0272465126644215,0.0006869113915903474,0.00020339893991906427,1.008048182625785
0.0885464974140601,0.0251024269146876,0.0013404323554998,0.0003065478741872136,1.0080768742914648
0.0891787753687908,0.0229764769864864,0.0020635187306786,0.0004124603109329082,1.0081241360253883
0.0898906845131065,0.0207357509805557,0.002826461658374,0.0005037618292246918,1.0081845143392252
0.0877712958638017,0.0301689130328681,3.729621466319207e-06,9.400461841965184e-05,1.0080534248817654
0.0885448534841929,0.0324433276753158,-0.0003182218479307569,4.948698087598023e-05,1.0081143945141824
0.0898573239411804,0.0338896239196516,-0.0004460170792215737,3.243243328723809e-05,1.0081959892772518
0.0910013357968174,0.0358253574072546,-0.0004918066329119104,1.2045824284702722e-05,1.0082585107420734
0.0926265915903995,0.0369687927610164,-0.0004394646032719959,8.143650197170477e-06,1.0083573118437084
0.0972606133739109,0.0388530709545184,-0.00021007168989336532,2.057448654371669e-06,1.0086256682130297
0.0974416033894993,0.0393228480630535,-0.00013275516482159813,6.375299997118291e-07,1.0086379866089863
0.0947407006190391,0.0382204970627378,-0.0003081039363557492,4.229230492829645e-06,1.008482392478468
0.0940864936454471,0.0373339880922479,-0.00040048703579107306,1.01000455411997e-05,1.0084445196462837
0.096098621166673,0.0382926393939209,-0.0002920443717758444,4.783890696893542e-06,1.008555829062246
0.0895086157199888,0.0168318132632665,0.0038301113967013,0.0005671921098172566,1.008236744657366
0.0978466454354842,0.0011748617215433,0.0003107433962614729,5.111961600480586e-06,1.0085965324999135
0.0988374146186633,0.0006840041276580605,0.0001709930570331088,1.8391896285853836e-06,1.008621249349604
0.0973913580946267,0.0019029165317654,0.0005306092942182343,1.413594268907166e-05,1.0085889212004224
0.0938204979369293,0.003274572808375,0.0010670538393974,4.527589162121808e-05,1.008494496039427
0.0953152965061957,0.0028135944364763,0.0008671270440454133,3.3941607478348406e-05,1.0085321088208823
0.0967029222718432,0.0028937128157887,0.0008608639276258425,3.2877459071399666e-05,1.0085771358887017
0.090294458585217,0.0145931906458108,0.0040658849545443,0.0005427567230687629,1.0083338346976436
0.0937921429051955,0.0047429989847036,0.0016167357416953,9.423097213311156e-05,1.008505719499245
0.0924730106072547,0.0063989621990891,0.0023057667607468,0.00017262832503740498,1.0084788437791017
0.0917255144671121,0.0096676116416328,0.0033710074471082,0.0003402188966665556,1.008438925426424
0.0910240731870911,0.0123340561599561,0.003942739152593,0.0004702268278990609,1.0083932653970022
0.0910671546038772,0.0187846816181708,0.0034262248043801,0.0005574686882710672,1.0082761329375052
0.0915577716375362,0.0207107700476389,0.0028827543486859,0.0005136788450769403,1.0082674235308489
0.0926512617898292,0.0198690783846836,0.0031622070010039,0.0005492246687693784,1.0083474068418097
0.089934909889907,0.0283926647392459,0.0004722082994717579,0.00018190866002404773,1.0081510805532885
0.0897964430951622,0.0264867257859945,0.0009794348884410028,0.0002613162051252516,1.008140552799338
0.0906579464527679,0.0248146616254312,0.0015293935377489,0.00034882114678157374,1.0081888788336342
0.0910684269423212,0.0225474277536501,0.0022800604123499,0.00044810431259745314,1.0082223245856596
0.090397057811251,0.0310378517685848,-8.119248385473286e-05,9.612696669441167e-05,1.008194269211074
0.0917303062379936,0.0334872532281277,-0.0003797996317172128,4.849183361776694e-05,1.0082952362592126
0.0927221281445134,0.0352660086130532,-0.000460553727694754,2.7088612662473893e-05,1.0083515414407704
0.0941742380972279,0.0359388212561725,-0.0004552776118023845,2.416852990820602e-05,1.0084463088482505
0.0931410894571393,0.0216255508398712,0.0026496340512734,0.000499251147256448,1.0083398373797343
0.0939563855236471,0.0200074139120662,0.0031525455791455,0.0005493928656891375,1.008395839666294
0.0986224581812487,0.0388264233311802,-0.0002078778523513028,2.6299382505676e-06,1.008703737459001
0.098836907815711,0.0393192518431603,-0.00013017467404214696,8.967540222600896e-07,1.008720183518094
0.0975045546501881,0.0382944038275033,-0.0002839139697171128,4.7600890254510695e-06,1.0086389628955004
0.0955350282798643,0.0371265754873536,-0.0004061842552394853,1.249434927617887e-05,1.0085208578185243
0.0968877059995033,0.0375512304768734,-0.0003600726275972905,1.039984819079826e-05,1.0085957309044578
0.1000461934175002,0.0388195080246995,-0.0002010446771630313,4.106853578175916e-06,1.0087919024119614
0.1002323495219428,0.039316588992638,-0.0001257863481945297,1.5076926640563671e-06,1.0088061084601083
0.0918466593516526,0.0163920668981153,0.0038917217427625,0.0005715146318315082,1.0083588237683416
0.0990354040893964,0.0011881437433105,0.00030355660287174625,5.303284105488491e-06,1.0086313545180856
0.1002326779117546,0.0006828965249959498,0.000163482865062088,1.7264597959797938e-06,1.0086627382457931
0.0987640215832116,0.0018599115286316,0.0004969696158394287,1.328609782709134e-05,1.0086279940862246
0.0981340323502784,0.0029346345699803,0.000840642588877269,3.3872055391723106e-05,1.008615629653992
0.0955031896945109,0.004262191917827,0.0013756977337744,7.305731215432716e-05,1.0085477837657877
0.0973211216975425,0.0041713875943585,0.0012810450213672,7.056097814839541e-05,1.0085989423041597
0.0925680415586857,0.014053233224616,0.004011364604456,0.0005264266649215276,1.0084336903579274
0.0947507131769617,0.0064258266216851,0.0021994756145871,0.00016736857316914535,1.0085482674417765
0.093961038992326,0.0090405328386089,0.003082106341398,0.00029880157675050306,1.008513422289302
0.0932851672661676,0.0117323091769358,0.0037517106823339,0.0004331499392884712,1.0084794411897942
0.093497018650547,0.0182345240202924,0.0035773864604842,0.0005747255102915033,1.0083996664367476
0.0916651893001542,0.0291014661331264,0.0003694081734247063,0.00017831974432437793,1.0082512100027383
0.0917815869377033,0.0268748388155747,0.0009527810699394048,0.0002689885015850785,1.0082519462511887
0.0927147266220108,0.0244114049800772,0.0017476521508286,0.0003868210069689466,1.0083023226060983
0.0928561428140711,0.031042552686035,-1.4899357908151906e-06,0.00012367174105544512,1.00832013084103
0.0940716165980223,0.0336057589877256,-0.00034684545502230323,6.05532454400592e-05,1.0084135520265216
0.0957635622410675,0.0351356925662333,-0.00041812141571750825,3.955795260932781e-05,1.0085218571096062
0.0950914948414922,0.0192712412415957,0.0033653981011152,0.0005714190443672516,1.0084697896059391
0.0951626001631779,0.0210581992483986,0.0028851697999497,0.0005300585276493524,1.0084544612798485
0.0948589749571525,0.0237303876075914,0.0020519586313607,0.0004350197616901827,1.0084200706570432
0.0988775582974894,0.0381959279802483,-0.0002841311419815524,6.917326002331354e-06,1.0087174539767592
0.0981076423611417,0.0371847134206925,-0.000370849274780881,1.6196012581242907e-05,1.0086715589295192
0.097054660111764,0.0361773760928714,-0.00041340454092845153,2.759349560193916e-05,1.008603600630006
0.1014874813210756,0.0388096045537026,-0.00019228570625332372,4.371360070895205e-06,1.0088749869323108
0.1016278218256351,0.0393154860019097,-0.00011998878885900589,1.509320298647891e-06,1.0088866213533554
0.1003464664512886,0.0381717328013748,-0.00027366563162178567,9.855950800304848e-06,1.008806199297054
0.1028861802451906,0.0388044586799107,-0.00018276717232574625,4.734968799164482e-06,1.0089552820713958
0.1030232552854551,0.0393154906867272,-0.00011384893064213386,1.6334909190642298e-06,1.0089674087314908
0.0941446337922978,0.0158586056540229,0.0039197694593469,0.0005635141785391629,1.0084724573030996
0.1003760895893253,0.0011607415933648,0.000284760484673095,4.83130885059668e-06,1.0086710128184313
0.1016280072008084,0.0006824950689412368,0.00015674964138004613,1.6205825092748154e-06,1.0087037283092517
0.1001186890606656,0.0017561698042389,0.000448786600910308,1.1085973446871606e-05,1.0086675978692237
0.1018005117205194,0.0011698874879721,0.0002756413937450167,4.678118722019875e-06,1.0087130800811053
0.1030233796022159,0.000681543802366446,0.00015020833342031177,1.5870524618232985e-06,1.0087448018227745
0.0995851850657864,0.0027829020410377,0.0007613216843731248,2.8348871494702125e-05,1.0086589498915668
0.09903958538866,0.0039969769082998,0.0011690285792687,5.9474158850572046e-05,1.0086521130082111
0.0968379389453649,0.0061403483787035,0.0020036528336764,0.00014859302213079853,1.0086043730283534
0.0983225910957307,0.0055256335633643,0.0017242985705668,0.00011534097824131092,1.0086470793329103
0.0948365580225109,0.0135361402103548,0.0039103539636977,0.0004984374560596596,1.0085262354742726
0.0962030407974351,0.008704719879168,0.0028681495106026,0.00027120143099882126,1.0085928284830852
0.0955552435731046,0.0112279673469087,0.0035479568585825,0.0003973512862620416,1.008563217858114
0.0957370693135513,0.0175923294457983,0.0036894243921126,0.000577134630086463,1.0085105094466489
0.0935193690784406,0.0285944882280489,0.0005608071063663834,0.0002159585621912129,1.0083556969770326
0.0941322077945734,0.0262545654625197,0.001238414945379,0.00032105148855735667,1.0083775157571395
0.0949224832920412,0.0304353426387015,0.000179794043053013,0.00016046481966414797,1.0084365467066136
0.0962680101602006,0.0327638347477024,-0.0001774286438304448,0.00010274916708092891,1.0085334520358014
0.097621639459729,0.0342702528519463,-0.00031984086564892326,6.890334808401509e-05,1.0086263584686772
0.0969549028885671,0.0196098089466472,0.0033211446932715,0.000568889604014364,1.008560015753453
0.0968853711357178,0.0221300912465918,0.0026216093668167,0.0005084502183190731,1.0085365472317578
0.0984500105481865,0.0210837780636955,0.0029610336762502,0.0005490131030277141,1.008633285609801
0.0959836660624326,0.0258370189597942,0.0014436774545173,0.00035801345885143744,1.0084818288811672
0.0972002233447889,0.0243946270970316,0.0019369877786811,0.0004268126586339297,1.0085491248913454
0.0996549560796443,0.0370458179119762,-0.00035722103094018527,2.064654406407089e-05,1.0087545783514882
0.0987813224619353,0.0357927345214348,-0.0003793362683541267,3.963056884069254e-05,1.0087050793776713
0.1017765306632883,0.0381746147662042,-0.00025898225076882584,9.794002535650809e-06,1.0088893829659236
0.100994081274761,0.037221248345487,-0.00033082890359090487,2.23191733665411e-05,1.0088432710639046
0.1042535892785122,0.0388170307258031,-0.00017056968898356768,4.8570779338718366e-06,1.0090325706131684
0.1044186826851136,0.0393155290067767,-0.00010738073436317276,1.6858194031707023e-06,1.0090453559139938
0.1031506298276263,0.038182453020731,-0.00024317214905437027,1.1024068695981253e-05,1.008965345069001
0.1056673341158224,0.0388264364896068,-0.00015759355403035722,5.162248617886385e-06,1.0091103591556427
0.1058141652462034,0.0393163278789093,-0.00010027107925976457,1.8340469500778216e-06,1.0091235456888874
0.103160087345356,0.0011734041307343,0.0002658322281462289,4.5640333611155286e-06,1.0087527207416782
0.1044187052765956,0.0006799970380114476,0.00014355090778715043,1.5057210145516597e-06,1.0087853184638522
0.0963821381068699,0.0153462773735627,0.0038997263969836,0.0005459190460473663,1.0085695819714786
0.1015418351594426,0.001823226699085,0.00044983573120796136,1.1560709063910976e-05,1.0087104769833128
0.1007947523968004,0.0026259944506278,0.0006901045758408932,2.435067067353808e-05,1.0086949040271558
0.1028378048779481,0.0018545489590804,0.00044171907051055776,1.132088675835855e-05,1.0087470631628728
0.1005524087877636,0.0038325599416441,0.0010716888885802,5.215797757871292e-05,1.0086947921117382
0.0999186872796477,0.0055636849658721,0.0016716794230312,0.0001112130265416588,1.008691888823635
0.0985381675571238,0.0077060354195233,0.002451065128043,0.00021207956564582667,1.0086623525168916
0.0970831438432504,0.0130098909490401,0.0037756142568838,0.0004666501645475513,1.0086144611063366
0.0978230214304842,0.010680987838596,0.0033193979089965,0.0003598179568177399,1.008649142815644
0.0978998146484329,0.0172327486872748,0.0037297183102268,0.0005740690292126318,1.008615073509305
0.0959349232381385,0.0280788364683966,0.0007949177862495758,0.0002625325666410268,1.0084860917295082
0.0968329086535052,0.0303577167472913,0.00027139873086201826,0.0001836033458317532,1.0085478996700934
0.0983394516413397,0.0316051736999444,6.858745395369168e-05,0.00015156305586238122,1.0086440606237037
0.0995168229574711,0.0337144398422445,-0.0002130484076753659,9.193355759297258e-05,1.0087284007854131
0.0995118754648448,0.0192802147206419,0.0034119011340809,0.0005724645985392363,1.008690634010977
0.0999266337184959,0.0213363876022315,0.0029264258980845,0.0005411763308065949,1.0086975579055928
0.0989712695364903,0.0230623889310038,0.0024124160029344,0.0004911705037620938,1.0086534728345915
0.0977019121967892,0.0264971958591982,0.0013186455775647,0.00034513899412533965,1.0085803215184208
0.098800146221479,0.0251104846308041,0.0017825208706816,0.0004104787971203268,1.0086408387502364
0.1008102204806959,0.0356257603951213,-0.00033507950729600334,4.882943430649043e-05,1.008817583616379
0.1024846909820087,0.0369547361320124,-0.00031969177788034736,2.670404606271583e-05,1.008919987463069
0.1070638410312388,0.0388340905316864,-0.00014482935975323804,5.452750344807668e-06,1.009187708472144
0.1072096115159328,0.0393193931677071,-9.259431937185764e-05,1.9430377688053137e-06,1.009199292098037
0.1045572772517142,0.0382214023306838,-0.00022367360894637325,1.0816400920273535e-05,1.0090467253327915
0.1039202856104829,0.0373229026013637,-0.00028067318688900547,2.4018280968085484e-05,1.009005291156235
0.1059289191740453,0.0382297340448626,-0.00020550901148464303,1.1891736692450592e-05,1.0091195345511157
0.1046166904886966,0.0011783582407698,0.0002559040053479988,4.3146893050361006e-06,1.0087944744462158
0.1058139449329719,0.0006791210375304789,0.0001380525111521014,1.158074067908657e-06,1.0088268680024393
0.1059704037556413,0.0011688673514081,0.00024483639483676925,3.483520518199576e-06,1.008835309637121
0.107209127947471,0.0006797012594496382,0.00013336435138016725,1.1766103146280256e-06,1.0088653307135242
0.1042737882953068,0.0018382851623097,0.00042041743767312574,1.0911873846159052e-05,1.0087885225777131
0.0985916090836077,0.0148481768972907,0.0038439551478739,0.0005248170822184823,1.0086626315756753
0.1021381045993873,0.0030587793902209,0.0007906374544267333,3.095828179237259e-05,1.0087364212911238
0.1036136215619585,0.0027844399033279,0.0006846618174421444,2.6123191519967437e-05,1.0087742072381394
0.1018381379962997,0.0049670218938064,0.0014031580029474,8.444550028616363e-05,1.008740322078246
0.1010950331760979,0.0072179829752664,0.0021745907288342,0.0001755273276462231,1.0087429866917443
0.1001099343988979,0.00978359319092,0.002982809143522,0.0003018188140765568,1.0087161538726603
0.0992976202236794,0.0125133811431526,0.0036202134768852,0.0004361571716151034,1.0087038193316609
0.1001326811737874,0.016680269575417,0.0037572650222202,0.0005600201063634735,1.0087254826943466
0.098525202513649,0.028864474482423,0.0006893206317985962,0.0002530342373316522,1.0086382967971073
0.1001699085514577,0.0309205297906581,0.000267945739935969,0.0001855756146171377,1.0087499664516526
0.1013996292811414,0.0331822668817052,-8.80922497548888e-05,0.00011638940256338296,1.0088329313267612
0.1017683746932913,0.0184061606109764,0.0035531622803663,0.0005688841040884332,1.008790581180432
0.101481397987821,0.0204956493584768,0.0031676696277521,0.0005607715419830658,1.0087887445265773
0.1011619154074062,0.0226552264273352,0.0025999178229201,0.0005092573582154825,1.0087700843056169
0.1005113075043626,0.0247409096381522,0.0019634736060932,0.0004378071160212445,1.0087386899492594
0.0997673088506356,0.026697280522485,0.0013466895875727,0.0003519868355269197,1.0087000172563794
0.1027529242740338,0.0348895490785004,-0.00024059338398827685,7.532211170815397e-05,1.008922954283449
0.1040419675065447,0.0359770853270373,-0.00027267271139463315,5.112376957393516e-05,1.0090093323175262
0.1084153128671662,0.0387992336305417,-0.00013508840103440415,5.954242739702613e-06,1.0092581949463015
0.108604876543208,0.0393231099655967,-8.399894395125965e-05,2.0163642769819927e-06,1.0092740881158566
0.1072608938208023,0.0382606443110785,-0.0001872609664293225,1.1638700656782896e-05,1.00919487560153
0.1053684571414325,0.0371027161015379,-0.000263054200661233,2.8943532185180795e-05,1.009083771276755
0.106654959782994,0.037484800187526,-0.00022913119149705225,2.288228707806252e-05,1.0091525305725035
0.1074008062976532,0.0011672751838782,0.0002355092819263965,3.5439715633316983e-06,1.0088731787467071
0.108604289369541,0.000681958354541503,0.0001289473079502109,1.3186968619859583e-06,1.0089025435864696
0.1057812121902084,0.0018239497766209,0.0004003524843584228,8.858558209862233e-06,1.008833461888041
0.1071576348492782,0.0017319184284627,0.0003646670535406323,7.92984060669858e-06,1.008869525089925
0.1050602333839128,0.0029130384436764,0.0006946660317855639,2.453206351609819e-05,1.0088202469091472
0.1007539387164622,0.0143095100393556,0.0037543889865143,0.000495652593266828,1.0087552733454643
0.1037628859579282,0.0042355130535796,0.0011114917885013,5.618331428369463e-05,1.0087914966628206
0.103160219294027,0.0064035743757486,0.0018271977895306,0.0001317872861450292,1.0087912065877946
0.1022788770859721,0.0093295322361434,0.0027568348161289,0.00026673192343394057,1.0087875811831617
0.1014708594198998,0.0120081374959491,0.0034336119435783,0.0003961900735295105,1.0087722396538756
0.1087336945929631,0.0011864385480179,0.0002314458508751586,3.83669185493158e-06,1.0089101994835017
0.1099994680021836,0.0006860465501215439,0.00012467516542363907,1.1471277185511003e-06,1.0089408772566402
0.1021670140274891,0.016073050597024,0.0037455344488337,0.0005363125251411928,1.0088099787545195
0.1036116457263065,0.0177154562432623,0.0036234454593462,0.0005553443763147463,1.0088751871986472
0.1009898877259005,0.0286273567395615,0.0008542821061171948,0.0002816729321042447,1.008777680885221
0.1022588444066301,0.0307194600696656,0.0003910535422368611,0.0002060648274538451,1.008867848123704
0.103154321972381,0.032692235476476,5.006217059522008e-05,0.00014230723836200328,1.0089306547408237
0.1036550685709617,0.0199386946555039,0.0033069376797662,0.0005609269606105441,1.0088940432285634
0.103054272100842,0.0222136779423823,0.0027727526176075,0.0005295701688033423,1.008874900945287
0.1025204870804997,0.0243900808381888,0.0021407684704081,0.00046014310161113193,1.0088482448579414
0.1018526657640171,0.0265406747423343,0.0014795328083217,0.0003749065806263607,1.008818396456479
0.1046026220009862,0.0338774183245998,-8.444647786348051e-05,0.0001103514384571283,1.0090237528477244
0.1057294646081634,0.0352835935758811,-0.000194157333292114,7.153889347882697e-05,1.0090939826842205
0.1095232358595057,0.0387708899745063,-0.00012579702986860867,6.508670764090481e-06,1.0093178056324243
0.1100000239634504,0.0393242481961799,-7.607640943069106e-05,2.1595213671133905e-06,1.0093454794322605
0.1087267488877729,0.0380816932078189,-0.00017473480960652926,1.543873747505577e-05,1.0092705043897452
0.1078625775761286,0.0372112582237313,-0.00021133404793508129,3.0054823502483077e-05,1.0092221864106328
0.1068491865681708,0.03624234174079,-0.0002181119268249312,4.830646166170601e-05,1.009159153648304
0.1111570191158986,0.0388354970385868,-0.00010416558853126868,6.691112987944599e-06,1.0093987956295545
0.1113952415806821,0.039322916013984,-6.704411424048853e-05,2.414452813007088e-06,1.0094161890838416
0.1085092833352378,0.0017417105727443,0.00035427997255586515,8.049894010867301e-06,1.0089067942089764
0.1065207607819819,0.0027203401807903,0.0006177964666387196,2.023253530118115e-05,1.0088573108149836
0.1077695207101442,0.0025262330737433,0.0005498749645057053,1.7313088976375738e-05,1.0088911484282876
0.1058078180407107,0.0041916057191335,0.0010444852314773,5.176747100657084e-05,1.0088457502190693
0.1028613517666524,0.0137371470049282,0.0036289950713762,0.00045838928430598616,1.008830616678004
0.1050700320689096,0.0061651384180127,0.0016774069850411,0.0001144079088435048,1.0088440757332309
0.1043640892642601,0.0086646575272251,0.0024720797134214,0.0002213558870895558,1.0088436464176054
0.1035794972365004,0.0114752606864987,0.0032296644995894,0.00035714546451652297,1.008842377401021
0.110387843765174,0.0012263774163842,0.00022971986679236727,3.5498530202389373e-06,1.0089533227501672
0.1113947170623963,0.0006915907501203057,0.00012152080619938362,1.0791736165923551e-06,1.0089776470899008
0.1097334044122387,0.0019218927474647,0.0003836221673620072,8.948532241339365e-06,1.0089392312108834
0.111499577921861,0.0012206863069819,0.00022213284089525975,3.193690794078876e-06,1.008984099219595
0.1127900714920314,0.0006975581666260237,0.0001185844576687447,8.03041943869377e-07,1.009015822931805
0.1042611699194576,0.0154134935368599,0.0036885576295862,0.0005021955014347431,1.008891427851605
0.1051039001974674,0.0187157187622321,0.0034958304026092,0.0005575318507416371,1.0089398605556548
0.1055660422205305,0.0201122626244282,0.0032791340840537,0.0005559212823188578,1.0089849171237697
0.1056695610539649,0.0170046921936848,0.0036308346911993,0.0005295525785787455,1.0089469730028684
0.1033256347430988,0.0285240897638039,0.0009790567200167657,0.00030363934505976594,1.0089130935497403
0.1046179089546658,0.0310621967000378,0.0004027932040960463,0.00020726248287276109,1.0089995497110855
0.104972318660675,0.0218617342932664,0.0028976407801652,0.0005327945344383757,1.008959228880439
0.1045307586213471,0.0239602660227366,0.0023329020309304,0.0004818107311540904,1.008954623954445
0.1040120030917522,0.0262295163412681,0.0016558428296826,0.0003983785902097131,1.0089383648345178
0.1063421158391737,0.0329134923664463,0.00011746349865854452,0.00014830980086596386,1.009111829921724
0.1074709591064797,0.034363198144425,-5.2703101385095625e-05,0.00010268796773074892,1.0091766528548207
0.1101494703652951,0.0380464995098518,-0.00015413100918111825,1.6414309826739594e-05,1.0093432821055233
0.1093412570900427,0.0370483768113878,-0.00017892066992789563,3.484143891662541e-05,1.0092960583212864
0.1084065810701806,0.035992438543868,-0.00016639576718336342,6.0579863780198976e-05,1.0092456958778022
0.1126051305543031,0.0388574370515797,-8.806442447306557e-05,6.049244137308872e-06,1.009467125944494
0.1127905453560372,0.0393216857720008,-5.827922714096735e-05,2.189190541754289e-06,1.0094804514255582
0.1114842892292996,0.0381799111989537,-0.00012938377700806794,1.5203644966709282e-05,1.009410515521665
0.1090861763542854,0.0029609974981355,0.0006383493465625443,2.1849974531467893e-05,1.0089284328049706
0.1075890355059109,0.0038104780835333,0.0008934357716564276,3.9789946183647154e-05,1.008891622880762
0.1070116930755894,0.0056767601162748,0.0014593590043466,9.11783510716976e-05,1.0088906370050583
0.1049356312937561,0.0131438555770486,0.0034725117268845,0.0004169683673844369,1.0088997010533205
0.106289087367793,0.0082480870832258,0.0022652471253021,0.00019134907269992217,1.0088955649170803
0.105613744855906,0.0109130865724818,0.0030071552582987,0.0003140059553461566,1.0088964950586308
0.1111067860367931,0.0019176844258065,0.00037016446174111976,8.809184326810453e-06,1.008976748298317
0.1104204627979534,0.0027533339405209,0.0005693621122989146,1.889406687093894e-05,1.0089605261828485
0.1129254842532622,0.0011969298026268,0.00021068936961178968,2.5137110278123317e-06,1.0090214828217323
0.1141855324427078,0.0007029098497753866,0.00011631973847248292,9.450934281748844e-07,1.0090500581923496
0.1125558427156714,0.0018160430174152,0.00033628350266353503,6.012716092585673e-06,1.0090140301579016
0.1063135448865354,0.0147891661126248,0.003593977764378,0.0004655510730343445,1.0089576695638105
0.1155810716497598,0.0007067025937295914,0.00011337381405837443,7.586973001315186e-07,1.0090857244646485
0.1142741154872693,0.0012393637034521,0.00021283190951309428,2.8790210017555497e-06,1.0090557557194264
0.1070817407967335,0.0212376117223386,0.0030807296894439,0.0005379791249421471,1.0090626958226088
0.107017182874061,0.0188075519036037,0.0034810806631043,0.0005437742216069544,1.0090280710184596
0.1076827114243155,0.0164898447916751,0.0036045512685195,0.0005033425950622033,1.0090219729712724
0.1058458292290897,0.0281835520467282,0.0011711959412974,0.000328628861819755,1.009050815561787
0.1067959944913011,0.0305251288525452,0.0006175568547346428,0.00024184801193921773,1.0091180449615973
0.106511337331649,0.0233849729283879,0.002546495758304,0.0004988972386360349,1.0090494250266344
0.1061156750793714,0.0256916776850274,0.0018910926285798,0.0004266776931996078,1.0090485275541692
0.1076524593603535,0.026888985873592,0.0016071180660056,0.0003864358456480128,1.0091368451890248
0.1084841442021737,0.0319127783084371,0.00037607251779107903,0.00019165504072139,1.0092191071147807
0.1090056327177941,0.0342978399890671,6.477292412650172e-06,0.00011279688378239454,1.0092705991035125
0.1139968643907429,0.0388323616310613,-7.461531580693772e-05,6.502458796420249e-06,1.0095289083232173
0.1141858348690742,0.0393204624990066,-4.9448951954305936e-05,2.3110785777076536e-06,1.009542527262656
0.1108207072460393,0.0371225297421011,-0.0001483306336549563,3.457822708838152e-05,1.009368667501065
0.1100432679829676,0.0356600983715409,-9.92843490801674e-05,7.026573038978204e-05,1.0093270600360595
0.1128472000212595,0.0382658268427323,-0.00010711058100429349,1.3267072178392842e-05,1.0094734431128751
0.1120665549645802,0.0373772100621509,-0.00012513928030356066,2.972644562555507e-05,1.0094325527234114
0.1103734984359087,0.0040500694824117,0.0009019688821841628,3.959894168167153e-05,1.0089656244322132
0.1088391434003104,0.0048165760191403,0.0011501768661413,5.969655997508049e-05,1.0089345365922535
0.1082927833736639,0.0071331369337001,0.0018567208258935,0.00013500164840841427,1.0089408567626783
0.1069795636494365,0.0125289205383247,0.003288685363752,0.0003731075759705257,1.0089578636841223
0.1076117966582228,0.0100878032762654,0.0027141015446526,0.0002620910197608215,1.0089483174522629
0.1117920236371139,0.0030211459616632,0.0006146930664941039,1.902028546358473e-05,1.0090022203139315
0.1139875943279846,0.0018322362525215,0.0003296939683938012,6.280479103751675e-06,1.009050141863364
0.1132192977065085,0.0026382228768199,0.0005094526531412644,1.3680258276629014e-05,1.0090352083733711
0.1083526319095901,0.0141544951211216,0.0034677275562755,0.0004254808474499185,1.0090180181970396
0.1159641406102125,0.0012731846184296,0.00021180310476426664,2.4924514478206453e-06,1.0090966295131396
0.1169766365096536,0.0007084488239569905,0.0001110307795406194,7.384637630902155e-07,1.0091188254687236
0.115221549026592,0.002033164912983,0.0003616704567854464,6.76119609838155e-06,1.009081528225317
0.1080646970569655,0.0228038672865953,0.0027273259101071,0.0005069083417833622,1.0091159307494435
0.1087257467396806,0.0216226201229535,0.0030139825284846,0.0005254246579129056,1.0091460245812856
0.1087127317102128,0.0200346332564298,0.003301241031826,0.000537854469139861,1.009116734007813
0.10981387507242,0.0157160280958231,0.0035329839598991,0.0004613271338866916,1.0090887177159031
0.1091860729592639,0.0179426607176781,0.0035268731239099,0.0005154250833507627,1.0091038505416308
0.1084503921178179,0.0289947915949708,0.0010561485515162,0.0003056596343135767,1.009194713118024
0.1101485808567231,0.0307358227169032,0.0006974428483353507,0.00024322398034209167,1.0092924048021388
0.1083028337774609,0.0247545328854116,0.0022256349975273,0.0004592258415308481,1.0091472732745272
0.1095475666092864,0.0268200426873607,0.0016948706204782,0.0003914692590252135,1.0092325089277585
0.1106134578024057,0.0335216938189136,0.00016540496972442174,0.00013772926395730158,1.009340334720475
0.115364550741837,0.0388176046468664,-6.004416938658328e-05,6.863256914401377e-06,1.0095882344846288
0.1155811517229218,0.03931787049659,-4.026558601296944e-05,2.455710087544653e-06,1.0096025768144308
0.1141778641172199,0.0381620407642387,-8.770956762547722e-05,1.5695741774618205e-05,1.0095321252862444
0.1120153083105263,0.035834914976098,-6.12212480198002e-05,6.609052329915145e-05,1.009419109235778
0.1133310611419681,0.0370816884702969,-9.195310223156564e-05,3.551608550794592e-05,1.0094876596381444
0.1167699363417679,0.0388352894890437,-4.364048224114082e-05,7.158754459596762e-06,1.00964558149541
0.1169766345942668,0.0393149278636978,-3.0622741635074844e-05,2.6517550949609247e-06,1.0096584451385382
0.117148970722927,0.0013237756662243,0.00021604674301625357,2.4631388771100745e-06,1.009125587923041
0.1183721783792244,0.0007082966202757649,0.00010815648829256574,6.064820739014641e-07,1.009152208331655
0.1116699570158023,0.0045339145422307,0.0010069676350439,4.5557612841182645e-05,1.009007174118128
0.1104332274099869,0.0062144489327794,0.0015132822952226,9.328747687142304e-05,1.008988364479477
0.1096923750985095,0.0092380533840507,0.0023995151373141,0.00020952264874923385,1.0089953083561445
0.1090430338180835,0.0118547052449764,0.0030698276913285,0.0003265336294396721,1.009010806171433
0.1130727289020218,0.0039771728961763,0.000832368659578003,3.2072597727233995e-05,1.009036719861531
0.1145240320549601,0.0030860210888552,0.0005943803565402593,1.7450931040368788e-05,1.009069942928084
0.110473673771181,0.0134364623109664,0.0032942419135018,0.00037663413859322553,1.009074291056848
0.1166157740222795,0.002067204015421,0.0003588977267315889,6.966668526819623e-06,1.0091154270242748
0.1158974424211749,0.0028720601400022,0.0005323555766109826,1.4256403753430856e-05,1.0091003103050522
0.1096172153184287,0.0230437473017542,0.0027036448252029,0.0005009804931339581,1.009189440651293
0.1100992837670043,0.0212485652046453,0.0031038170062809,0.0005242481063091477,1.0091924746367298
0.1106238293025067,0.0193565521750655,0.0033839554137247,0.0005200266776011034,1.0091741821209608
0.1119254399882655,0.0150220738731504,0.0034249672064564,0.0004177980073797696,1.0091401020721724
0.1112661073442614,0.0172514638803422,0.0035158352793735,0.0004837213373064791,1.0091615862054153
0.1107432982766345,0.0287515364727062,0.0012104440412872,0.0003226067720954945,1.009304465571926
0.111805188459106,0.0310881420492998,0.0006814433091904757,0.00023101983510527885,1.009386466517505
0.1105304958144105,0.0247501979007002,0.0022913387808491,0.000456178020955534,1.0092566187440342
0.1116054253518025,0.0267807321968077,0.0017754928096006,0.0003929292051510247,1.0093277274281112
0.1128606930554225,0.0334640781463594,0.0002568410455716776,0.0001454867466636109,1.0094412237932124
0.1155807662227201,0.0381554474751347,-6.47211056793585e-05,1.6193071862506393e-05,1.0095918184222643
0.1148480054228219,0.0370898100420967,-5.679371735138858e-05,3.760339983690887e-05,1.009554799129646
0.1139747703545841,0.0356175317866554,1.823463443984396e-05,7.706104969248938e-05,1.0095082294126991
0.117045615663206,0.0382059324424519,-4.058839566594891e-05,1.6264036786086508e-05,1.0096509674316907
0.1181975357989132,0.038808377258432,-2.735914012738861e-05,7.22918434522136e-06,1.0096986820054752
0.1183722107808459,0.0393152236427868,-2.0233413161937277e-05,2.6065816982186963e-06,1.00971006134165
0.1185830758329552,0.0012733402874923,0.00020220369394251847,2.0401337841105e-06,1.0091588264452522
0.1197676609405421,0.0007065835054164186,0.00010565687874921056,5.709547822967211e-07,1.0091836330696462
0.1179819211796777,0.0020699038393659,0.0003504521900099166,5.522682161967437e-06,1.0091470391590336
0.1200423105183591,0.0012845780671113,0.00019955342419442667,1.919011193890488e-06,1.0091917619405812
0.1211630631566441,0.0007040518387623547,0.00010309235092705357,4.7067574983040724e-07,1.009214216368677
0.1124961366788387,0.0058595842728423,0.0013512730576535,7.725409440503628e-05,1.0090353047204743
0.1117769933075624,0.0083348917973159,0.0020700592312007,0.0001592488176092915,1.009040775537631
0.1111178543667193,0.0111467630929954,0.0028242149463776,0.00027748418899106644,1.0090575368535275
0.1142485069621567,0.0048803515621962,0.0010419588941538,4.765356049276694e-05,1.0090712999511648
0.1157349599988428,0.0041745025498981,0.0008362395075890032,3.105657457884451e-05,1.0091029404126088
0.1125969282253843,0.0127260170788708,0.0030939682539601,0.00032641731544370264,1.0091202899504472
0.1172734245585209,0.0032393559843562,0.0005975870812359973,1.5623745760967885e-05,1.009136930548628
0.1113406796149405,0.022901959163145,0.002770687470489,0.0004975916207407546,1.0092676458603378
0.1120515563771277,0.0209431828080774,0.0031658347154831,0.0005114552962744409,1.009264840692449
0.1126890248402432,0.0188360647824628,0.0034143597957117,0.0004955101908513758,1.0092416917780016
0.1140521761468009,0.0143690417745517,0.003287424968755,0.00037293474903658217,1.0091893806555163
0.1133593839987152,0.0166356938620332,0.0034679459749922,0.0004482390815870572,1.0092170650486103
0.1126920137489174,0.0287666719344909,0.0012800434112068,0.00032190299380306506,1.0093998791334926
0.1137730870145326,0.0312890492064255,0.0007119538614000117,0.00022754179326978712,1.0094697870775848
0.1125112782746948,0.0247923101483553,0.0023349946616059,0.00045156840403750095,1.009345427268851
0.1136075312354934,0.0268048632383369,0.0018348142253029,0.00039056218591989,1.0094197587212312
0.1147977164624037,0.0337247322849643,0.00028292017354098186,0.00013794917714831802,1.009530385816927
0.1164160583398251,0.0370661333927287,-1.897138720329076e-05,3.8876091746542186e-05,1.00961668943037
0.1157098566201648,0.0356215810032601,6.956871536271208e-05,7.663553421987897e-05,1.0095833702332688
0.117684314325341,0.0373198947425168,-1.9301522941593838e-06,3.3264030684772443e-05,1.0096684834199443
0.1184574669090631,0.0381366308958404,-1.608624834491593e-05,1.6832808572861092e-05,1.009702083385468
0.119286723594454,0.0388013257508888,-1.491641589042962e-05,6.873920564113014e-06,1.009735753622813
0.1197676397565557,0.0393181350988755,-1.0855297361987153e-05,2.3282674121433635e-06,1.0097564315734466
0.119408847747092,0.0020445321330773,0.00033773178985653973,5.532706824996835e-06,1.0091799329997546
0.1187355164232752,0.0028453180932909,0.0005005962774453831,1.1366120915159534e-05,1.0091667638545732
0.1215530308791275,0.0012592604865321,0.0001909797319231902,1.5280250796211407e-06,1.00922352237162
0.1225583952690173,0.000701526869559013,0.00010101466529548748,4.432710523098624e-07,1.0092437778259449
0.1208374867265474,0.0020898131846604,0.0003385477515137519,4.468396229082604e-06,1.00921025633083
0.1239536596620386,0.0006992700183702942,9.886486215427856e-05,3.285859869168467e-07,1.0092724192946394
0.1226653085471216,0.0012431136541277,0.00018552402273107823,1.3708045949121658e-06,1.009247718030882
0.1137244764946501,0.0071692439154097,0.0016825746166923,0.00011007609157143547,1.0090780918559992
0.1131658717425474,0.0103332036174987,0.0025427880223346,0.0002259629686860297,1.0090973450094454
0.1153858631264621,0.0061045773685714,0.0013440751001716,7.096340747151111e-05,1.0091107698099882
0.1170804908697819,0.0048646491554075,0.0009850112984793118,3.906536917299694e-05,1.0091422955383529
0.1148470362337971,0.0120107238451104,0.002868334523794,0.00027712312776071926,1.0091692290883472
0.1185917939988853,0.0041800096257051,0.0007956914534784767,2.5978583435625e-05,1.0091693430022175
0.1134166980715888,0.0227488697164892,0.0028370112126415,0.00048653186043019374,1.009348953287332
0.1141398226615796,0.02056708186841,0.0032217796060387,0.0004935449171063359,1.0093319324250667
0.1147908115251869,0.0182955274775961,0.0034191093978572,0.0004681134672174869,1.009299330259131
0.1162045909219353,0.0137934385488665,0.0031347743593172,0.0003292011485438835,1.00923480900326
0.1154568201913229,0.016047432925539,0.0033904856941708,0.0004098378021591221,1.0092662886442307
0.1146551095912852,0.0288666637819428,0.0013267195700165,0.0003183574946506464,1.0094871632378908
0.1156507901176268,0.0313988515547437,0.0007579766423090805,0.00022501757997278347,1.0095502672203518
0.1145668884111159,0.0247671049809036,0.0023917908428455,0.0004457689365852684,1.0094311974801595
0.1156556366657258,0.0269216552511095,0.0018686449634272,0.0003826103072572533,1.0095052426010398
0.1166002092715548,0.033797595616055,0.0003344728984088828,0.0001376003365750788,1.0096040364384822
0.117601422136026,0.0358523624445619,0.00010055029981421496,7.06298417796244e-05,1.0096557325047222
0.1188905083908578,0.0370246094196033,4.2242122586571577e-05,3.902859969648063e-05,1.009709900710032
0.1197999379178034,0.0379819821282068,1.2296006204320773e-05,1.912269182683464e-05,1.009746209583408
0.1205572529052358,0.0387750673711005,4.6291895352778404e-07,7.351196343276109e-06,1.0097762459868334
0.1211628886030904,0.0393200659507462,-1.886630345887644e-06,2.3694331283683005e-06,1.0097996137559506
0.1223155162369978,0.0387913699990412,2.0324784496140145e-05,7.633261563785841e-06,1.009828980516577
0.1225580595927017,0.0393204116500753,7.954234985781034e-06,2.605813016545208e-06,1.009841591828314
0.1240668200972319,0.0011104663290748,0.00016149474591897118,9.653889731677149e-07,1.0092756711441675
0.1253488477516854,0.0006980506431233271,9.73683345582716e-05,3.793717361700058e-07,1.0092989524781728
0.1201165443002098,0.0032500933001799,0.0005717010021902828,1.3073068989250964e-05,1.0092009358328722
0.1222327177208823,0.00204026308864,0.0003234427311593268,4.583953257899187e-06,1.009240849191414
0.1215789397749082,0.0028576574419165,0.00048101384805795,9.40723528480137e-06,1.0092291255736905
0.1236881645679729,0.0018771336260539,0.0002882873667854735,2.8800644585380804e-06,1.0092691542412888
0.1156187092173188,0.0089581710801031,0.0021024553630937,0.00015638950819834769,1.0091397431240028
0.1168985680596114,0.0068306510141938,0.001496378943305,8.451582470402816e-05,1.0091489884988736
0.1184154848112047,0.0060255210810678,0.0012501879643007,5.888471188881884e-05,1.009173526445035
0.1170941303704494,0.0115451514654419,0.0026813314502891,0.000236809794658273,1.009211002910641
0.1199293030303191,0.0048551201399281,0.0009343570174849256,3.322292569687433e-05,1.0092035595199478
0.1255003376375218,0.0012110885021081,0.00017453832847402404,1.0608765078032694e-06,1.0093030891348729
0.1267440003495965,0.0006988043199940505,9.6234431481064e-05,1.9646362027984166e-07,1.009326570981982
0.1158899712224672,0.0225214672748101,0.0029121604631987,0.0004722504372527383,1.0094408553187957
0.1163403717605161,0.0199730701102049,0.0032858222433865,0.0004691798079351661,1.009393747147307
0.1168773369472245,0.0177346538783953,0.0033943766761454,0.0004335489954413022,1.009349602610634
0.1183046736871671,0.0134829874475743,0.0030125059147659,0.00029410905287626616,1.0092780724260977
0.1175398275347873,0.0155902926236287,0.0032981493340331,0.00037108132870905487,1.009311507815104
0.1166496114570662,0.0290572159639236,0.0013500673489219,0.000309128179479248,1.009570578768933
0.1173956016747565,0.0314345943434804,0.0008147486933150007,0.00022374714173007865,1.0096189405438774
0.1167488599585977,0.0249152261960355,0.0024022014849291,0.0004271293309700529,1.0095114468543829
0.1177295498386641,0.0271498154461041,0.0018704446582459,0.0003671981521061909,1.0095848911970011
0.1182602846983302,0.0337133446172682,0.0004069837769380944,0.00014121598451907424,1.0096700629019555
0.1189697312617909,0.031639447742502,0.0008296436479761683,0.00021452379656473688,1.0096762158917028
0.1194363642087616,0.0356445304703821,0.00017971369983800958,7.780111057035197e-05,1.009719707477669
0.1203937935897001,0.0368562798695389,9.110470247977948e-05,4.321373815133477e-05,1.0097582667875808
0.1212771351914912,0.0379447549849971,4.028378217332468e-05,1.958236237363911e-05,1.0097919131425754
0.1237785255742734,0.038810524663314,3.625293112214511e-05,7.018304018917022e-06,1.009868363440811
0.1239532100481269,0.0393188346957453,1.7656783155175305e-05,2.432808905796812e-06,1.0098777477977232
0.1227890087904245,0.0379926795054014,6.467818475456906e-05,1.9534247014822923e-05,1.0098366646505827
0.1252073787187851,0.0388117555958414,5.195782866791532e-05,6.841467092290626e-06,1.0099009159523555
0.1253484015968738,0.0393152895370987,2.7129798633983036e-05,2.385772104630888e-06,1.0099093364929548
0.1252143091856084,0.0018147145776534,0.00027276562549569567,2.6997986598603727e-06,1.0092983767219046
0.1215030260955487,0.0041334793513564,0.0007478370442230525,2.0985738237470164e-05,1.0092311621089374
0.1229616504510838,0.003229643574335,0.0005432783663269033,1.0345397621337542e-05,1.0092597456426198
0.1244475358349876,0.0027388075847172,0.00044027975860431794,7.013246550135728e-06,1.0092855860598535
0.1182225764157129,0.0086728440409615,0.001944082258957,0.00013032456952531032,1.0091986844940892
0.1196524390316779,0.0068813628718785,0.0014413023869517,7.24743417865897e-05,1.0092109677769825
0.1193319732477642,0.0114179807526269,0.0025734716253489,0.00021168154316667545,1.0092612542049533
0.12119852198658,0.0061111093910041,0.0012157111197413,5.1351787144256016e-05,1.0092338446405151
0.1268984819941905,0.0012086712661442,0.00017210992497026828,6.48266156574835e-07,1.0093302129012118
0.1281391906205618,0.0007014652338199435,9.58728346466283e-05,1.665824800042937e-07,1.0093517568796095
0.1265214809143214,0.0018561059769472,0.0002761850289411736,1.7310807970393988e-06,1.0093239374538083
0.1282585892705653,0.0012130449368091,0.00017114807892674373,5.939914279119201e-07,1.0093548593982289
0.1295344743572758,0.0007052957282285962,9.578472503324974e-05,8.344682317042647e-08,1.0093761762012907
0.1202777640455573,0.0134695928460927,0.002943537274316,0.00027251655435631296,1.009320876339258
0.1180289361505797,0.0213640952245584,0.0031041280670299,0.0004580706381298563,1.0094703717946982
0.117988270386599,0.0233147566245578,0.002772701847458,0.0004460341902242008,1.0095263474385368
0.1183445733228998,0.0193063183376878,0.0033189264413395,0.00044017735217376247,1.009431355128572
0.1189060682711918,0.0172350205733957,0.0033434938582306,0.00039606654174960816,1.009389316719301
0.1194891856572132,0.0152486550986681,0.0032080426138929,0.000336241631237977,1.009349060867601
0.1210795885043928,0.0149711607311225,0.0031289135910022,0.0003108671305894469,1.0093718765353938
0.1196316955780556,0.0204809705868027,0.0032065971796038,0.000436264429008729,1.009489195989118
0.118766499474535,0.0294188769969383,0.0013330719888246,0.0002918009958425668,1.009651048455698
0.1192868961194315,0.0251606600603095,0.0024004710137054,0.0004099779488354959,1.0096082204307617
0.1196562137155574,0.0274141754323652,0.0018590264470053,0.0003496541228821918,1.0096545222748212
0.1200047320703556,0.0336055823180194,0.00048545434266227086,0.00014237388288100022,1.009725598393545
0.1204621228424391,0.0310226018223984,0.001014350479013,0.00023285048516809965,1.0097230023965282
0.1211407441590546,0.035311741229161,0.00027179364582491844,8.633239837798961e-05,1.0097754126516636
0.1220067932980526,0.0368297403735847,0.00013342539812734227,4.374476214940188e-05,1.009805407856599
0.124230045578354,0.0379913576801638,8.917650828273918e-05,1.8370337342302664e-05,1.009872565075454
0.1233639952402395,0.0371062055034248,0.0001412010546964794,3.706476960522364e-05,1.0098456718752953
0.126580629307154,0.0388018483226952,6.771657400278472e-05,6.740779609363334e-06,1.0099299097164012
0.1267436738206885,0.0393107413122631,3.655173850121814e-05,2.365443409631468e-06,1.0099381506746004
0.1256881263225822,0.0379782449710362,0.00011588017557839706,1.899730314709625e-05,1.0099058839816346
0.1258017169217256,0.0031124397679145,0.000502294927356101,6.896022579969418e-06,1.0093151744118467
0.1228340918522075,0.0050018961450983,0.0009269190707312302,2.847669329573978e-05,1.009265067699819
0.1243754334255002,0.0041882425254484,0.0007293955989558335,1.7284521597149887e-05,1.009287007515714
0.1208078677809235,0.0087316624183355,0.0018816312358566,0.00011565555437057984,1.0092523770797617
0.1215299062050324,0.0115405417145846,0.0025274445929702,0.00019508086944738416,1.009311322705581
0.1224644041288033,0.0070631354194279,0.0014261986728449,6.481906326547446e-05,1.0092718403378724
0.1279220129378259,0.0018825437146338,0.00027743673775713364,1.946620392507409e-06,1.0093496923914005
0.1272011242387364,0.0027477387171981,0.0004291452725184063,5.106648651350984e-06,1.0093377995984305
0.1297677451676084,0.0012312736927319,0.0001725302716713011,3.882584265960707e-07,1.00938071831264
0.1309298748902463,0.0007091855885905075,9.590936155406623e-05,1.6232573388736305e-07,1.0093986542522708
0.1293477921141457,0.0018716494692766,0.00027259765659076626,9.260951885696212e-07,1.0093740798155435
0.122220302882784,0.0136780884627942,0.0029167449979452,0.0002560174383121057,1.0093678051870745
0.1232887855908305,0.0120703416613858,0.0025830353308908,0.0001948666553584919,1.00935569535935
0.1199981481456997,0.0225886021887915,0.0029284554755163,0.0004352801301956943,1.0095665495649868
0.1212621451323816,0.0243159952778401,0.0026078159698944,0.000403981953158929,1.0096395967300884
0.1203584255145413,0.0187871363900213,0.0033087428548508,0.0004036583146655701,1.009458460009997
0.1208270606257945,0.0167431936699035,0.0032773646324325,0.0003619797270390554,1.009412139180357
0.1225836292905147,0.0157164327133651,0.0031686757629357,0.0003108909873264552,1.0094277303405816
0.1214516357466526,0.0206652652369263,0.0031800216494618,0.0004191726378577477,1.0095423880531114
0.1209504493727382,0.0289077301471346,0.0015280049577272,0.0003012307357497679,1.009713716622484
0.1215304843225119,0.0264820264174989,0.0021379596260784,0.0003663475148181919,1.0096983336117829
0.1280023159653909,0.0388020171251757,8.278541422842064e-05,6.696818433812528e-06,1.0099558005278906
0.1281390121415851,0.0393060854377649,4.589103992152801e-05,2.3800198475607788e-06,1.0099630487332345
0.1218498995616329,0.0334055364844656,0.0005864626806179559,0.0001498379672769341,1.0097851628997363
0.122251598737934,0.0309123132741941,0.0010995836943512,0.00023112573854208295,1.0097758830893433
0.1231622710221112,0.0354803003800871,0.00030813577640537653,7.851483992395213e-05,1.0098272927940963
0.1248650077600987,0.0367027309127932,0.00021433320371381823,4.54053713114586e-05,1.0098790677535605
0.1270627286886149,0.0380388312993055,0.00013320345884625977,1.6651498236324025e-05,1.0099327876809543
0.1262830725433602,0.0372212839754995,0.0001950422795571173,3.298198235272956e-05,1.0099124249157636
0.1311702442623576,0.0013048351609107,0.00018234527623719844,5.950784270655102e-07,1.0094031894038615
0.1323253601093138,0.00071186132772138,9.556204103843002e-05,1.3425105608732438e-07,1.0094205476861853
0.1270988789494085,0.004038066374662,0.0006758879276108596,1.2257936301120204e-05,1.0093381744211765
0.1257403941342537,0.0046992711392357,0.0008265478768987944,1.8554240692340782e-05,1.0093196424868094
0.1244592327694226,0.0064278910998911,0.001234377756972,4.607534410298781e-05,1.009303245042011
0.1233497490204725,0.0094616408622207,0.0019887564523386,0.00011827125569323811,1.0093091681824784
0.1285510937670632,0.0030829011919051,0.0004833315900223001,4.97671761324136e-06,1.0093645189550866
0.1305997054787145,0.0020289394502366,0.0002959897670760715,1.7596938269843136e-06,1.0093953331642986
0.1299670602054506,0.0027332326951351,0.0004164886657386806,3.402743337595205e-06,1.0093862552607358
0.12501862155344,0.0115008487621797,0.0024133677099145,0.00016522532719916738,1.0093664384327068
0.1243844609845885,0.0138904325720198,0.0028853368302131,0.0002384054697088075,1.0094102099247644
0.1243854369997924,0.0162333067766344,0.0031622141114213,0.0003045040965826878,1.0094689368056426
0.1222384802322134,0.0227677800082596,0.0029080519490756,0.0004081870496473222,1.0096306234531185
0.1229290728999301,0.024737202536852,0.0025457389368108,0.0003845691251401664,1.0096872357764146
0.1229794559104794,0.018297582074219,0.0032802064359805,0.0003659568336083548,1.0095064689599915
0.1235036090859657,0.0210695041992816,0.003130318307255,0.000390369083344599,1.0096067571002345
0.1228838553646252,0.0285811363138236,0.0016644967616002,0.00030277100816222515,1.0097658524101585
0.1236949572330276,0.0267137150261768,0.0021299836184873,0.0003430555738573455,1.009755549637375
0.1294294547944326,0.0387891097975646,9.86943854431456e-05,6.385281041308208e-06,1.0099775821679773
0.1295343894889409,0.0393016450265796,5.50632848224204e-05,2.2450258615276585e-06,1.009983692744948
0.128297247186376,0.0381950569491517,0.000138549284576775,1.4438631770963945e-05,1.009956718493151
0.1239852652389599,0.0305942354728021,0.0012278732000952,0.00023608940932316348,1.0098168537988752
0.1240961462968713,0.0329043609786615,0.0007531254375419623,0.00015994749834981632,1.009841706144468
0.1250104755608466,0.0350837601218624,0.0004230291300470757,9.26117295194689e-05,1.0098759005788245
0.1263782991576464,0.0358263950996375,0.0003575270478978854,6.707896462360536e-05,1.0099074111775932
0.1276841473863297,0.0369734578679353,0.0002510807815097996,3.7188404615193445e-05,1.0099376880255078
0.1327181430756184,0.0012820684255869,0.0001774491980922387,4.928156270103185e-07,1.0094267963352677
0.1337208428463481,0.0007127770310233681,9.524991450460688e-05,1.2916714189463513e-07,1.0094413703402847
0.1319816614377838,0.0021017849125715,0.0003050418981464924,1.481803251263054e-06,1.0094160293689247
0.1340547077806326,0.0013382794162898,0.00018475743962338017,3.896650917988319e-07,1.009446908542403
0.1351162668558259,0.0007127946886015116,9.486424598252916e-05,-5.952344849834189e-09,1.0094620682537987
0.1283641503867409,0.0045343548694507,0.0007678143523687646,1.438857344875208e-05,1.009365114892686
0.1269268156586107,0.0061321867207688,0.0011260152779252,3.427950334888152e-05,1.0093438810554365
0.1255230970169929,0.0090335471968251,0.0018325753944773,9.585939300754216e-05,1.009344854605397
0.1267126457687918,0.0108530900360417,0.0022232422552027,0.0001301504403222262,1.0093919690766897
0.129842723570885,0.004033329490806,0.0006557451582572346,9.173210990448674e-06,1.0093870180172682
0.1312262398865718,0.0032789764303422,0.0005073842804144817,5.146603354845369e-06,1.0094069431215205
0.1268837307486033,0.0128599362501408,0.00263704789764,0.00018240374139165955,1.009432170116539
0.1262069252771281,0.0155259839077125,0.0030522048808515,0.00026667943443822864,1.0094863272223653
0.1254768434694681,0.0177248562217052,0.0032221511757756,0.000320049978008828,1.0095433784673051
0.1240151597504931,0.023071093246819,0.0028655748888171,0.0003871345079554165,1.0096726951791053
0.1246076939481507,0.0250316617255452,0.0025078144302634,0.0003637826844233085,1.0097368926662107
0.1252240241614276,0.0198752084093764,0.0031928033948403,0.0003604071430635624,1.0095993897408144
0.1250849772470609,0.0217390206643822,0.0030465659975336,0.0003751339357457469,1.0096636231858762
0.1247958054268556,0.0285520396586529,0.0017240114882324,0.0002918626042320073,1.0098081147490845
0.1254285396533423,0.0267714217755048,0.0021508404864228,0.0003270697542245823,1.0097914505919212
0.1262371952703289,0.0254351888861374,0.0024476836256457,0.0003412903244709768,1.0097793481255046
0.1308065592778798,0.0387852722139523,0.00011280535039838518,6.2691242817517326e-06,1.0099954987382065
0.130929797851631,0.0392975788089215,6.383389825525618e-05,2.228381310605564e-06,1.0100015716833024
0.1297217804072954,0.0381678303945234,0.00016179214195119745,1.3889461581723935e-05,1.0099769811562778
0.1290347777507513,0.0373169674323036,0.0002414677006416753,2.943178513335497e-05,1.009962139721703
0.1257220109666448,0.0308275913280704,0.001229490028542,0.00022245880934982973,1.0098590510155996
0.1266463391381579,0.0335911037167869,0.0007077493838910902,0.0001307782294572687,1.0098999777319155
0.1277807525570851,0.0353860340029473,0.0004582184061459256,7.704955060581215e-05,1.009932699449689
0.1290799346090557,0.0359597539874869,0.0004103161522705987,5.937399390886992e-05,1.0099576500297227
0.1334083440618821,0.0020875792578966,0.0003004285978358685,1.4854641584960312e-06,1.009438030183724
0.132667499172647,0.0029282376331453,0.0004416130592599948,3.498585738676884e-06,1.0094272209182815
0.1355027084303439,0.0012845365505308,0.0001762051790215306,-1.955494838142458e-09,1.0094675625459877
0.1365116745087879,0.0007128325109514739,9.502607942585852e-05,-7.809140091337998e-08,1.0094816353503724
0.1348031014353337,0.0021249409151795,0.0003046370571815667,4.994087959575728e-07,1.009457733172052
0.1290793327769367,0.0059787341707163,0.001063534738476,2.766886295258028e-05,1.0093764923760598
0.1280895737183721,0.0090403023697901,0.0017790182135713,7.983401365498596e-05,1.0093910253698777
0.1281350196095745,0.011275996934593,0.0022789957468569,0.00013023159496010583,1.0094206962386216
0.1309144115188263,0.0050225489287856,0.0008436790731141795,1.5323779139275195e-05,1.009403927849976
0.1324704677476638,0.0042801249572739,0.0006880563643723833,8.575563061407561e-06,1.0094257802133138
0.1276935512495773,0.0170626634250038,0.0031481036294661,0.00028267565574883693,1.0095579852899113
0.1291665152549155,0.012636219055042,0.0025336226811625,0.00015577145428344514,1.009465914011506
0.1284746711596759,0.0148976725109522,0.0029135402356576,0.0002200358466387878,1.009500230131357
0.1271256765278137,0.0192387823393065,0.0031948199063444,0.0003297392432764748,1.009606788481275
0.1261179249545894,0.0234835769596343,0.0028091799276844,0.0003640458269255752,1.0097315176768848
0.1268232783599142,0.0213437959659443,0.0030797910482845,0.0003528594373626416,1.009676645505233
0.1266073919084379,0.0285717259101774,0.0017650900749417,0.00027900777175942016,1.009846436705116
0.1279375469679931,0.0248554020059982,0.0025832960764178,0.0003345623906795767,1.0097967353954245
0.1273297276103877,0.0268946662737876,0.0021597068905341,0.0003093624496925363,1.0098313611856744
0.1321773388756727,0.0387764521937813,0.00012718927638675248,6.161934457610695e-06,1.0100107913325784
0.1323252377676531,0.0392941607935008,7.2492828852675e-05,2.175665753475111e-06,1.0100164209266065
0.1311636134902314,0.0380910891080696,0.00019109231306102767,1.4864189249326276e-05,1.0099954621635965
0.1304220354050617,0.0369472697159566,0.0003121122847013615,3.450572822292378e-05,1.009977853945875
0.1335968658512818,0.0387749480501386,0.0001407130717579235,5.876118752769988e-06,1.0100217936845903
0.1337206937170732,0.0392917581813667,8.06312254304603e-05,2.062851591064691e-06,1.010026982914291
0.1278490376437836,0.0308661868844635,0.0012839570782433,0.0002104367735222184,1.0099011435046583
0.1291503919374726,0.0337903469458308,0.0007465333977281686,0.00011884242431606596,1.009943881278938
0.130407502617634,0.035344447959948,0.0005339306029594337,7.165436259261139e-05,1.0099701077179355
0.137907154047217,0.000712629812506833,9.515085290412544e-05,-7.753721560928623e-08,1.0095004443353774
0.1366120347094156,0.0012630356053835,0.0001730581026878963,-1.4462376207913868e-07,1.0094833449906544
0.1340363366899497,0.00329185728374,0.0005003862809841573,2.999587467549345e-06,1.0094492862014126
0.1362049690128894,0.0020196903272809,0.00028737000577403095,1.8763718488570858e-07,1.009478711670292
0.1355014089347393,0.002838494051748,0.000420703863613245,1.2482706842652398e-06,1.009469134975952
0.1290739475344827,0.0185642380426757,0.0031717845383532,0.0002945339497535056,1.0096209550862094
0.1303562613776685,0.0074922311627553,0.0013875057451379,4.23604401481325e-05,1.009411350195587
0.1298814487028106,0.0105124741300518,0.0020729351435219,0.0001003505071927748,1.00943405138469
0.1321560380488824,0.0061981767202765,0.0010818689578427,2.147144067707397e-05,1.009430247737207
0.1338222811691058,0.0049609527473538,0.0008149412814079097,9.164349473652556e-06,1.0094502037461932
0.1298032435121004,0.0164246077079872,0.0030520860034547,0.00023996534306427355,1.0095655599147568
0.1313119179448929,0.0119371795957577,0.0023460921174244,0.00012075924125094164,1.0094817871383308
0.1305494578494819,0.0142257052824418,0.0027682758592664,0.00018196320291569772,1.0095166764329784
0.1288415201585273,0.0207828053958983,0.0031105256486941,0.00032686311509345245,1.0096912346054945
0.1285455470960569,0.0229433629644578,0.002888285288985,0.0003349619846338686,1.0097519606337195
0.1304840535479699,0.0196790818519075,0.0031387659271212,0.00028980341733530926,1.0096744815986587
0.1287146586891959,0.0285456312470252,0.001821432159406,0.000265261985484714,1.0098849277776978
0.1302734080536457,0.0245039045844131,0.0026656752203305,0.00031139096199756915,1.009820763415526
0.1295457616091226,0.0265656685941611,0.0022667114411714,0.00029614114876855085,1.0098609532870004
0.1325807561262027,0.0380783437089985,0.0002121031681335944,1.4217047602563324e-05,1.0100096608133728
0.1318075834241439,0.0372251113567233,0.0003051916378597565,2.9403876763125138e-05,1.0099972879261463
0.1317903034323543,0.0357901580022273,0.0005001609393538484,5.967726323641534e-05,1.0099930501100884
0.1351161366637943,0.0392903611489704,8.850238553750889e-05,2.021383726193349e-06,1.0100365145717891
0.1350122213535133,0.0387615032351824,0.0001552170833211484,5.751183596019063e-06,1.0100319466179093
0.1340678533750844,0.0379679714541007,0.00024723903260684134,1.5247295608411586e-05,1.0100214058575518
0.1363897822664691,0.0387656849969772,0.00016639868799358666,5.28822104817038e-06,1.0100370898892397
0.1365115590067897,0.0392895718554762,9.570810861827814e-05,1.8260795827170505e-06,1.010041430054926
0.1301287432384826,0.0307914452750166,0.0013635921171038,0.000200851281935216,1.0099356822443717
0.1315885066880057,0.0335363719377481,0.0008622985860049315,0.00011899108223395994,1.0099733260857844
0.1380487103472479,0.0012194248711263,0.00016689867029851468,-1.656046469361021e-07,1.0095021478599209
0.1393027019359998,0.0007105161733839515,9.517832216268785e-05,-1.0737714758953897e-07,1.0095178003051868
0.1376824848003554,0.001854121170498,0.0002612895075138465,-2.950174001914718e-07,1.009497176716011
0.1354156075106839,0.0040741897412923,0.0006385054770332312,3.548525826111833e-06,1.009469244805857
0.1369294883266821,0.0030542597336012,0.0004540834724433024,2.1281908490668446e-07,1.0094888906312622
0.1311194355278297,0.0179815256473768,0.0031178817553635,0.0002548645438588401,1.0096257873757577
0.1321822851947797,0.0090751808572645,0.00171233567431,5.911709192426598e-05,1.0094514446212068
0.133531392641898,0.0071158582650578,0.0012648643668252,2.6696786188871217e-05,1.0094565771830746
0.1350918625206335,0.0061880258098329,0.0010549273450973,1.4584669196330534e-05,1.0094711064869977
0.1319083978899195,0.0158160341325636,0.0029461637379258,0.0002034542404682396,1.0095754681534177
0.1334518389690443,0.0112670732234225,0.0021637745557104,9.01067469892426e-05,1.0094988038340638
0.1326881145516473,0.0135848053008623,0.0026174977492454,0.00014675859878876023,1.0095301863420467
0.1311135476288475,0.0219171110159115,0.0030078629023974,0.0003033447461893638,1.0097537547337254
0.1325254397841534,0.0196850760888872,0.0031148412537143,0.0002695900045173539,1.0096935772558222
0.1310651968711134,0.0283715860408054,0.0019100862092865,0.0002520355135023972,1.0099155026415845
0.1328231052686658,0.0238813681635711,0.0027687163960465,0.0002874120971089584,1.0098345188734097
0.1319297545226979,0.0262118548692688,0.0023713148993554,0.0002811654744723764,1.0098850185779462
0.1332454348244824,0.0367366554972947,0.00039718056789971214,3.635377071990385e-05,1.0100068297423557
0.1332707576347979,0.0349510915456928,0.0006671045436603386,7.668367661070806e-05,1.0100003095762735
0.1354217951120379,0.0380002911304192,0.0002603660861989965,1.3759506859322253e-05,1.010028805359631
0.1346331909737231,0.0371674009587582,0.00036359116699965,2.737469475055298e-05,1.010019326637994
0.1377594628406343,0.0387550650656861,0.00017911958435810912,5.142398570823019e-06,1.0100418613911717
0.1379069722843756,0.0392892859781785,0.00010250524721534624,1.7832152374998e-06,1.0100457604256754
0.1368862439707857,0.0379470494686587,0.0002872809434529273,1.3980434629120617e-05,1.010035407941533
0.1391762722616405,0.0387711843075601,0.00018760355435569083,4.8109228937290725e-06,1.0100437752980431
0.1393023705820822,0.0392896134952229,0.00010891416376702556,1.703733373051891e-06,1.0100471657552357
0.1325482380712014,0.0306005523893297,0.0014658861836649,0.00019197969959082616,1.0099604612008484
0.1335162793420194,0.0328093314526375,0.0010520934920106,0.00013292406273401105,1.0099883665938287
0.1406981592557218,0.0007057157756095748,9.510759113552254e-05,-2.550365258038111e-07,1.009535402756922
0.1394019844722769,0.0012254170670235,0.00016811819999761448,-2.858553127314762e-07,1.009519140846196
0.1391429371581168,0.0018502706810338,0.0002608881646283794,-3.8009593156966114e-07,1.0095159511168814
0.1383926924983564,0.0026965065450256,0.00039473771543372153,-1.741309041358015e-07,1.0095059750196005
0.1367143774405894,0.0050405335607517,0.0008169830722772805,4.644537826071336e-06,1.0094913247867945
0.138289534477519,0.0041212631017468,0.0006406349630896699,8.111059979992153e-07,1.009506086447668
0.133268950312154,0.0173915356592359,0.003051437808026,0.00022155138096707105,1.0096310491234048
0.1347069872754932,0.0087636597501888,0.0016065104398302,4.262749104919822e-05,1.0094848662326112
0.1363605290860308,0.007172960794353,0.0012507696505295,1.934201554202827e-05,1.0094959597470934
0.1353511448639425,0.011178261956977,0.0021093741824914,7.760609666322123e-05,1.0095216993274996
0.1340566288448206,0.0151742583399208,0.0028231882388779,0.00016745992852519546,1.0095821028497278
0.1348252242692378,0.0131215780886331,0.0024905280984678,0.00011711851283253054,1.009545880355365
0.1340812239501025,0.0214144895025198,0.0030346082501269,0.00026382315576426374,1.009780203670607
0.1346185833669999,0.0189416405837535,0.0030877927819674,0.0002305279626669927,1.0096978999343138
0.1335695637344685,0.0281822523502452,0.0019983905121553,0.0002379273039396248,1.0099373059438816
0.1352200404504935,0.0235898105387046,0.0028057412317727,0.00025788413520661365,1.009842708844422
0.1360587574450115,0.0219704258530751,0.0029745350785191,0.00024760612670159365,1.009810135891253
0.1343330901738598,0.0258003766201286,0.0024700454921646,0.0002612616949561071,1.0098941006238256
0.1347474329039265,0.0357332761866622,0.0005773830082742656,5.547517219157029e-05,1.010014437431377
0.1349472432451701,0.0337778994717231,0.0009085471371444858,0.00010167079331831612,1.0100055306111455
0.1361170206306343,0.0367429567167222,0.0004511027701571587,3.311223087655374e-05,1.0100258370801372
0.1382232072897463,0.038007899340753,0.0002939821600016295,1.2108116517028276e-05,1.0100380814813663
0.1374879239123785,0.0371832203382425,0.00040844742715906944,2.422979450423239e-05,1.0100318637966577
0.1405946697398753,0.0387727344566275,0.0001977696387217265,4.567627292917884e-06,1.0100435057418231
0.1406977364915435,0.0392903096864605,0.0001150153870789334,1.625078247930715e-06,1.0100464414270984
0.1394409308468682,0.038157540923363,0.00028481135042904174,1.0391083852112988e-05,1.010040798283358
0.135236804968488,0.030845058874475,0.0014784408563884,0.00017274903141691896,1.0099841992258
0.1419725854882898,0.0387700554102761,0.00020778040237881735,4.224516540366144e-06,1.0100409701230728
0.1420931156987085,0.0392905583563006,0.0001207806119562236,1.4881154034444262e-06,1.0100435500227876
0.1408443805319303,0.0012242039003706,0.000168895425167095,-6.322873734023085e-07,1.009536971176337
0.1420934397796533,0.0007010173252401835,9.53493123500209e-05,-2.3809538528291566e-07,1.0095507117302516
0.140530409868488,0.0018422704882715,0.0002604773148566497,-1.1562870803698038e-06,1.0095330306575014
0.1422072528279619,0.0012282229248601,0.00017064032280879584,-6.067596406794126e-07,1.009551770882113
0.1434886870196744,0.0006984893121246935,9.585152650791444e-05,-2.46152888327019e-07,1.0095654577728383
0.1436784544602904,0.0012149933523838,0.00017011266618472093,-6.612095872758055e-07,1.009566980903138
0.144884028751201,0.0006965447494757058,9.643387336025722e-05,-2.277492982969648e-07,1.0095787059239856
0.1397604913346542,0.0030321712692735,0.0004495725278754901,-1.3946517710102292e-06,1.0095249988455115
0.1396243777284104,0.0047242590095283,0.0007498783639872907,-2.9978414496522414e-08,1.009526587580498
0.138325675327427,0.0064539717672412,0.0010869830127007,8.514767716663345e-06,1.0095154582643238
0.1354240301294337,0.0166773434504043,0.0029577683426737,0.00018317761174698296,1.0096376225536845
0.1371364466785676,0.0094181766582578,0.0017144688745342,4.000688815834777e-05,1.0095196960602946
0.1369157567141702,0.0121866270339776,0.0022828962075824,8.416593926508767e-05,1.0095566539752183
0.1362250980703718,0.0144544446940918,0.0026802264914393,0.00013171703821774513,1.0095915247605465
0.1361897210586614,0.0201735836937501,0.0030605839993317,0.0002264009450180656,1.0097427834956436
0.1368467424715532,0.0181636667084849,0.0030284464194776,0.0001928926161962755,1.0096913014386963
0.135841391048884,0.0276520850543459,0.0021419838015355,0.0002266209351855814,1.009942557503715
0.1374538978578191,0.0214649423864723,0.0029954589342358,0.0002278611385642654,1.009791158396815
0.1373489038983093,0.0232092369997299,0.0028496806403454,0.00023687364984068557,1.0098472736907125
0.1366880763485932,0.0252981475689626,0.0025670965343189,0.0002381910939995133,1.0098936272991956
0.1362709501147512,0.0350236529297823,0.0007262532649162361,6.911761355660824e-05,1.010019643413658
0.1364127910864248,0.033018144853915,0.0010859286905476,0.00011551668235615844,1.0100111283427118
0.1376435708819784,0.0358512500578365,0.0006198085456425948,4.764575449873605e-05,1.0100269258494612
0.1388651476121102,0.0369115240619187,0.0004721550776189332,2.7020599713068745e-05,1.0100336982399536
0.1408687982554532,0.0381507039485873,0.0003005359406809036,9.884079953908492e-06,1.0100397526186002
0.1402025326632167,0.0372616091767148,0.00043627283292634245,2.1463328523590592e-05,1.0100368225885017
0.1375523609819323,0.0291440701443498,0.0018694527865852,0.00019073049691913947,1.009971450990376
0.1373456925859567,0.03158595138062,0.0013789058931504,0.00014231716650273842,1.009998682757971
0.1433461316340007,0.0387807173143241,0.0002147028615392888,3.801237061363046e-06,1.0100370111207104
0.1434886049402801,0.0392909447320501,0.0001259847194577698,1.344343009357515e-06,1.010039105869471
0.1422571522430267,0.0381398512093417,0.0003161411368402144,9.228435399389852e-06,1.010037472531352
0.1450651964509573,0.001185114519914,0.00016696932040465403,-6.026191164476554e-07,1.009579992191714
0.1462794062851072,0.000693629717190742,9.698470911054529e-05,-2.952254336504899e-07,1.0095917282116524
0.1419666375827457,0.0018654661008149,0.00026523154056643184,-1.184995142644952e-06,1.0095490969895182
0.1412157361599072,0.0027350999695313,0.0004017873960798438,-1.774404956856144e-06,1.0095411670403045
0.1432715623132755,0.0019384672408018,0.0002778673576357593,-1.4696290347542953e-06,1.0095627140903085
0.1447185663353847,0.0019089737658756,0.00027500716437349075,-1.3286222604354812e-06,1.0095764370957026
0.1411294755004527,0.0041599579455953,0.000644713691539771,-1.8171231148029152e-06,1.0095417044739003
0.1406198296021241,0.006381746509765,0.0010605801148954,4.035850290755772e-06,1.0095390852620134
0.1394641859312533,0.0087653401844651,0.0015540269080496,2.344963150522603e-05,1.009542283465109
0.1375281777325497,0.0159386695577889,0.0028462322543384,0.0001474695173020819,1.0096383946411434
0.1388308475516557,0.0114064151206018,0.0020994702913156,5.805078773858685e-05,1.0095615441367058
0.1382384481605505,0.0136915724997503,0.0025247171798606,0.00010062733657370712,1.0095959668440635
0.138503670143502,0.0197673911269993,0.0030427842772986,0.0001953381956832447,1.009751373241117
0.1388418837468583,0.0174556662624403,0.0029597064724376,0.0001596445925768331,1.0096878112013374
0.1447686938899673,0.0387791874243313,0.0002233411770643963,3.630651722715678e-06,1.0100312049391935
0.1448841991543559,0.0392935160263365,0.0001304472162266439,1.2845635017465069e-06,1.0100332131742715
0.1381927097137796,0.0269398463147113,0.0023003331969843,0.00021222208847776616,1.009934642257173
0.1394308645906108,0.0221572950924563,0.002940467753763,0.00020692938902686352,1.0098211081907065
0.140391774531195,0.020357533404579,0.0030094628405009,0.00018718321155230836,1.0097766043942908
0.1389313474687216,0.0245464713238819,0.0026890020226136,0.000218865270368186,1.0098862808836182
0.1381609698490824,0.0339197493872091,0.00095955376053168,8.811941537599777e-05,1.0100202222964556
0.1389594131729135,0.0353263969131439,0.0007336988400729167,5.601856867596701e-05,1.0100276622381263
0.1402926081980748,0.0358373018107679,0.000672352312935171,4.418435929279757e-05,1.0100325177843972
0.1416038237744889,0.0369623871248133,0.0005051657402438324,2.3509453193541777e-05,1.0100331008784806
0.1396847532820296,0.0286370197664877,0.0020005464943814,0.00018093059020377075,1.00997020349566
0.1390173733374927,0.0312701037968306,0.0014755333909767,0.00014110418294424926,1.0100040153888974
0.1436901602348796,0.038179083631691,0.0003219122002802236,8.124810875269449e-06,1.0100325067588385
0.1430213348972927,0.037301084587907,0.00046653992215207933,1.7902348458585112e-05,1.010031016445636
0.1465935576388935,0.0012191046434565,0.0001737288345568097,-8.46871809031176e-07,1.009594174682098
0.1476747151608644,0.0006903079820234292,9.763517183012724e-05,-3.030755894041066e-07,1.0096034645349956
0.146212366350859,0.0019146890312957,0.0002779660016994517,-1.8248114398132628e-06,1.0095903791265963
0.1426887490942407,0.0031111701015118,0.0004633287949893276,-2.649077477991594e-06,1.0095570174741246
0.1441216983120698,0.0028240922734742,0.0004184200236067583,-2.4214150005940005e-06,1.0095700017890383
0.1454483306479738,0.003067023901908,0.0004598590639020614,-3.32919348272184e-06,1.0095842572933964
0.1424496925764603,0.0052323114314927,0.0008379473250539478,-1.068589425093649e-06,1.009558458408477
0.1421788196469715,0.0072212975576157,0.0012205948583976,4.830668427032389e-06,1.009560170771153
0.1411537984103911,0.0086310823778498,0.0015120273683771,1.773422534296424e-05,1.0095603114849907
0.1408998563499466,0.0107147673445872,0.0019350816019872,3.816937495691148e-05,1.009576614339709
0.139592905980401,0.0151895056795206,0.0027206831317678,0.00011473535612256388,1.0096392998323498
0.1402846918695418,0.0129295191857052,0.0023608047170449,7.160316390318453e-05,1.0096002784766702
0.1403676748162581,0.018595935189267,0.0029935634414632,0.0001620557700022173,1.0097232825272835
0.1417078879660261,0.0196746604666926,0.0029982440793945,0.00016309797334605478,1.0097613058613486
0.1409827818583969,0.0166168345657842,0.0028545825827394,0.00012496061016436277,1.0096806456464644
0.146279743116913,0.0392992186548538,0.00013407817006182404,1.2009191912013152e-06,1.010026031881292
0.1461887612071423,0.0387875836594327,0.00022972838156542065,3.381338336988438e-06,1.010024259349208
0.1450645562531016,0.0381564991554635,0.0003376455095491368,7.937679634890406e-06,1.010027583343865
0.1475653153755064,0.0387855814547265,0.00023723858018791387,3.102178676023901e-06,1.0100158524073022
0.1476750792635154,0.0393064147469073,0.00013700301001220202,1.0749650155018337e-06,1.0100172793596134
0.1404139931101634,0.0263411301738609,0.0024207735592396,0.00019758402784650507,1.009929908854504
0.1419487751425218,0.0215923722789193,0.0029609741777469,0.00017820854701541326,1.009821726858931
0.1411481879367779,0.0240042353385242,0.0027570316769992,0.0001969155430875105,1.0098786149099033
0.1402650280383333,0.0336133740555784,0.0010599533777317,8.767920931018e-05,1.010020994481479
0.1418597039273861,0.0349485195324385,0.0008534381631580622,5.6247955110583707e-05,1.0100252904821587
0.1431113861888475,0.0359087959828164,0.0007078511371778048,3.6879593535448726e-05,1.0100263872964546
0.141827378013229,0.0281482615325775,0.0021180271954642,0.00017006576104584682,1.0099632810031192
0.1410954352876221,0.0307204580467386,0.0016203162362254,0.00013903952846321,1.009997581723052
0.1444445580707304,0.0370189309647127,0.0005329021163095996,1.971851996131281e-05,1.010025202909068
0.1480311045926829,0.0011775437648125,0.0001693138441529495,-7.858467380779344e-07,1.0096057083357586
0.1490699412251764,0.0006879284186927842,9.839811551250438e-05,-3.0198470192320325e-07,1.0096142813774305
0.1495339914011755,0.0012396405540661,0.00018052074260336548,-9.49924089814189e-07,1.009617123923838
0.1504651314818106,0.0006870651440914378,9.952156529719302e-05,-3.603298277949578e-07,1.009624331511196
0.1476474877968112,0.0019469008891381,0.00028520843000484744,-1.8755910765669248e-06,1.0096022424392823
0.1470539735434002,0.0029259108943065,0.0004391933512620005,-3.4379902179349405e-06,1.0095970494154705
0.1443091728192956,0.004413663030398,0.0006878692852752022,-4.026590710975477e-06,1.009574539848833
0.1462742065268336,0.0044148144160983,0.0006892312580804785,-5.289751012476834e-06,1.0095909277622042
0.1437514276484899,0.0068946286623786,0.0011496324758447,-2.9431773206709e-07,1.0095747711614198
0.1429985305547532,0.0094963456310576,0.0016720364644943,1.6424725239262962e-05,1.0095843311710997
0.1424099017492116,0.0120938238430939,0.0021822349718323,4.66981568076458e-05,1.0096073692705136
0.1417332368811765,0.0144778402609527,0.0025874503844996,8.497624391226167e-05,1.00964109447403
0.1434750062024898,0.0198363949242229,0.0029807232914811,0.00014617633884883582,1.009770641532188
0.1423216455570653,0.0180595998558165,0.0029404514582347,0.0001339175452920013,1.0097210878453338
0.1430648972000423,0.0159509110961346,0.0027553856230573,9.67470131385124e-05,1.0096777799530343
0.1464826521484659,0.0381806721415806,0.000344149113522475,7.264349807126261e-06,1.0100198211633016
0.1458136403913002,0.0373224749080165,0.0004944938297200335,1.569112204849916e-05,1.0100205268772362
0.1489079497937618,0.0387977582900973,0.0002412268640793505,2.7826104222662976e-06,1.0100067423860366
0.149070232287306,0.0393118520953331,0.00013980383156964423,9.624106940733487e-07,1.0100073668387122
0.1478340440006262,0.038162593337738,0.0003576605400386293,6.7750827087918124e-06,1.0100121180157908
0.1502954102639256,0.0388291766928095,0.00024090808299043125,2.3768935991132727e-06,1.0099961585761736
0.1504653636027857,0.0393144745979959,0.00014277020260564335,8.565866380076108e-07,1.009996374234867
0.1426567991957132,0.0258372919949393,0.0025114809099179,0.00018014658849969248,1.0099198241240928
0.14440934423074,0.0215739956143264,0.0029422850781732,0.00015367010701551595,1.0098238439432092
0.1434965290982442,0.0235795739635664,0.0027968693755762,0.00017214031849376984,1.009868394441101
0.1424498814372548,0.0325916400733173,0.0012914010799735,9.88061596477231e-05,1.0100116066503997
0.1437742082920039,0.0340587828316267,0.0010469620469866,6.705045276747059e-05,1.0100172492945587
0.1446046540004769,0.035466097981873,0.0008093308961397743,4.173484664577806e-05,1.0100198273827563
0.1440948304945639,0.0275227640702137,0.0022490315222625,0.00015822247626816785,1.0099495233319
0.1432805665246741,0.0299126167989274,0.0018077317773496,0.00013816098819719358,1.009984719830351
0.1458899614095535,0.0360030387941915,0.0007322477473572932,3.159111878813056e-05,1.0100166569068856
0.1506694865982286,0.0012136499413743,0.0001782438338919898,-9.819302080963068e-07,1.009625104770273
0.1518603317374722,0.0006877460519399265,0.00010092768532106604,-3.4460031406411815e-07,1.0096329715617247
0.1490848629547708,0.0018967769179846,0.0002798758688405891,-1.939716546270929e-06,1.0096132784479082
0.1503990553365202,0.0018304627439912,0.0002720778973611489,-2.0624004757943065e-06,1.009622650237237
0.1485183985304163,0.0029401293387987,0.0004441364279709242,-3.888025183527227e-06,1.009608819057786
0.1479212115405273,0.0043085865702426,0.0006725879419422661,-5.960012349436859e-06,1.0096044042925296
0.1456030155082186,0.0064758512419572,0.0010655218159943,-4.065997649850213e-06,1.0095895141747242
0.1472632875991426,0.0061943775212995,0.001011076486031,-6.535163762545178e-06,1.0096022799165298
0.1450380243209357,0.0090336244449814,0.0015659116918615,6.161769686102095e-06,1.0095979894516522
0.1444318774494713,0.0114993264998927,0.0020485883276584,2.889436568059216e-05,1.009614913064412
0.1437956344937572,0.0137744176721076,0.0024506240961132,5.9952214870234254e-05,1.0096415593831096
0.1455348988312512,0.019510669427132,0.0029536844756558,0.00012314573674320045,1.0097686116357216
0.1443195931537613,0.0176761886779336,0.0028907247126593,0.00011100216218892806,1.009719587641985
0.1451193484515176,0.0154728023046605,0.0026707494198437,7.439156168656401e-05,1.009678267181103
0.1472341241783154,0.0369904943131562,0.0005702145903486339,1.7543515011200517e-05,1.0100114234259443
0.1491899934579848,0.0381882621162978,0.00036158204529002606,6.008761162487078e-06,1.0100021235437424
0.1485885344491745,0.03734866827187,0.0005168640937105191,1.3015971195760986e-05,1.0100037513193616
0.1516899348405784,0.0388382180255837,0.0002443718488787138,2.179056453709307e-06,1.009984834606089
0.1518605435259463,0.0393156564463576,0.00014572601611423302,7.915969113571802e-07,1.00998479562299
0.1504970855198697,0.0382620850562497,0.00035513029033799583,5.094708836077914e-06,1.0099927660682215
0.1449740936307356,0.0252916132959989,0.0025931696783853,0.00015980943824234575,1.009905081633997
0.1467337202134953,0.0211071037540676,0.0029384677800024,0.00012766361886867338,1.0098118007335517
0.1458552847645818,0.0231862621379242,0.0028267413588736,0.00014997030726808045,1.0098609544911463
0.1445792961913952,0.0317091703522636,0.0014919611416473,0.00010371753804837564,1.0099988405443294
0.1458197911307293,0.0338641662792087,0.0011162453918958,6.382266424190394e-05,1.0100082011443126
0.1463912874216284,0.0269983885504328,0.0023479990410673,0.0001426889667953846,1.0099331319395064
0.1454788054274838,0.0291503126903776,0.0019750447235029,0.00013312419866789426,1.0099685081793277
0.1474320714893118,0.0350852148831935,0.000919320294230328,4.112926007042751e-05,1.010004449478673
0.1520470607158608,0.0011651227955961,0.0001729374546174441,-9.102125672875578e-07,1.00963350118396
0.1532555819363902,0.0006897171980385045,0.00010255367570495432,-3.538481535129308e-07,1.0096409650257294
0.1517693955353319,0.0018245714699837,0.0002737976664876404,-2.076038489592563e-06,1.0096314916839668
0.1499016851801408,0.0028382901626124,0.0004304767091670032,-4.020620242590942e-06,1.009618523279564
0.1510665824735375,0.0026043410390966,0.000395561716243416,-3.835255069432599e-06,1.0096269234125077
0.1494392395511035,0.0040817864569672,0.0006360921356170306,-6.448661202449682e-06,1.0096155406324374
0.1489362387345371,0.0059459591709242,0.0009653418405927096,-8.538711153006685e-06,1.0096140685110069
0.1467591226545548,0.0085241428822252,0.0014579433042729,-7.506376474598432e-07,1.0096086819761216
0.1483411917326689,0.0080744361711998,0.0013665387945204,-5.5021846127939554e-06,1.0096180488367013
0.1464397884637083,0.0109746962613591,0.0019312754058587,1.5302280269300142e-05,1.0096241986362038
0.145817778658534,0.0132348328102756,0.0023384721063986,4.097090999598844e-05,1.0096457711635092
0.1476877012985117,0.0189498601905277,0.0029138429015387,9.801370321028036e-05,1.0097602537577988
0.1464017627082876,0.0172268717683188,0.0028309525773758,8.822537849190468e-05,1.0097190487199048
0.1471927960389157,0.0149870752679789,0.0025821225737673,5.409245613134928e-05,1.0096805950625052
0.1487125861039108,0.0360188443490926,0.0007652417343811339,2.643456590670736e-05,1.009999198642462
0.1499775585940581,0.0371044545975659,0.0005757575926484238,1.3694045124683392e-05,1.0099931376771425
0.1512769870415756,0.0374308340052131,0.0005231240525639339,1.0297816273215638e-05,1.009983998584198
0.1530600964562918,0.0387974884761432,0.00025760748569943204,2.08597071181094e-06,1.0099721870373697
0.1532557384871539,0.0393157075717,0.0001486114026623717,7.149481775678942e-07,1.0099720303222235
0.1518864046505084,0.0382663023591857,0.000361597743155574,4.703810371663107e-06,1.0099810410236716
0.1472797350931228,0.0248097326685788,0.0026558649106373,0.00014115475909654856,1.0098916369094806
0.1489984399748364,0.0205687696910336,0.0029258791382915,0.00010331401613756576,1.0097979534404231
0.1481462242988333,0.022673785850684,0.0028546456570992,0.0001270368037852596,1.009844819305937
0.146792574535006,0.0309919438270791,0.0016563232771137,0.00010248499012440911,1.00998295272346
0.1477018796983435,0.0331270856173655,0.0012787167806394,6.846803664159225e-05,1.0099936849286324
0.1487193429740839,0.0264826885702851,0.0024355812946534,0.00012765682420320872,1.0099162340069254
0.1478009170270414,0.0287327808800789,0.0020702596415588,0.00012092050681779644,1.0099529228887247
0.1492564256785526,0.0339283992143654,0.0011544555804225,5.162899221204584e-05,1.0099876284649325
0.153423714200995,0.0011847581601446,0.00017801819328066667,-9.6982973402251e-07,1.0096411995365615
0.1546509198199055,0.0006923540325019064,0.000104292184084439,-3.61877516880138e-07,1.0096479426522094
0.1530334595045946,0.0018822235606345,0.00028549157554388265,-2.2532365768950665e-06,1.0096383634244597
0.1548079675441722,0.0012101947347059,0.00018407935832394893,-1.0399986500936246e-06,1.0096479635362232
0.1560463788868872,0.0006947644731541893,0.0001061508647340736,-4.333698551038164e-07,1.0096545110567392
0.1523408371844907,0.0029961789672898,0.00046164426160673295,-4.885677682667497e-06,1.009633949824931
0.1508967270062553,0.0038101333635292,0.0005932127995948818,-6.687455352805881e-06,1.0096255811925527
0.1504551260636963,0.0055936679242743,0.000902942657133404,-9.874337307537716e-06,1.009624314113971
0.1498992680459428,0.0078264040863759,0.0013160519164548,-9.563769401391494e-06,1.009627455198647
0.148615080680829,0.0102362519194303,0.0017770381996782,2.161314080766745e-06,1.009632889887352
0.1479004339430893,0.0126793054217283,0.00222392661981,2.447862190524206e-05,1.0096514547233255
0.1498543831163179,0.0183680608829042,0.0028648254362273,7.511992852731935e-05,1.0097511616488015
0.148522461637422,0.0167189432541417,0.0027608227036914,6.614673144335213e-05,1.0097171220425063
0.1492906478920423,0.0144662794294847,0.0024870651897813,3.557608413905472e-05,1.009681956096938
0.1503800854546381,0.035258611318951,0.0009249595767801612,3.2568046307528366e-05,1.0099850107667336
0.1515147418916713,0.0363020966326933,0.0007419717265707929,1.95285284299559e-05,1.00997904549483
0.152507339892705,0.0372114217578263,0.0005751599422374239,1.0926213224932318e-05,1.009972606141576
0.1541791326343186,0.038758436913911,0.0002694730741411102,2.023835884056967e-06,1.0099615971955078
0.1546509522216357,0.0393142342668115,0.00015145858181039547,6.059462328602298e-07,1.0099585637427018
0.1533878475697212,0.038055618175855,0.0004119483486749182,5.179267521970102e-06,1.009967343591721
0.1558596852284015,0.038801781454083,0.0002652639669676498,1.742986874558528e-06,1.0099457189765315
0.1560462128108448,0.0393117463701602,0.0001543789557546815,6.054080331640199e-07,1.0099450394198433
0.149591725771149,0.0242648102509872,0.0027129805068615,0.00012163216670797268,1.0098733375521876
0.1512338131701137,0.0199565916285546,0.0029031615526082,8.070979790905505e-05,1.009783553600638
0.1504184399972263,0.0221059155067883,0.0028725917686044,0.0001046885906091782,1.009828227924398
0.1510581802081646,0.0259261415401586,0.0025173855961497,0.00011198124104330692,1.009896460637547
0.1492387311378744,0.0311357763640842,0.0016614732663974,8.798508665211142e-05,1.0099706175977312
0.1502134911511804,0.0282884627148578,0.0021635529888272,0.00010874331266343988,1.0099356242249728
0.150813194290415,0.0330347650458293,0.0013376668564158,5.906951470542718e-05,1.0099738722242204
0.1561564269539299,0.0011989208049384,0.0001846918819613015,-1.1761594382899598e-06,1.0096542650326226
0.1574419479698937,0.0006954567139850541,0.00010787420659470088,-4.174260859340833e-07,1.0096595923487386
0.1543561384658469,0.0018965398957119,0.0002905379604508547,-2.3089735718602947e-06,1.0096452482090017
0.1536950652267234,0.0027241513741744,0.0004214428403190109,-4.321101058286153e-06,1.0096409192149007
0.1557848216131793,0.0018871557766795,0.00029254888383812395,-2.6850637301340517e-06,1.0096517310829645
0.1536553167917246,0.0039817691841547,0.0006293128460820863,-7.946816889393267e-06,1.0096403033317545
0.1521768915845633,0.0047465356309351,0.0007565201441981434,-9.493070823975625e-06,1.0096334709369632
0.1517934859684029,0.006879906894548,0.0011387962739002,-1.2649791430696415e-05,1.009634237427177
0.1508894313776318,0.0096971489100937,0.0016652137237795,-6.735599230849646e-06,1.0096429657313717
0.1500458570428987,0.0121687466141406,0.0021178715748406,1.0480619612160638e-05,1.0096570913678748
0.1520281998096754,0.0177427739063452,0.0028043661870385,5.380870741724566e-05,1.009741805454464
0.1506511384112932,0.0161514468920566,0.0026800841570561,4.574273812489175e-05,1.009712728302176
0.1514163524174002,0.0139074635570889,0.0023854265595294,1.9129700181538196e-05,1.009682653975707
0.1576652044525943,0.0012380550625849,0.00019361775781582085,-1.2239193384707537e-06,1.0096595244988764
0.1588375441648286,0.0006935280892680963,0.00010913380432842424,-4.193735603114738e-07,1.0096641580277677
0.1519283783215015,0.0348548435041362,0.001017568490489,3.394397783765959e-05,1.0099714401123403
0.1530181020455494,0.0359524146124673,0.0008227199750731304,2.0858193189154516e-05,1.00996522034304
0.1539297257940264,0.0371279953586642,0.0006017116034263987,1.0490449846548652e-05,1.009960071819405
0.1547666431179262,0.0380260015775543,0.00042491642124124247,4.793802455840115e-06,1.0099543054905604
0.1572954862669509,0.0387994375411544,0.000269681404587774,1.546391800870607e-06,1.009931508791771
0.1574415189675605,0.0393088003384868,0.0001572454066864674,5.359451800949323e-07,1.0099310544604376
0.1562304347998276,0.0380686035121202,0.0004225504656430565,4.2542594304981575e-06,1.0099406638878328
0.1518855511663318,0.0236597973607851,0.0027618144211078,0.0001021427512425573,1.009853902009917
0.1534396202946031,0.0193186381140438,0.0028690198159445,5.986524042704979e-05,1.0097693588084855
0.1526759788088661,0.0214821796483712,0.0028794619760669,8.337419109048217e-05,1.009810802134873
0.1533801401328803,0.0252528059701539,0.0025996881990889,9.566446539417834e-05,1.0098746370726432
0.1525730855724882,0.027650047956853,0.0022780698832796,9.739803431666132e-05,1.0099140478876512
0.1520089614162674,0.0305121448408445,0.0017998699212918,8.072176736193086e-05,1.009946604131639
0.1524806198168382,0.0329650820216318,0.0013689491363902,5.29596593299206e-05,1.0099579995627626
0.1571126208875989,0.0019911176049348,0.00031247661816163045,-2.8978773010830164e-06,1.0096571238602747
0.1550601611511306,0.0030834403410908,0.0004838702067070192,-5.846555238427451e-06,1.0096480830537435
0.15650195867436,0.0027224538036227,0.00042941840674289977,-5.093197333582305e-06,1.009654007223899
0.154968028995325,0.0044735891480048,0.0007178693469467348,-1.043308376734816e-05,1.0096483345738847
0.1537585384954758,0.0060862438768179,0.000997086778884755,-1.3960447681001338e-05,1.0096440412438703
0.1530196079064801,0.0085262548263887,0.0014436828921413,-1.4298344285374016e-05,1.0096469216139072
0.1521889586735177,0.0116581872840789,0.0020148078325887,-7.538516805875874e-07,1.0096628661068296
0.1541971384366191,0.0171107236084958,0.0027348529853068,3.473198930848442e-05,1.0097326218137503
0.1527977729702869,0.0155165387197707,0.0025870763431105,2.7125948790285743e-05,1.0097078510147572
0.153552686219945,0.0132911448062137,0.002274914606264,4.905185277466344e-06,1.0096829409073511
0.1591228615774081,0.0012659009931805,0.00020080856130770173,-1.2937126311174883e-06,1.0096640779491572
0.1602330572873037,0.0006891992770848322,0.00011000413530488832,-3.9600517989543097e-07,1.0096675163913489
0.1585117008893675,0.0020688605075502,0.00032891281402243176,-3.170872237021923e-06,1.00966136993153
0.1606419440510074,0.0012434156472406,0.00020001777837578595,-1.2323230988832891e-06,1.0096675144372218
0.1616283788595897,0.0006835693230161559,0.0001106578977685156,-4.4026774476736694e-07,1.0096706068524848
0.1586946933383293,0.0387967092502081,0.00027360777904368084,1.377003688004221e-06,1.009917161040413
0.1588368593470373,0.039305703923907,0.00015987320480564216,4.802580234861272e-07,1.009916674335701
0.1536137856040571,0.0341474647416156,0.0011658835526153,3.715149607599973e-05,1.0099537786486117
0.1546619671060818,0.0356555080087473,0.000893573853890919,2.106493634344808e-05,1.0099492665218055
0.1555126672187303,0.0369470330609834,0.0006480822533918566,1.0330703392753024e-05,1.0099452750670208
0.1576143953675633,0.0381566459092342,0.00040948089659260863,3.58012768907033e-06,1.009926508921322
0.156821543470032,0.0371820842850237,0.0006087305091050675,8.65543165967537e-06,1.0099329487535755
0.1541880233352523,0.0229921344196155,0.00280014020711,8.247323974160745e-05,1.009833353112941
0.1556333608757199,0.0186846024600835,0.0028248366384392,4.109660668731398e-05,1.009756359014984
0.1549226222027057,0.0208508659390942,0.0028732950250541,6.348249895415428e-05,1.0097938800026676
0.1556683690114189,0.0245404632068652,0.0026696394808436,7.933806644976568e-05,1.0098519457728037
0.154903402103521,0.0268829510366411,0.0023947763544523,8.560730313470208e-05,1.0098888077822523
0.1542613197915409,0.0291831518525739,0.0020424787871965,8.028889129881875e-05,1.009917880628448
0.1540387794519499,0.0322761919757335,0.0015096437340557,5.559339558711423e-05,1.0099440856662438
0.1578482160261443,0.0032334537970186,0.0005177388130945086,-6.718148380771637e-06,1.0096587001682276
0.1563108482537571,0.0040637317668217,0.000651947833089575,-9.446236296206832e-06,1.0096537553730764
0.1557937350716683,0.0058716498126268,0.0009631752659375464,-1.4429904538442868e-05,1.00965142447365
0.1550711440695034,0.0085418102476955,0.0014440302831897,-1.7126273614145794e-05,1.0096558024473532
0.15430331304154,0.0110535490774327,0.0018984938089868,-1.0239375305175507e-05,1.0096660378357212
0.156348600033594,0.0164766852627079,0.0026583954184832,1.8136927615218745e-05,1.0097243824189954
0.1549419004707013,0.0148900926346358,0.0024910282957067,1.139204755082174e-05,1.0097036905206067
0.155685063919389,0.0126470351450459,0.0021602861259261,-6.732761700536126e-06,1.009682631624198
0.1617681603589084,0.001211854796382,0.00019707431480484497,-1.2617153282787548e-06,1.0096699151549915
0.1630234790423847,0.00067934251460835,0.00011163954186389232,-4.130237718871297e-07,1.0096723044491962
0.1599648764299934,0.0020729916724956,0.00033343598017380186,-3.137237605498134e-06,1.0096652733299578
0.1592826452087306,0.0029537190074324,0.0004763719624296654,-5.822204573432828e-06,1.0096626206225392
0.1613931945232318,0.0020142031904096,0.0003279110020297943,-3.2216292574157965e-06,1.0096683000259592
0.1632283192114171,0.0011745827914615,0.0001937142096920857,-1.167807903014528e-06,1.009671652733798
0.164418477418862,0.0006788916220741535,0.00011316619710435734,-4.224428595102128e-07,1.0096735160436985
0.1645811788387671,0.001177012385281,0.00019671057362973408,-1.1917680947242655e-06,1.009672693203821
0.16581355191304,0.0006821523336247423,0.00011537684679126906,-4.292204077202688e-07,1.0096738470245488
0.1577491838556428,0.0180784494743003,0.0027742189796405,2.4843214465009366e-05,1.0097447462912432
0.1600722460914539,0.0388002729970572,0.0002758065529145548,1.3204635965227008e-06,1.0099028351134711
0.1602322218367027,0.0393027331619258,0.00016237097672702633,4.689620080543421e-07,1.0099019796470337
0.1590436963265658,0.0381085899021421,0.0004247785893407905,3.1928625243281947e-06,1.0099126343581306
0.1554489562230127,0.0336167367979532,0.0012824550773556,3.8453626370188775e-05,1.0099367523831504
0.1566946493287691,0.0355114022285538,0.0009385837290943896,1.982856317218976e-05,1.009932017614277
0.1582888675476972,0.0369192394883466,0.000670797339359809,8.59322020284224e-06,1.0099174525813963
0.161497175219886,0.0387901716137236,0.0002809217167334501,1.0566702482236873e-06,1.0098873868202658
0.1616275852814201,0.0393000578420835,0.00016457034590758014,3.6109960094155553e-07,1.0098866375391278
0.1565231228327579,0.0223444131258377,0.0028222141200452,6.317876966807587e-05,1.009813251167543
0.1571527228107468,0.0202615757831344,0.0028561348081137,4.5919363763017896e-05,1.0097786691819377
0.1577934373191799,0.0239491904004844,0.0027136078095027,6.54587041099123e-05,1.0098325640902557
0.1571082851745932,0.0262088757934942,0.0024832678024884,7.39986102194592e-05,1.009865453972294
0.1564287929428913,0.0284620870204268,0.0021684164727855,7.320325718910478e-05,1.009894478590593
0.156067155522409,0.0309258389836736,0.0017624493088449,5.974365639040937e-05,1.009917037918059
0.1592888541414764,0.0042570939961949,0.0006949314700767062,-1.0471071651688194e-05,1.009662011230641
0.1576929896039141,0.0049978036985667,0.0008160220092531213,-1.2854206670447972e-05,1.0096580142301037
0.1571833984691739,0.0073226927482781,0.0012257260612903,-1.88910000193246e-05,1.0096597988249327
0.1564288383533618,0.0103072715747682,0.0017603242073419,-1.7712779452622216e-05,1.009668738263555
0.1584786518143351,0.0158493104652336,0.0025773323324533,3.94985165353407e-06,1.0097167106142078
0.1570913647727694,0.0142471162369906,0.0023899966706566,-1.8909987881467517e-06,1.009699635775064
0.1578354795187275,0.0119936037568835,0.0020446671005043,-1.5839774791190416e-05,1.0096823546073634
0.1629122682629456,0.0018315511513103,0.00030184561844323046,-2.708300334113257e-06,1.0096705568178777
0.1607688373611784,0.0032479373323401,0.0005304251725568437,-7.158419607539315e-06,1.0096663300219142
0.1622586277996191,0.0027638368143573,0.0004550226453955166,-5.651324129404754e-06,1.0096688211761125
0.1642976103887823,0.0018581702668949,0.0003101290457623656,-2.783794057806731e-06,1.0096716938111412
0.166007267337216,0.0011648195953218,0.00019737675604224937,-1.1714331393331494e-06,1.0096730209319364
0.1672088268337865,0.0006873835353142469,0.00011791519164113598,-4.334715921639406e-07,1.0096732552308885
0.1657416267140562,0.0017355066020271,0.0002933473856690742,-2.482985771306862e-06,1.009672189479849
0.159127716062195,0.0196756426392961,0.0028328138977142,3.009741270829784e-05,1.0097652518746238
0.1598208404235679,0.0175113141805271,0.0027199018097827,1.0849356374372448e-05,1.0097352525505634
0.1604654976142778,0.0381175410549284,0.00042734065785080254,3.0852059545947013e-06,1.0098975841110314
0.1597364186551389,0.037236295624706,0.0006118641084380162,6.609709154915759e-06,1.0099039525549585
0.1576463606290905,0.0330734114541587,0.0013999334354504,3.727497755377597e-05,1.0099138506449097
0.1584821831067391,0.0351858025046636,0.0010131157439272,1.8920101379697624e-05,1.0099125135627915
0.1597811269608238,0.035981718123591,0.0008668559894324081,1.2756735090959716e-05,1.0099020853870595
0.1629179012697302,0.0387868894485888,0.00028400105570418007,9.46244223424656e-07,1.0098722140639629
0.1630229372252237,0.039297446922561,0.00016649393122081116,3.272857954935545e-07,1.0098717779089192
0.161770058187818,0.0381709912085277,0.00041952670657039896,2.313985146381732e-06,1.009883477522389
0.1642965273427998,0.0387807735796318,0.0002874228738013018,8.690998437451147e-07,1.009857175369837
0.1644182757937994,0.0392948583988943,0.00016829027664402215,3.0518517635597213e-07,1.0098565506125825
0.1590746084973165,0.0218998900443952,0.0028250312631926,4.75440354500564e-05,1.009797245932796
0.1606005026082508,0.0207329741919369,0.0028292440152016,3.040536562637536e-05,1.0097717850005257
0.1597402975014271,0.0238401437398761,0.0027115454473725,5.319166949887663e-05,1.0098172597452046
0.1592362515488969,0.0256407840940075,0.0025456554952448,6.077163007154665e-05,1.0098408554686225
0.1585189192723826,0.0277865927058924,0.0022749928294135,6.490393097897863e-05,1.0098708007554376
0.1578423016310637,0.0301535371846589,0.0019056095838218,5.840222134208853e-05,1.009896324717778
0.160735194821483,0.0047212014906179,0.0007802735491468386,-1.3024040309817918e-05,1.0096664401508386
0.1594052418274077,0.0063884486511937,0.0010648874688588,-1.8506744490106843e-05,1.0096642872151271
0.1585442836373334,0.0093890570267485,0.0015962297036987,-2.262447260971183e-05,1.0096699072958095
0.1606262419006006,0.0152546304270535,0.0024964619371527,-7.444937642819967e-06,1.0097105692171946
0.1592594294766674,0.0136247919210042,0.0022901203374107,-1.242230524053654e-05,1.0096957774518664
0.1599734098237694,0.0113967636695136,0.0019395350864842,-2.2313351167844157e-05,1.0096825290176503
0.1635616141433804,0.0029184548626374,0.0004856349676962026,-6.218926572489756e-06,1.0096703917944678
0.1624067665533819,0.0041952243487121,0.0006968541012196057,-1.123975815733084e-05,1.0096688961557694
0.1651118589762976,0.0027086296993603,0.0004558633552186352,-5.4862102567280045e-06,1.0096710581588275
0.1673411390170493,0.0011763862281958,0.00020190467624322655,-1.1874799033213405e-06,1.009672230087878
0.1686043517694749,0.0006922345838852771,0.00012042710888055742,-4.349128250003918e-07,1.0096719745677378
0.1670626001518847,0.0017766983784345,0.00030385079646654293,-2.61577634704734e-06,1.0096716746652925
0.1663453577486266,0.002591422203025,0.0004404065271862474,-5.20785398849238e-06,1.0096712135113073
0.1610947085226817,0.0190308974596585,0.0027954357435356,1.5381700698998543e-05,1.0097479494718018
0.1619045563053153,0.0171378341435457,0.0026757914492852,-7.237526945606892e-07,1.0097248889877184
0.1626411787608842,0.0151245805757205,0.0024692131123334,-1.5541979790818122e-05,1.0097062524113376
0.159299578644085,0.031518075063199,0.0016843778822046,4.404753817013727e-05,1.0098909956851896
0.1611146426495291,0.0369603991753049,0.0006757041889122617,6.939022520969711e-06,1.0098887072356428
0.1599980183389919,0.0337939510929668,0.0012867500379638,2.66234486000814e-05,1.0098936136980032
0.1611027929475487,0.035432300724497,0.0009816553591622409,1.484281507167546e-05,1.0098866982054722
0.1632063506561754,0.0381878846574737,0.0004191402055148562,2.12511246275556e-06,1.0098678960283392
0.1624991134350692,0.0372975506212423,0.0006100429080370422,4.844073851891126e-06,1.0098741570923109
0.1656698279936372,0.0387634888022163,0.0002933157783344693,9.545079554624625e-07,1.0098422938780856
0.1658136092305847,0.0392920376213634,0.0001701583648997651,3.331444201882277e-07,1.0098413089136764
0.1646284010177205,0.0381109154163196,0.0004393138233884456,1.9890654451855888e-06,1.0098530608825829
0.1670893645646284,0.0387672265344901,0.0002943363856465993,6.057604191130818e-07,1.0098262157589593
0.1672089809830106,0.0392888670035613,0.0001719145903297731,1.9726336530829258e-07,1.0098252446543443
0.1623117334934584,0.0206280424874002,0.0028183446977152,2.4102403852596e-05,1.0097590610753624
0.1613556542133527,0.0225902431173911,0.0027836283491703,4.073078063430176e-05,1.0097934037500036
0.1612236235137693,0.0248471339656996,0.0026249854137292,4.929266773618867e-05,1.0098198811452703
0.1605694681609915,0.0271033962350189,0.0023701579155786,5.505761399222492e-05,1.0098459654435612
0.1599089277580767,0.0292796217926182,0.0020550750591389,5.353847580231997e-05,1.0098710982489016
0.1616934219679884,0.0064374692247437,0.0010806825770383,-1.985112692969382e-05,1.0096681261992633
0.1605550254207664,0.0089576367061552,0.0015215834106736,-2.467127074240935e-05,1.0096722047747717
0.1616265927851052,0.013059524974611,0.0021977573357114,-2.1973136873351985e-05,1.0096942087065324
0.1617832916710269,0.0109198379394262,0.0018567803707599,-2.663512629792253e-05,1.0096817908168476
0.164383926180295,0.0041624157415845,0.0006995135801821663,-1.1255456096288056e-05,1.009670071829463
0.1635899402088562,0.006070633846176,0.0010238776750495,-1.90232381945758e-05,1.0096695417843824
0.1661522676631522,0.0037769177675983,0.0006413846342672756,-9.821537295804222e-06,1.0096704957536644
0.1635833878848218,0.0135071725100097,0.0022531906696559,-2.416156769211711e-05,1.0096938839706762
0.1688416751444443,0.0012033284858874,0.00020945206791718308,-1.244903836950652e-06,1.0096708354639303
0.1700000003097459,0.0006934039738296248,0.00012228985645063985,-4.541420410680242e-07,1.0096699058730936
0.1684332060639144,0.0018266037129654,0.0003162323955846398,-2.674911285943538e-06,1.009670414836387
0.167658435237742,0.0029593585677047,0.0005079431087601814,-6.439238160968409e-06,1.009670020599379
0.1630712617946064,0.0188535326993324,0.0027742674026233,8.633129372298693e-06,1.0097359412305211
0.1638268226814909,0.0203680295653113,0.0028048763714049,1.5170570473584084e-05,1.009749820749145
0.1639566257323226,0.0169468248043856,0.0026462776218173,-8.704776499507722e-06,1.0097175463949954
0.1647439772317156,0.014837364439367,0.0024248273058613,-2.1981196122701868e-05,1.009701646867582
0.1611861639508006,0.0313256388698038,0.0017295870930685,3.90914250733035e-05,1.0098709194133872
0.162517589469836,0.0358723807056426,0.000903115095812148,1.062684528346026e-05,1.009871797546975
0.162377209574928,0.0335784532235144,0.0013415683529756,2.366097764476004e-05,1.0098703209645787
0.1639277411794472,0.0369539745316647,0.0006883097060298066,5.271082227956235e-06,1.009859190457283
0.168604431418558,0.0392861281519375,0.00017332611766252394,2.1058980662817437e-07,1.0098101015750938
0.1685118380947559,0.0387544638778823,0.0002986421306880412,6.018497443792736e-07,1.0098106889981724
0.1661348979875462,0.0380069969361494,0.00046559087944672784,2.244473259106232e-06,1.0098366193656014
0.1653621776254051,0.0371873199700563,0.0006425019981037214,4.314179965398932e-06,1.0098444305661325
0.1674379136487787,0.038096100052439,0.0004481446416553097,1.3720720692680971e-06,1.009821486910479
0.1635237827496289,0.0220266149265126,0.0027903332193087,2.5934301833398478e-05,1.009773369639076
0.163015031101856,0.0241567517225124,0.0026779506722549,4.020150590685147e-05,1.009799342881894
0.1625172186234753,0.0263776474758584,0.0024595502542714,4.665900955982798e-05,1.0098241460464348
0.1619215060410923,0.0286849237194554,0.0021521919109478,4.7536876344150005e-05,1.009848250039313
0.1698070586761042,0.0386686749161974,0.00031990443153383604,6.377918998937401e-07,1.0097960689988168
0.169999956984837,0.0392846799877281,0.0001743796515065005,1.9224845847084966e-07,1.0097944136180652
0.1702504203258042,0.0012794881908106,0.00022556902318078727,-1.409844877159007e-06,1.009668433396027
0.1713955086833124,0.000691051736166392,0.00012357336397295673,-4.215106026426326e-07,1.0096670667193517
0.1631182849576985,0.0088282240195889,0.0015034465325289,-2.7192879384689216e-05,1.0096749605014794
0.1635304399895498,0.0116023819051525,0.0019663951190568,-2.9608438969856167e-05,1.0096834703152828
0.1655256401399276,0.0054978384377723,0.000933375532982889,-1.7470783194673266e-05,1.009670524116517
0.1649296929469648,0.0075948945229608,0.0012942206976921,-2.588881993755572e-05,1.0096732608630898
0.1673064745004792,0.0047609806942537,0.0008148634669735108,-1.424467718851545e-05,1.0096693514406976
0.1652945588123993,0.012704705223151,0.0021345404186487,-2.94340788465364e-05,1.00968628285956
0.1696892524932027,0.0019899070856516,0.00034795398322440453,-3.2238827688358067e-06,1.0096685918412167
0.1690711974137881,0.0026568283629893,0.0004612505686266232,-5.419309217623365e-06,1.0096686338883452
0.1688795190507084,0.0039760292523269,0.0006873254849892921,-1.0772069404227995e-05,1.009668156270105
0.1651882727964721,0.0211516631948495,0.0028001640881376,1.5296819706656353e-05,1.0097553940262267
0.1667935309093318,0.0142705483087342,0.0023476034642749,-2.74424059698922e-05,1.0096930669837787
0.1652212986299495,0.0190392481425677,0.0027702840333262,1.6099378044610184e-06,1.0097325343103272
0.1660989696101781,0.0166500830624772,0.0026084130429429,-1.5326141044404155e-05,1.0097102503609372
0.1665908295983745,0.0203642546447985,0.0027902957761651,6.173726614834316e-06,1.0097426903854412
0.1634793803960119,0.0307480687761763,0.00183751594975,3.5397621353962043e-05,1.009847957188904
0.1640832966425459,0.0349479561851117,0.0010919165511871,1.3313740410201994e-05,1.0098541665155711
0.164273225278761,0.0329288762104028,0.0014667081441096,2.2494561610356925e-05,1.009846337159866
0.1654122241402225,0.0358498698396706,0.000919833553494606,8.661506701155708e-06,1.0098424199820455
0.1689268723969064,0.0380257838489371,0.0004660474895773732,1.5712913382593255e-06,1.009805412029321
0.1667879942759849,0.0367785231321218,0.000733666433345973,4.579667407980153e-06,1.0098277583495603
0.1681806365397936,0.0371281010361886,0.00066211980380955,3.208745489218235e-06,1.009812253387078
0.1649354346031377,0.0233143774233626,0.002726856989739,2.724894327131032e-05,1.009774873161567
0.1644579051235069,0.0255508563807497,0.0025482519525866,3.758140151432565e-05,1.0098018338584582
0.1639078878273736,0.027924615145355,0.0022642363817498,4.05327618396886e-05,1.00982670604603
0.1709931674350466,0.038712144067911,0.0003107662186722421,5.685466017865954e-07,1.009782938099432
0.1713955279283022,0.0392850694984125,0.00017500939748826857,1.694551523322954e-07,1.0097788811182156
0.1703053809518398,0.0379587841386232,0.0004832237392837749,1.3444162992482926e-06,1.0097903247694655
0.1726749883069113,0.0387465748297956,0.0003040147172045183,3.971473714960208e-07,1.009764596515856
0.1727910926279071,0.0392876500572884,0.00017495682198877472,1.404053048643321e-07,1.0097633570104565
0.1718076841789033,0.0012466420859881,0.00022297377199824095,-1.3129820219897155e-06,1.009665323679724
0.1727908251997926,0.0006891172778747147,0.00012481220463562322,-4.301554353234946e-07,1.0096637797794554
0.1710903319683417,0.002059214538229,0.00036436160179868906,-3.353272119007955e-06,1.009665951948227
0.1729422747784256,0.0012312308625485,0.00022248754163282531,-1.2631283622130824e-06,1.0096622081855318
0.174186138839275,0.000688893057674162,0.00012644260448873993,-4.232749794216061e-07,1.009659550036794
0.1656351903166562,0.0098142040857791,0.0016745427262639,-3.107596986267233e-05,1.0096754572545874
0.1667726334122858,0.0070813464835295,0.0012118808212142,-2.4388154530962825e-05,1.0096708379058863
0.1684919109618321,0.0061017821175836,0.0010508748755718,-2.065024408260946e-05,1.0096686397371502
0.1674263246722824,0.0117937785315851,0.0019936807787887,-3.351632811475924e-05,1.0096788709733533
0.1703658421280849,0.0032152136420957,0.0005626820032568312,-7.542547521239777e-06,1.009666213694269
0.1701575854986454,0.0048853852888404,0.0008496778104225866,-1.5056115741408947e-05,1.0096662254996194
0.1744773965242984,0.0011973439294736,0.0002193326921849566,-1.2316792570404368e-06,1.0096578101042513
0.1755815609813601,0.0006884815477817412,0.0001279892121751491,-4.354291977352767e-07,1.00965486492803
0.1689270177585827,0.0136188757203777,0.0022562386845865,-3.284284688932916e-05,1.0096841573273592
0.1668719629811635,0.0224095179908908,0.0027611980926502,1.7108757300279655e-05,1.0097567845412536
0.1682166839235267,0.0160493744719952,0.0025429824657346,-2.3506765506852973e-05,1.0097004773737563
0.1676763014684275,0.018555851310688,0.0027327080411561,-1.017184268785883e-05,1.0097217689447608
0.1681784116251383,0.0206894909391326,0.0027829113670568,1.4064611963321437e-06,1.0097323926656423
0.1654763467225868,0.029228672897156,0.0020775113266968,3.294029006816113e-05,1.0098192120181937
0.1652125829865934,0.0315016515950269,0.0017190286531091,2.7335561114437813e-05,1.0098353752217222
0.1658486667093386,0.0336729801798426,0.0013415246427131,1.7038486396380497e-05,1.0098314127527317
0.1668082957080439,0.035327478883445,0.00102786093369,9.520887174758232e-06,1.00982556873845
0.1696259255344039,0.0367227450944758,0.000752972434038033,3.896189916465856e-06,1.0097969678656706
0.168193648641907,0.0358129057453878,0.000937100710762476,6.704228297022628e-06,1.0098104320224282
0.1663867647904377,0.0246167012801302,0.0026295916932924,2.9018334824793148e-05,1.0097793977814364
0.1659562295571731,0.0269195440162229,0.0023936613643521,3.325521026848479e-05,1.009800457045902
0.1716287852026509,0.0380429396282377,0.00046594380742970943,1.2842278962286876e-06,1.009775463806189
0.1709992245640256,0.0371162268973182,0.0006706111931962379,2.7825305162754308e-06,1.009781827128608
0.1741865913385608,0.039292061528032,0.0001743709440599778,1.0985103238711087e-07,1.009747824609801
0.1740893931106388,0.0387698373203145,0.00029935346985088734,3.1057188881520534e-07,1.0097487031451002
0.1729490488197253,0.0381330146649691,0.0004469203999662089,8.064076824319438e-07,1.0097611842234098
0.1754589338739562,0.0387698532781325,0.000299840901606368,1.474915646796701e-07,1.0097332572065123
0.1755819923006414,0.0392974092172681,0.000173327917463724,4.235146331180443e-08,1.0097319830605416
0.1725096189880965,0.002050495472495,0.0003669906243730872,-3.399472417472612e-06,1.0096624264142686
0.1718332803482434,0.0028890538082814,0.0005118443331990631,-6.270099908374467e-06,1.0096632377521044
0.1739535645846905,0.0020007670915067,0.0003625818057781133,-3.11782389460947e-06,1.0096585116318286
0.1683743974254131,0.0090940979144859,0.0015597422923289,-3.116707740474009e-05,1.009672279995103
0.1699121723663846,0.0070447624390347,0.0012175618929198,-2.4837078802582223e-05,1.0096667236465442
0.1696436935967578,0.0112049500661019,0.0019027812179994,-3.533566577518756e-05,1.009674228048279
0.1717033069151978,0.0042643692556204,0.0007497773723079841,-1.205680487280039e-05,1.0096630693909832
0.1714193228477867,0.0061589671304056,0.001073624287859,-2.0822807608385757e-05,1.009662700881364
0.1753955721395796,0.0020147868677784,0.00036916537156759214,-3.2628372655318163e-06,1.0096536707076476
0.1759561888873215,0.0012236073530795,0.00022698786084012705,-1.2739494563162171e-06,1.0096524656137846
0.1769770071061718,0.0006863004447340572,0.00012920312276287646,-3.983981657898739e-07,1.009649085405662
0.17104794956032,0.0129752549197167,0.0021644315616287,-3.698471118496771e-05,1.0096754036701023
0.1704190551282177,0.0152254202940952,0.002448275491942,-3.146368716839591e-05,1.009687148336358
0.1679646294104434,0.0239594735994565,0.0026707826285709,1.929346986913116e-05,1.0097596890232916
0.1687733471433773,0.0224760141800522,0.0027478212264904,8.948475811545662e-06,1.0097470330861291
0.1698529234224137,0.0175043868267693,0.0026555732543532,-2.116584899113656e-05,1.009701359610549
0.1696567299139383,0.0195648950226801,0.0027560396494918,-8.01816885653841e-06,1.009717149461393
0.169649629592892,0.021167090583064,0.0027707684371041,4.841617584206675e-07,1.009730599461472
0.167406775121422,0.0283190896078666,0.0022126905079984,3.0350481627256485e-05,1.0097958291773703
0.1669037918142268,0.031128489260684,0.0017867986977317,2.4115248235053585e-05,1.0098141250183128
0.16811296815882,0.03351863261189,0.0013795331234402,1.5324470690854912e-05,1.0098117164545015
0.1710716024311484,0.03589790890934,0.0009275992393192424,5.072850392382904e-06,1.0097807825304326
0.1697264561549734,0.0349670603039002,0.0011098954772149,8.544706783278283e-06,1.0097948600856943
0.1682001178884981,0.025993568533395,0.0024959276068513,2.602865415813263e-05,1.0097726343021387
0.1692413407687991,0.027693360845176,0.0022946876350917,2.418561486661652e-05,1.0097750608760192
0.1768234943683327,0.0387837804441583,0.0002968720700316646,1.6314541334361865e-07,1.0097182132712854
0.1769772908025771,0.0393028113355187,0.00017222278562261704,5.844970649963988e-08,1.009716599494117
0.1782325461851805,0.0387789988563013,0.00029828317559375714,2.69217190427568e-08,1.00970242943196
0.1783725177824931,0.0393071520931001,0.0001712763367355181,-7.3298289267068555e-09,1.0097010073075372
0.1723875201740572,0.0368675222902657,0.000727719368853048,2.5795857666482e-06,1.0097670073263023
0.174346597960702,0.0381367325448452,0.00044706879185814206,6.87578616427553e-07,1.0097451880133888
0.1737256105696137,0.0372741150869447,0.0006401649929484151,1.5473940248430425e-06,1.0097520472447346
0.175818574006587,0.0380872313317491,0.00045904157624808206,2.382810381134088e-07,1.009729333319999
0.1733046243182361,0.0033005475893169,0.0005896496405201004,-7.758063251607132e-06,1.0096589753452108
0.1748409831719317,0.0027733070766323,0.0005027131617080214,-5.734261448202845e-06,1.009654807684235
0.171083086116708,0.0088962408925159,0.0015342520041514,-3.136538630103748e-05,1.0096663648247388
0.1716576881089965,0.0111028364773284,0.0018881161398105,-3.6294014021680574e-05,1.0096687956895716
0.1731391863501903,0.0051370480747826,0.0009066766392772124,-1.628593169505423e-05,1.009659053727324
0.1727279857022878,0.0073705755538499,0.0012848872303871,-2.669903840455116e-05,1.0096604582922994
0.1774517670092899,0.0012420920142769,0.00023329708068476284,-1.2145393088932086e-06,1.0096463064777232
0.1783723574880192,0.0006832279377307684,0.0001301230441384317,-4.045172582006101e-07,1.0096430692181608
0.1760897029643825,0.0030738850165561,0.0005606688161617347,-6.766567434240439e-06,1.009649822057335
0.1768431502858193,0.0020474161041394,0.0003792918676973798,-3.191312086160638e-06,1.0096478749948208
0.1731155955987844,0.0122103786886644,0.0020568237125882,-3.8327770002909166e-05,1.0096669308049389
0.1725256840748844,0.0144890522128343,0.0023582696016502,-3.597647019897011e-05,1.0096745526702635
0.1719600733523852,0.016681741477269,0.0025827931298799,-2.8180484170211293e-05,1.0096847777056792
0.1695635159803618,0.0242841349635011,0.0026420258465079,1.6118111164370807e-05,1.0097471473742636
0.1705333814184326,0.0224045196502532,0.0027408477943414,5.380896604508059e-06,1.0097316557981717
0.1714937823669351,0.018778094324157,0.0027184018153975,-1.6959928102969123e-05,1.0096974289530145
0.1711062778628076,0.0207005023922748,0.0027651986852407,-5.552550995253143e-06,1.009714683947159
0.1691255783256684,0.0302700314398737,0.0019300040308309,2.2532778525507896e-05,1.0097871509773062
0.1700232871269147,0.0327340168606658,0.0015209927744541,1.1896701649965316e-05,1.009785513932393
0.1726320180068082,0.0350304380090535,0.0011031792015001,5.077079207122088e-06,1.0097619586336242
0.1713620676231357,0.0338085326614187,0.0013326628593744,8.699408592743862e-06,1.0097739844514566
0.1703652371229414,0.0261464772875043,0.0024755899963831,1.8642017272187585e-05,1.0097584129343662
0.1710268782704444,0.0283292537242688,0.0022120599321675,1.936690678774524e-05,1.0097611013209489
0.179648651969998,0.0388045845741083,0.0002922340720293494,1.931903331423896e-09,1.009686914725645
0.1797677517923089,0.0393099035554919,0.00017057122640384446,-7.569882759459291e-09,1.009685703707405
0.1810105566148216,0.0387884379154209,0.0002963239249941941,1.572426705578317e-07,1.0096727195724382
0.181162954707117,0.0393126550178836,0.00017002218834649414,6.850945607620944e-08,1.0096710575324477
0.1771250892161092,0.0381640436948237,0.0004420420635648297,4.966936302931468e-07,1.0097143481292483
0.1786856827694063,0.0380481387953338,0.0004689368875827795,-1.3873271690203186e-07,1.0096975829717585
0.1738739989966862,0.0359164116426357,0.0009280542136208156,2.808810402497426e-06,1.0097488746883785
0.1751609927137112,0.0369724910847112,0.0007079265213982035,9.524738549649554e-07,1.0097360211505428
0.1765092978271677,0.0373253855946138,0.0006307236934968362,6.721276928941882e-07,1.009721597159049
0.1749863715279155,0.0042883181400369,0.0007693238369054736,-1.1866006047410832e-05,1.009653250160808
0.1734289179329859,0.0095959377309667,0.0016551975078559,-3.4111898830163347e-05,1.0096597381035888
0.1745097831442907,0.006964461235516,0.0012245001815091,-2.462932854908269e-05,1.0096540264263936
0.1785539921816342,0.0012260197220206,0.0002324092272424985,-1.1898721551784962e-06,1.0096412398509629
0.1797676065552372,0.0006809566963607832,0.0001312714026662137,-3.863328785679807e-07,1.0096360736510188
0.1782531828570375,0.0019920425027773,0.0003732322186602793,-3.041137661012467e-06,1.0096417856869373
0.1768684682787875,0.004518645870444,0.0008174172644184213,-1.267533023726174e-05,1.009646060824217
0.1776421244763714,0.0030414186959847,0.0005607739452353008,-6.51076636659184e-06,1.0096434999893285
0.1799750352710289,0.0011790430149555,0.0002261722985622268,-1.1045790036637576e-06,1.0096342171925592
0.1811628243418708,0.0006801649288888903,0.00013257874979189633,-3.687248355910435e-07,1.0096290528107068
0.1821063132516869,0.0387689239346979,0.00030119415080698524,1.3326198996119346e-07,1.009660467026128
0.1825581259629269,0.0393129642109897,0.0001701375127641291,3.478378399734936e-08,1.0096557642004171
0.175154855830516,0.0115509385608299,0.0019616278914275,-3.909713572190263e-05,1.0096564275192197
0.1746031850375478,0.0138348415265639,0.0022749636470558,-3.846151962037728e-05,1.0096641126896169
0.174011318932792,0.0160054723989928,0.0025153062426657,-3.262464289090842e-05,1.0096720335003389
0.1734589020357284,0.0180881424372706,0.0026744614372401,-2.377051932959545e-05,1.0096830422270495
0.1715026692995221,0.0241736614029986,0.0026439603825848,9.999387001026178e-06,1.0097333048398307
0.1723855909953147,0.0221608773307919,0.0027382605518593,-4.33874089997497e-07,1.0097162890533238
0.1729558719673072,0.0201287289215536,0.0027505774660631,-1.2571230056476995e-05,1.0096989171538329
0.1717447892311238,0.0311049016943611,0.0018046165759188,1.5858536959442025e-05,1.0097653408104124
0.1741712071619489,0.0338694505034146,0.0013282878019728,6.505202023730859e-06,1.009743186953218
0.1729128860052062,0.0329945038366152,0.0014819174069429,9.68996823800157e-06,1.0097563662157432
0.1723853275592227,0.0262085630018051,0.0024649946194785,1.4173491636965906e-05,1.009738398760471
0.1731530554043354,0.0284397026147428,0.0021970161630919,1.4652633969363788e-05,1.0097415313390623
0.1813914863639802,0.0380786085712588,0.00046263157154657794,2.366569249162683e-07,1.0096691319295494
0.1799533468515626,0.03818721064472,0.0004372076670863616,2.896734131379249e-07,1.0096832850159856
0.1793107203220184,0.0372735153998254,0.0006435543512734567,1.711833619874449e-07,1.0096897452138718
0.1779488525983405,0.0368798771088382,0.0007293239100644687,7.394949223722181e-07,1.0097049137014336
0.1754207459919548,0.0350794857259966,0.0010983435795543,2.4923839474847493e-06,1.0097304221081
0.1766614273631279,0.0359746870050141,0.0009189249224992998,1.593430217582878e-06,1.0097186907773013
0.1755459297208298,0.0332309439172363,0.0014449250522724,6.015249577914976e-06,1.0097252235866632
0.176275864791915,0.0064646703910642,0.0011483582877172,-2.17400378430007e-05,1.0096472877617482
0.1757120155766922,0.0091033162661718,0.0015826002247255,-3.3142025284856344e-05,1.009651286852227
0.177700001043235,0.0060437024395491,0.0010835599331471,-1.996038580616993e-05,1.0096422120700357
0.1797751876218292,0.0017889636468069,0.000339946400988658,-2.4473688890284563e-06,1.0096345625788468
0.179137646369947,0.0028155333561432,0.0005258435977719113,-5.710404919590349e-06,1.0096368934287352
0.1785167448689055,0.0041998805394728,0.0007693513521043321,-1.1416300660054455e-05,1.0096391256613375
0.181306211035148,0.0011594737639747,0.00022475706013701287,-1.0100805243692354e-06,1.0096273445829045
0.1825580524899347,0.0006804761383098055,0.00013401577881032883,-3.244093267587959e-07,1.0096206999201909
0.1810786474224822,0.001718408754707,0.00033002786879058704,-2.1163220900759253e-06,1.009627923139588
0.1827234394786249,0.0011859612296713,0.00023211550896604373,-9.562684354733722e-07,1.0096189809712257
0.1839533027689353,0.0006818413971964013,0.00013561517051012624,-3.729962202825592e-07,1.0096128931174924
0.1835202615764924,0.0388322733584303,0.00028623385898861146,8.651551754247039e-08,1.0096454148523375
0.1839533142479306,0.0393122854883495,0.00017046935563224836,4.2488471819397774e-08,1.0096407227052726
0.1826755089802002,0.0381085574488627,0.0004561308545573867,2.579034449258989e-07,1.0096541179124212
0.181997986310983,0.0373786013308354,0.0006213914223863928,6.234147337661231e-07,1.009662046640471
0.1772682522277175,0.0108843137537696,0.0018661777730974,-3.813387908574981e-05,1.0096464953270063
0.176674789846615,0.0132784419891666,0.002202427948303,-4.017414918739603e-05,1.0096529025880354
0.176071257414159,0.0154822779683889,0.0024579043613547,-3.629380825772625e-05,1.0096609723994971
0.1754504815705075,0.0174565075728864,0.0026274071068554,-2.8474397266270887e-05,1.009669611397509
0.1748877246979914,0.0194769021551895,0.0027271568933717,-1.8803717139961973e-05,1.0096843592564806
0.1738756745136689,0.0240439328522838,0.0026470693172656,4.491205503679885e-06,1.009716037963859
0.1744791241236309,0.0215264297511325,0.0027413369573918,-8.353846265168837e-06,1.0096984200258747
0.1744462428731719,0.0311499308517914,0.0018022445444974,1.0491151388273657e-05,1.0097378949925788
0.1744586145631258,0.0264308103966224,0.0024373449733004,1.0328772874847676e-05,1.0097194849311606
0.1750676793644074,0.0283485749307491,0.0022074128199587,9.877546100000338e-06,1.0097221793283904
0.1807036115602556,0.0369131092628867,0.0007241590680423431,9.265033569549588e-07,1.0096760966578413
0.1793560974554254,0.0358824714867526,0.0009412935012410124,9.823777971801655e-07,1.009688202335638
0.1780174197907165,0.0353741154585851,0.0010419363220487,2.5342260427626664e-06,1.0097037675279006
0.1772303413517944,0.0340676042966998,0.0012972683673611,3.772731169464363e-06,1.009710221054832
0.1764278390214225,0.0317530010029103,0.0017043848044133,7.35460627741987e-06,1.0097195548224531
0.177917001274679,0.0081101610503466,0.0014301263815852,-2.9585162923851655e-05,1.0096412506365846
0.1792668677753582,0.0059732205092591,0.0010791438292842,-1.988086935759452e-05,1.0096347596655304
0.1805285743632345,0.0027048820495733,0.0005107902395326693,-5.043937564084965e-06,1.0096299589886373
0.1799896455416352,0.0041111534739793,0.0007603688936414689,-1.0809357261401816e-05,1.0096317141134792
0.1822670204165895,0.0018890346417942,0.0003647689376890512,-2.484944500869349e-06,1.0096205722969644
0.1816742168333789,0.0026277323920826,0.0005003728694838593,-4.608902576763524e-06,1.009623175865073
0.1840693796607552,0.0011710546425579,0.0002314366910609828,-1.0404851785565623e-06,1.0096114036398498
0.1853485826461357,0.000683892075096998,0.0001374998662746692,-3.6821969331041417e-07,1.0096039510866397
0.18377632476049,0.0017485530151323,0.000341971940819745,-2.086880742063497e-06,1.0096125670938474
0.1851580536501789,0.0387994950143151,0.00029410542470969,-2.158513299801751e-08,1.0096272878195232
0.1853485150096976,0.0393099165622652,0.00017104888707843212,-2.6195421112081285e-08,1.009624897877339
0.1840464730607606,0.0380686998475814,0.0004654877737872071,9.375791543056726e-08,1.0096396182888847
0.1831597238515051,0.0371776623211096,0.0006664223201746605,2.3758337254616374e-07,1.0096482565945006
0.1821212780644477,0.0363108358186493,0.0008535228382881317,7.852503855237863e-07,1.0096601831252634
0.1794086660573546,0.0105552242426768,0.0018212701852612,-3.746426959275482e-05,1.0096346186373053
0.1787818230871765,0.0128227661537395,0.0021428390441684,-4.079297370442043e-05,1.0096404803641814
0.1781693655083122,0.0150959407453705,0.0024137816216805,-3.884955509902645e-05,1.0096482058464422
0.1775168906270157,0.0172214747411965,0.0026030240146271,-3.242388546594103e-05,1.0096581275067311
0.1766061958183193,0.0187883000884442,0.0026937968154849,-2.3715235994133543e-05,1.0096663733421467
0.1757869047547424,0.0249329748733399,0.0025722428355888,3.7447330101990663e-06,1.0097027654914543
0.1767072239425818,0.0205131628618972,0.0027336645166844,-1.6351672012185363e-05,1.009675322598598
0.1761366409916435,0.0228854200212897,0.0026943325133605,-6.430298655368252e-06,1.0096876644256036
0.176546557076101,0.0294583683143013,0.0020543614699323,7.002757305553531e-06,1.0097090459120686
0.1769011272206104,0.0270614460936328,0.0023666522412932,6.996274824369263e-06,1.0097030089465897
0.1808200822047849,0.0351578173827726,0.0010892455983176,2.491682540428427e-06,1.0096744639358184
0.1793349462337716,0.0336700007661485,0.0013730188858485,3.1735919502137223e-06,1.009688584732521
0.1780971076298758,0.031408759733299,0.0017618060007585,5.2420033762897695e-06,1.0096973279193582
0.1855100716853224,0.0011989568385391,0.00023935129879030744,-1.049181680407722e-06,1.009602199922939
0.186743866931826,0.0006861961253561148,0.00013931090555399233,-3.5112624594947134e-07,1.009594723328224
0.1802203726807647,0.0080226720556098,0.0014247728850906,-2.880349331359431e-05,1.009629863047114
0.1809861877602633,0.0056645577677984,0.0010346473327639,-1.7669045614847565e-05,1.009625175834908
0.1815040422079727,0.003814110840295,0.0007141550049361788,-9.041194051603435e-06,1.0096234484216218
0.1829927997566157,0.0030122256740434,0.0005756557695475189,-5.670759790967322e-06,1.0096155726317946
0.1850386988372928,0.0019236423560662,0.0003782559288360631,-2.75008900830124e-06,1.0096043496278388
0.1844292072573461,0.002665700650951,0.0005162137801735175,-4.905329091098007e-06,1.0096078753476792
0.1865434207608693,0.038810088164558,0.00029158810403310224,-1.6085921689851753e-07,1.0096113982053996
0.1867437815546138,0.0393063018251868,0.00017177830752755023,-6.964691930615524e-08,1.0096093799712882
0.1825047840618018,0.0345651484437773,0.0012044868553686,2.006663741565936e-07,1.0096525460459371
0.185338133431518,0.0380365430060211,0.0004727506124776265,-9.767674374668737e-08,1.009624932740298
0.1845906751909292,0.0370062749710708,0.0007037515794251294,-5.836014264897334e-08,1.009632887124105
0.1836575139898737,0.0359570165982804,0.0009271558737678444,-1.8238315963775082e-07,1.0096415578319815
0.1817007372125787,0.0102382170656402,0.0017794302406424,-3.633569313786863e-05,1.009622757288993
0.1808826294404734,0.0124070269629988,0.0020886636186964,-4.058437396641616e-05,1.009628000980559
0.1802530965844695,0.0146754944977859,0.0023658877007742,-3.988739776988489e-05,1.0096340727658228
0.1795347999140996,0.0169617102146584,0.0025781602373667,-3.4745228349041634e-05,1.0096435537749182
0.1784886625884467,0.0192602359995703,0.0027088918380944,-2.615774167580769e-05,1.0096593255847754
0.1778416827944639,0.0245642023996157,0.0025952487012911,-1.4100520466687866e-07,1.0096817256045236
0.1786693185602965,0.0219912659725954,0.002716026908298,-1.2987138441856914e-05,1.0096657329538683
0.1786926109370958,0.0287386051870977,0.002155544257012,6.801297807189315e-06,1.0096876498648593
0.1793979817749346,0.0264232895482595,0.0024285231360421,1.607380255091257e-06,1.0096760198958152
0.181467511908745,0.0328758969235387,0.0015147260672521,2.553537513047728e-06,1.0096665049314166
0.1803493991364049,0.0307385852911773,0.001869233149158,4.44589606792915e-06,1.0096751203590757
0.1868669017239177,0.0011991876260828,0.00024157709873675503,-1.0196326841153556e-06,1.0095928969867936
0.1881391808634796,0.0006895299599231766,0.00014134895255449396,-3.321465355255269e-07,1.0095848368453817
0.1866081850062968,0.0017733022753774,0.0003533713479884426,-2.0094160686158607e-06,1.0095943513569068
0.1885484833985121,0.0012447026940535,0.0002532641037083973,-1.0218261103882038e-06,1.0095813368266873
0.1895346268371129,0.0006932590712991718,0.00014330010007252775,-3.225816144027205e-07,1.009574661750914
0.1822474823257857,0.007274296912978,0.001311539363729,-2.5128959064233247e-05,1.0096174888182954
0.1827764400146781,0.004905880918159,0.000912246416874524,-1.3446335557753104e-05,1.009615691892672
0.1843742648329216,0.0040923974278027,0.0007760308934605544,-1.0133517020778574e-05,1.0096077125611116
0.1858044261786975,0.0031038281484882,0.0006022525082995176,-5.940127163159772e-06,1.0095982966269608
0.1836070633688471,0.0093456244148108,0.0016488765187074,-3.307704312552486e-05,1.0096094618836038
0.1897014973544483,0.0012272890784723,0.0002515819110170693,-9.517055256219316e-07,1.0095725107964064
0.1909302055019563,0.0006949472709727359,0.00014499004360912185,-3.587033202897469e-07,1.0095639252085649
0.1879413944170196,0.0387894136306764,0.00029636852443016805,8.029819553857215e-08,1.0095973785225991
0.188139132187554,0.039302428618424,0.00017268049162405652,3.80909957633118e-08,1.0095953499665755
0.1868276226091658,0.0381646551546602,0.00044324430894537593,-1.4174182441460036e-07,1.0096083521571224
0.1893960373887597,0.0387838278149583,0.0002979180092273342,3.584887451930022e-08,1.0095817169662162
0.1895345427637845,0.0392990921071855,0.00017360487414478228,9.310957874372894e-09,1.009580322453058
0.1830875777707637,0.032836603292493,0.0015217027308642,4.317126610140466e-07,1.0096461126269267
0.1842573596591287,0.0341117427247557,0.0012924214764622,2.210340739769829e-07,1.0096357385823216
0.1860413779344698,0.0370957310588425,0.0006844234363867522,-9.007435221892131e-10,1.0096176338632905
0.1853008288774481,0.0357019969945897,0.000979897155640282,1.153355496290787e-07,1.0096242831172024
0.1829510360765492,0.0119523588477398,0.0020301427275754,-3.951806850487521e-05,1.009616121820302
0.1823844776188652,0.0142063230983223,0.0023116642287398,-4.097978051221146e-05,1.0096210512121715
0.1817063921509338,0.016402494043662,0.0025284068604436,-3.7643037782248296e-05,1.009628128586819
0.1808907147670012,0.0185285993734162,0.0026672591208267,-3.190956316770693e-05,1.009639440702548
0.1802962438297042,0.0204314281867875,0.0027137716782261,-2.1454206214320625e-05,1.009645619804601
0.180158123517563,0.02409054929809,0.0026158965037969,-7.50891661756504e-06,1.0096601493078394
0.1811227964088633,0.0221843126955978,0.0026981986659085,-1.456284531396521e-05,1.0096494537722231
0.1810041877157457,0.0281890534856984,0.0022246480497344,2.4998872184324027e-06,1.00966309575154
0.1817901697989261,0.0258954137627623,0.0024719944343776,-3.157803347403856e-06,1.0096500186237147
0.1826924173993942,0.0304518397935101,0.0019133146616629,2.483216115059514e-06,1.0096502608882778
0.1878758145835665,0.0019928440462935,0.0003985755813917087,-2.6050858970381426e-06,1.009585129971233
0.18724108284578,0.002742566734489,0.0005393277786045128,-4.679311863281582e-06,1.009588875831634
0.189291022730995,0.0020445715296928,0.000411984136643596,-2.523736932529552e-06,1.0095748911086948
0.184487274599276,0.0064100675770339,0.0011785383392903,-2.047986293778453e-05,1.0096052620276
0.1857539014449492,0.0046516211133666,0.0008804003031773385,-1.2006166006789676e-05,1.0095973523088366
0.1871337341221065,0.0041527824192853,0.0007979048017226037,-9.619043037027286e-06,1.0095885311026984
0.1858391794792413,0.008844429015489,0.001578554492664,-3.0285818620851006e-05,1.0095965571742074
0.1849366974771423,0.0114202199491612,0.0019597157882817,-3.778472478575719e-05,1.0096014446121355
0.1912210132496995,0.0012027786419441,0.0002489635573292795,-1.011078017843563e-06,1.009561060184829
0.1923257480030645,0.0006934391210234291,0.00014596663501274712,-3.158349396873502e-07,1.009552711239863
0.1907811230525908,0.0019248548034815,0.0003920310942584009,-2.427093484217077e-06,1.009563667941766
0.190823211734117,0.0387727677515233,0.00030066390210005243,9.988461334005457e-08,1.0095669219374177
0.1909299776609493,0.0392965732780948,0.000174292181018238,3.94209785591789e-08,1.0095658649350725
0.1883215731178085,0.0381090098729278,0.0004562661107816646,2.77530306762333e-07,1.0095931027137264
0.187491805445778,0.0372052156376034,0.0006603715799939509,-1.6593940258919778e-07,1.0096013221820483
0.1897620643965318,0.0380647384839535,0.0004668301303410635,2.3785633609363457e-08,1.0095781266926718
0.184637951349674,0.0317687613481309,0.0017054525900147,1.837838085528104e-06,1.0096322373723925
0.1859314016146126,0.0336671215680992,0.001376277478727,9.627465113655004e-07,1.0096191660365348
0.1872835834160895,0.0355788960464409,0.0010064776971717,7.487751722723727e-07,1.0096044173528806
0.1922049689276127,0.0387764024924004,0.00029989614782682854,1.6751071929858408e-10,1.009552146586355
0.1923254241945568,0.039294787576342,0.00017481457225205252,8.9331967246284e-09,1.009550877635934
0.1845136269949195,0.0137692297795179,0.0022614478638087,-4.006268155987607e-05,1.0096059941130522
0.1840314506048937,0.0159779107660865,0.0024872143997652,-3.957042838422697e-05,1.0096102486615377
0.1832269293635115,0.0180292711780804,0.0026349496664879,-3.3133324210905975e-05,1.0096182392631252
0.1822923620175837,0.0201345563691433,0.0027043128802115,-2.4124266027459567e-05,1.0096268285905765
0.1826235925443663,0.0237274831952651,0.0026289079491416,-9.7251584880196e-06,1.0096407187260856
0.1835133686384089,0.0216870842571126,0.0026981304558437,-1.8832692168375115e-05,1.009627977117702
0.1833670003115735,0.0275852776541656,0.0022952426342073,-9.088858195927844e-07,1.0096387368507658
0.184160344000092,0.0253018747772489,0.0025171120216638,-6.357025502476181e-06,1.0096276025168025
0.1849332936028524,0.0291687005593667,0.0020923372583897,-9.980730176261084e-07,1.0096233697360757
0.1886364606066615,0.0032655614936263,0.000641757131177802,-6.2383662955327605e-06,1.009578349029956
0.1901356927884614,0.0028602275807082,0.0005706037953467544,-4.861958259445627e-06,1.0095679895115386
0.1869001535535588,0.0063042389593462,0.0011715837678916,-1.874370818272249e-05,1.0095891059620608
0.1884663801029918,0.0048488780663956,0.0009265951444964334,-1.2913130035906186e-05,1.0095786519324428
0.1876973642823211,0.0085595426411647,0.0015403099895701,-2.848175937362871e-05,1.0095829995836465
0.1863860660605321,0.0129367981142676,0.0021628228360792,-4.036807597288559e-05,1.0095926999154348
0.1870766128361326,0.0108103441029556,0.0018772105890077,-3.667772344009595e-05,1.0095877200053869
0.1926683592754526,0.001172181758008,0.00024489528797683,-8.686150491653601e-07,1.009548977634246
0.1937210880710685,0.0006905127207567045,0.00014654276677867676,-3.101664511739788e-07,1.009540905718195
0.1922466182879193,0.0019416899538085,0.0003986265841335017,-2.3091796054121576e-06,1.0095518808025832
0.1914505593901168,0.0030841597084216,0.0006169842773901486,-5.391417975602294e-06,1.00955690750406
0.1941952991281434,0.0012596983138626,0.0002650145876447397,-9.381322334653868e-07,1.0095364630284722
0.1951162329853711,0.0006891973159545975,0.00014741274409549792,-3.029286651683802e-07,1.009529011201822
0.1953075994738161,0.0012220390033192,0.0002589040282639689,-8.698237788788696e-07,1.0095265214356088
0.1965113259160769,0.0006909072541471854,0.00014889786200317562,-2.3393713487813443e-07,1.009516394904059
0.1912514812838953,0.0380135725037925,0.0004788079001704334,2.1852616651343326e-07,1.0095623607831197
0.1890028132335834,0.0366805450659877,0.0007765444744230297,5.913104709751169e-07,1.009587329524148
0.1904604611693372,0.0371659842889465,0.0006699103693640191,2.521827362227435e-07,1.0095711026417609
0.1864925573222262,0.0310634036925598,0.0018166671936739,-7.105733885825494e-07,1.0096085803499075
0.1877781006125365,0.033155053566837,0.001468003042092,7.73937763174966e-07,1.0095994844786988
0.1891921792124461,0.0345736879229268,0.0012048066092586,-9.365681155541724e-08,1.009583945488438
0.193579057351748,0.0387645291734617,0.0003025935036519727,2.8162788894376657e-08,1.009537246109755
0.1937209026611345,0.0392937238382078,0.00017506394592571844,1.1740543699605537e-08,1.0095355285165513
0.1927191463367113,0.0379620225772672,0.0004902689976430012,-3.060085763345972e-07,1.009546748032566
0.1950006321089328,0.0387743927717549,0.00030027809618406745,-1.5195410765193225e-07,1.0095215116436418
0.1951164327929149,0.0392939119995687,0.00017497130048755322,-5.7507766913195617e-08,1.0095200844001653
0.186502168415844,0.0153558712251372,0.002429957611721,-3.978806567235462e-05,1.0095936034542985
0.1880799700039296,0.0138758928423997,0.0022722161686376,-4.053995157498979e-05,1.0095791821755773
0.1855702061807655,0.0177296582565962,0.0026108693408132,-3.497622824829782e-05,1.009601720669628
0.1845877213243875,0.0196346269154206,0.002686620881784,-2.7190192298997407e-05,1.0096103129727585
0.1850241109000127,0.0231497414478073,0.0026474468778457,-1.4830976776728937e-05,1.0096152098089777
0.1854300196114556,0.0213037611131604,0.0026925329714061,-2.2290371032996622e-05,1.0096067999614562
0.1856998931017935,0.0268976867672551,0.0023661309125326,-4.1875357748137154e-06,1.0096148391284183
0.1864572973613351,0.024555331562186,0.0025660517472581,-1.1691767860934335e-05,1.009603153077281
0.18723962922247,0.0285591514328641,0.0021715803156133,-2.030184767977274e-06,1.0096000760890025
0.1889287373620553,0.0156264186153868,0.0024494603890236,-3.767682325541012e-05,1.0095736687918375
0.1902693809000066,0.0044301479512243,0.0008606480056951695,-1.0195306340636284e-05,1.0095650407861962
0.1893315936186624,0.0069263962076693,0.001286441127936,-2.106074734879878e-05,1.0095718886652152
0.1892339625703568,0.0097621747302272,0.0017316597005333,-3.3019673106264774e-05,1.0095726518936643
0.1884208989020719,0.0120961078149213,0.002057128136452,-3.929958715658186e-05,1.0095776329118655
0.193653065939281,0.0019728632111959,0.00040798388156042817,-2.2284985408885754e-06,1.009540291376772
0.1929874449585089,0.0031218420247684,0.0006287733545101223,-5.521526413229301e-06,1.0095449781391237
0.192215859346462,0.0045006602443165,0.0008804253414554341,-1.0322390967602958e-05,1.0095509940148026
0.1950231632317269,0.0019539774831504,0.0004071049659257559,-2.2633633945062e-06,1.0095284744258273
0.1967307178258034,0.001179585723715,0.000251908560232412,-6.894038383591631e-07,1.0095139298062863
0.1979064927535238,0.0006949460108741754,0.00015066531698591145,-2.6497649540640813e-07,1.0095043852657577
0.1965151483927372,0.0017530003025719,0.0003696457390404738,-1.508134725319276e-06,1.0095154152924974
0.1980627366328136,0.0012038749682581,0.0002585289339841572,-7.776860672259929e-07,1.009502089121172
0.1993017705268508,0.0006999562195845231,0.0001527926298276805,-2.6233371973601185e-07,1.0094916501552684
0.1897982354376607,0.0136468214717346,0.0022474230456119,-3.9010512063161344e-05,1.009563206089175
0.1919643068102174,0.0367192326383815,0.0007675639236229481,-6.34859854076363e-07,1.0095543976395078
0.1905947548667491,0.0355701784825128,0.0010071929786278,-2.411314570085806e-07,1.009568635481844
0.1908404522191484,0.0335048745709793,0.0014043116766136,-1.1512348476885266e-06,1.0095651316597551
0.1887722783054706,0.0304784254708882,0.0019051179867706,-2.748344858691272e-07,1.0095867082771048
0.189583519470659,0.0324353575947895,0.00158891508866,-1.5101198104574277e-06,1.0095786301539045
0.1940693704712132,0.0380108864536014,0.00047908313956638617,1.8465554533615919e-07,1.0095321627718976
0.1933442579844711,0.037179587772338,0.0006661182945930182,-1.569902203468463e-08,1.009540509011836
0.196511980752417,0.0392961116500142,0.00017418902746153193,-6.547890342469196e-08,1.0095051498588885
0.1964219879663866,0.0387763169634643,0.0002994361619505421,-1.5330997809084194e-07,1.009506148239676
0.195401035686706,0.0380744556569274,0.0004642901353254143,-4.903240546581056e-07,1.009516934699265
0.1977957399757309,0.0387780563224336,0.0002988075116498894,-1.1164303780006685e-07,1.0094914345091934
0.1979074775695329,0.0393001673886498,0.00017300634213955702,-3.918519407956312e-08,1.009490200645788
0.1879221558488511,0.0175372099370219,0.0025931512400151,-3.527615460853675e-05,1.009581901834547
0.1870258913964711,0.0198513238371154,0.0026844255510566,-2.794469641409807e-05,1.009591046202064
0.1869990058011388,0.022195958324346,0.0026751372422232,-2.029698865382983e-05,1.0095940900607212
0.1880097644534542,0.0261621610906753,0.0024324559849116,-8.513151434322343e-06,1.0095901588521825
0.1887007383949335,0.0237922478156121,0.0026048328969635,-1.5010333977354102e-05,1.0095813630188708
0.1896095097326865,0.0281283516205429,0.0022208786635249,-4.1332820108174525e-06,1.009578134414694
0.1903593725187858,0.0173125359750547,0.0025745049024929,-3.443550647133525e-05,1.0095652597233036
0.1910974956896711,0.0153240795087773,0.0024199594999881,-3.838369489698722e-05,1.0095559471442834
0.1914384043760571,0.0065692083838568,0.0012358660994248,-1.9099268656447567e-05,1.0095562768567643
0.1909466678787844,0.0090859123143905,0.0016357406159063,-2.9473645132331925e-05,1.0095585331131396
0.1904028209953868,0.0115488356564822,0.0019880881075994,-3.654598465290659e-05,1.00956167578341
0.1931205644147322,0.0062395843767289,0.0011872515080703,-1.7186539568992796e-05,1.0095425286302182
0.1945152448048197,0.0028726934868506,0.000586085362373094,-4.63514636557578e-06,1.009532363599426
0.1938433219824545,0.004358985544017,0.0008610917827981964,-9.643787300212854e-06,1.0095374307946214
0.1959040991164476,0.0028237179018013,0.0005806633267628086,-4.030716763057686e-06,1.0095203410969662
0.197889332830194,0.0017587443157912,0.0003731581671901437,-1.5609397487204944e-06,1.0095033287970878
0.197105084217267,0.0024873122002481,0.0005177223708556062,-2.892135407768372e-06,1.0095091182102436
0.1997144361892627,0.0012607207288732,0.0002724294550968326,-8.17896721555347e-07,1.009487409728848
0.2006971375294274,0.0007049135412770621,0.0001548398182600627,-3.021563406523676e-07,1.0094788926687586
0.1990359859130041,0.0019734645736042,0.0004188705448721942,-1.8557053529042104e-06,1.009492611311475
0.2009462633125311,0.0013196880129561,0.0002865965145850606,-9.550384656897144e-07,1.0094758828785588
0.2020925665143236,0.0007093259053375304,0.00015693289116709686,-2.6650626162902897e-07,1.0094655553858554
0.1918321693669827,0.0132029134692217,0.0021976912427426,-3.8286950793623926e-05,1.0095492045050385
0.1934560123984136,0.0357767828451799,0.0009643390028435384,-4.399387677560674e-07,1.0095398098913024
0.1921083165557625,0.0347767464078549,0.0011639442421911,-1.7332853882304778e-06,1.0095512155849649
0.1922692523998335,0.0328272627667383,0.0015223120228529,-1.7868727328879529e-06,1.0095471605067272
0.1911943803684315,0.0307464291375563,0.0018666260068605,-7.98930276538282e-07,1.0095620011669204
0.1947376199495658,0.0368326252269477,0.0007419689960268426,-4.356547378683024e-07,1.009524236470931
0.1967922229034889,0.0380885406199262,0.0004605751068155603,-2.1477626603248679e-07,1.0095021541782818
0.1960758941812341,0.037236558050953,0.0006530488074511409,-5.793838579561856e-07,1.0095091864799055
0.1991562900582027,0.038787767697905,0.000296468214457871,1.1551420842350817e-07,1.0094776405490082
0.1993028880792531,0.0393051572114435,0.00017185909102360097,5.8837543615142256e-08,1.009476141284492
0.1980832967363888,0.0381503909515718,0.0004461334085389891,-1.66168639269822e-07,1.0094885657589814
0.2005641550161921,0.0388000834292397,0.0002935993163642085,-9.56140319687456e-08,1.0094622649296972
0.2006982286438559,0.0393101772255625,0.00017061884357690206,-5.5050376987099454e-08,1.0094606504615025
0.1897029097669613,0.0193997068262462,0.0026648621383976,-2.936207563291736e-05,1.0095711601484414
0.1892201616277982,0.021565414957446,0.0026780546410558,-2.2674734785254065e-05,1.0095748838388328
0.190654713797143,0.025493608526108,0.0024854425336133,-1.0657580157656695e-05,1.0095685734475015
0.1910113644831996,0.0231319551478436,0.0026306883062161,-1.7721078496324094e-05,1.009562310687809
0.191832638361465,0.0277562937918284,0.0022600344381443,-6.313297648378931e-06,1.0095536081462744
0.1915874978980454,0.0186840113171603,0.0026367925746603,-3.2153193397156595e-05,1.0095543915361884
0.1924815903330401,0.0171221929216619,0.0025586443722795,-3.667353733698484e-05,1.009546332505728
0.1931848690668425,0.015033817910788,0.0023922509927839,-3.878302445193672e-05,1.009538302806724
0.1925961503953774,0.0085761556040585,0.0015636878131832,-2.603854769949812e-05,1.009545176864042
0.1923004880420133,0.0110103896216383,0.0019184743424081,-3.4759538416493834e-05,1.009545606070983
0.1942108973854068,0.008160352228147,0.0015040503688479,-2.4602636764698776e-05,1.0095333203090582
0.1947796238992545,0.0059659589771868,0.0011474764839754,-1.5962974781800055e-05,1.009528972765786
0.1953879014073658,0.0041278597277627,0.0008245660344081071,-8.625864416149396e-06,1.0095241179409593
0.1968780526447693,0.003747464210224,0.0007594725039996543,-6.43679471357973e-06,1.0095106282623767
0.1983512244664633,0.0030068941940478,0.0006231202848045649,-4.196223482963744e-06,1.0094984313408109
0.2003934863556545,0.0020213471536771,0.0004312383915496053,-2.249380902458952e-06,1.0094805987075437
0.1996802891223291,0.0028297409008196,0.0005914397187439649,-3.858310016025932e-06,1.009486931077743
0.2022315577908513,0.0012570571502697,0.0002749843621074168,-8.018998014924467e-07,1.009463583184373
0.2034880546790159,0.0007128981885292244,0.00015869942845595552,-2.7729187626039026e-07,1.0094519374862132
0.201708241644988,0.0020670649799549,0.0004432059041484519,-2.018959003026915e-06,1.009468056886735
0.1938716562894847,0.0127592364136621,0.0021478977227336,-3.702536064435058e-05,1.0095320646121893
0.1947698800960232,0.0353786858341187,0.0010436111524818,-6.592368127231028e-07,1.0095236289077818
0.193842465192682,0.0336123070278707,0.0013846670311769,-3.673976212778045e-07,1.0095326393721844
0.1932512132261223,0.0316161272211027,0.0017280173786236,-6.481834481140593e-07,1.0095441718035578
0.1933961792320666,0.0292247400635811,0.002072961950293,-5.143515125496308e-06,1.0095361522946409
0.1961221959294051,0.0358349207482733,0.0009519661947704946,-9.468597548730038e-07,1.0095083173801571
0.1974885252517348,0.0369508764253085,0.0007163339542155105,-4.733470879390033e-07,1.0094951698433496
0.2032926681784243,0.0388284609973186,0.00028616657021815207,-4.6504471511019694e-08,1.009433867978468
0.2034888255464392,0.0393192184852338,0.00016800486247391658,-1.3066124673596012e-08,1.0094318700379543
0.2020935412416994,0.0393147478986403,0.00016929371297521478,-7.019459555872219e-08,1.0094459918262826
0.2019086640287264,0.038920161766627,0.0002645953027011125,-1.6978489168328428e-07,1.009447863493539
0.1994781030004417,0.0381527723051191,0.00044570153821006376,2.740330945712473e-07,1.0094741745737628
0.1988391827391943,0.0373131685236566,0.0006357840808636989,1.2920456618551513e-07,1.0094815518155391
0.2009167368092197,0.0381380764486698,0.0004488547481773098,-4.669766405771808e-07,1.0094584307562464
0.20488359117118,0.0007149189995634972,0.00016016406540856045,-2.410767709824172e-07,1.009437764581636
0.2035814711900186,0.001260084115115,0.0002772367540283195,-8.193120848188854e-07,1.009450187878001
0.1917884653052272,0.0207677415028451,0.0026767118909031,-2.6070668610959617e-05,1.009551850320342
0.1924048006532756,0.0243818673497719,0.0025562333131776,-1.3370079264202202e-05,1.0095441035114898
0.1926750323273257,0.0258836854840285,0.0024431785398514,-8.907571171833967e-06,1.009545814579352
0.1932619493166553,0.0226865396863451,0.0026372890239549,-2.161248723168465e-05,1.0095360574859216
0.1940206058755111,0.0270278811228856,0.0023352982318744,-8.54324891492983e-06,1.009533198720568
0.1934039235845539,0.0190567840304894,0.0026446735060365,-3.168575733874819e-05,1.0095335115390431
0.1944510687367982,0.0169805289109299,0.0025461583494961,-3.552758358845389e-05,1.0095246977115793
0.1952959113620837,0.0147032262579983,0.0023603931099896,-3.7390318397295765e-05,1.0095180865555264
0.194520926246026,0.010250023606817,0.0018189331406054,-3.096225639641402e-05,1.0095277635709554
0.1957422068029505,0.0079186677362455,0.0014713282394265,-2.3096453919732003e-05,1.0095180776236483
0.1964089612295738,0.0056475049752598,0.0010992596904378,-1.3507732029658664e-05,1.0095137685182147
0.19798688076282,0.0047936238295355,0.0009551286594916466,-9.64559011270723e-06,1.0095004691303906
0.1994907701603959,0.00412497435805,0.0008379695119121568,-7.605602949261083e-06,1.0094880939593749
0.2010082093291319,0.0032129495887865,0.0006700847539990588,-4.8742166053852245e-06,1.009474023230332
0.203119389705258,0.0020130557283522,0.0004346949008288124,-2.08280139814719e-06,1.009454226552579
0.2024295833439163,0.0028552322024336,0.0006032110913642255,-3.74346132198658e-06,1.0094607836191385
0.1961051188306368,0.0123283399105115,0.0020989007924376,-3.524273455112924e-05,1.0095121260170143
0.1960143974390902,0.0336312831122436,0.0013816707269593,-3.016140165975258e-07,1.0095124355836302
0.1950281842335292,0.0312792610078566,0.0017797723335853,-2.922294270569763e-06,1.009519876341942
0.1954601659390487,0.0286342040237477,0.0021483213758647,-5.137087870996086e-06,1.0095156064730857
0.1976468586587828,0.034979495840068,0.0011239405014326,-7.00611088956912e-07,1.0094933604986156
0.1978841804802571,0.0329765146316057,0.0014941470032377,-2.0893161170502947e-06,1.0094896510186593
0.1989843076606363,0.0359048904221157,0.000937473056518564,8.133175389417939e-08,1.0094804218565
0.2046918108523043,0.0388395555726582,0.0002836594994999326,1.4245043198006022e-07,1.0094193733592014
0.204884057628315,0.0393229515029697,0.00016723181858752852,7.474383402128958e-08,1.0094174067041035
0.203746323769612,0.0381111470960624,0.00045430749382462354,-1.0683141371534635e-07,1.009429739472118
0.2022937469446674,0.0381818263134429,0.0004382514748177456,-2.398094298521355e-07,1.0094437621737045
0.2002487891561011,0.0368888827396396,0.000729367914305142,-3.050633466022166e-07,1.009465792788348
0.2016319693301742,0.0372082912591015,0.0006585105423630374,-8.408350402271578e-07,1.0094502836324617
0.2052673764014003,0.0012833170508738,0.00028413258674240015,-7.435509791137067e-07,1.0094334630576791
0.2062791170726504,0.0007149404468849887,0.00016099622947292363,-2.5143997887009533e-07,1.0094235226973978
0.2045255686431292,0.0020578702040183,0.0004464845315388432,-1.7442594929749616e-06,1.0094404681886646
0.2066068682315298,0.0013378893627319,0.00029743734823206835,-7.966774972109773e-07,1.0094194698476455
0.2076745745255286,0.0007136037320311106,0.00016162642286236928,-2.0938394748491465e-07,1.0094089682898253
0.1943314504579471,0.0208497003486666,0.0026684566789921,-2.582932144969198e-05,1.009528605864029
0.1944209433410682,0.0247134134428774,0.0025314004597477,-1.4126297354567774e-05,1.0095236095246418
0.1955763283895646,0.022416563771389,0.0026395633309359,-1.9956675294042344e-05,1.0095167050122058
0.1960294159982299,0.0262958181780496,0.0024013230718223,-9.561000250673775e-06,1.0095111244890216
0.1955670926225179,0.0187060538998937,0.0026284540800629,-3.138751072658744e-05,1.0095136653333443
0.1966300429267372,0.0166075163131292,0.0025173938114894,-3.488987363921242e-05,1.0095053463786068
0.1975677923499697,0.0142946149388268,0.0023199513210812,-3.60848145259245e-05,1.0094983362558203
0.1968405635254358,0.0099378098733715,0.0017807115478246,-2.928868474328002e-05,1.0095073023331322
0.197560400537056,0.0070986325658815,0.0013471743422399,-1.780790399018752e-05,1.0095026717082165
0.1991080226452896,0.0060503238467288,0.0011788599890524,-1.4541108086596822e-05,1.0094912227459123
0.2008099946363416,0.0048563137883818,0.0009758813804559008,-9.860713240856718e-06,1.0094755326870752
0.2022798831146262,0.0041653122351808,0.0008541572659694622,-7.209513402697557e-06,1.0094619206483753
0.2037828664187355,0.0032273091912393,0.0006800922001633781,-4.408899436867015e-06,1.009446781106596
0.198468706460007,0.0119284592686506,0.0020540653645981,-3.2567684022852555e-05,1.009492367742521
0.1971188145335535,0.0308207533729553,0.0018489511165396,-2.603899309817504e-06,1.0094996641230063
0.1974813105957987,0.0279695904591433,0.0022265163825765,-6.268660194664421e-06,1.009496220721063
0.1989202671617745,0.0315015599928165,0.0017409468309335,-2.218647017991341e-06,1.0094845948734603
0.1994012933806293,0.0337619950741839,0.0013560000061818,-3.1153128459738654e-07,1.0094726712664526
0.2003647688150473,0.0353570107133915,0.001047156479706,-5.110576346184934e-07,1.009463628448381
0.2060886231982887,0.0388474678769876,0.0002821101189240338,1.955198504034358e-07,1.009404760255672
0.2062792566405503,0.0393252950168489,0.0001669606808293468,7.704512431421934e-08,1.009402597015899
0.2074906630853367,0.0388663306140721,0.00027778939544268946,-8.40766522482775e-08,1.009388676663015
0.2076744365027635,0.0393263432613487,0.000166746869004327,-5.050785299404956e-08,1.0093866872727564
0.2049511032866453,0.0382762871499734,0.00041639751798589294,4.200038174142105e-07,1.0094166127813098
0.2043429082127142,0.0373488037094951,0.0006269460217490432,3.422232334714841e-07,1.0094236459664343
0.2030266093352489,0.0369095888025884,0.0007244584810567495,-3.740208540147817e-07,1.00943666808624
0.2016933268546198,0.0358639863526704,0.0009455192142099642,-1.2965927336447293e-06,1.0094480627711144
0.2059520822985026,0.0020590536518335,0.0004490619274291553,-1.994832111436866e-06,1.0094256856201609
0.2052389197846003,0.0028275061701367,0.0006039601133135656,-3.352716774721232e-06,1.009432718011953
0.2080557787619188,0.0012871143352226,0.0002880376262514737,-6.515173741140569e-07,1.009404691681749
0.2090699587645556,0.0007118151972792522,0.0001619509520666942,-2.0380484927458725e-07,1.0093944193042486
0.2073455926216508,0.0020883144646561,0.0004575457615825088,-1.603945446899709e-06,1.0094116480535815
0.2104652896723863,0.0007100555087826651,0.0001624006302598002,-2.0820142778130654e-07,1.009379321682845
0.2091574805337069,0.0012681795639546,0.0002850092947798172,-6.113274026597357e-07,1.0093928200831497
0.1966653478603232,0.0203864059017239,0.0026601534432535,-2.6494832460076615e-05,1.0095053290737843
0.1969076090223794,0.0240390930946539,0.0025650020859132,-1.538611860224018e-05,1.0095051597520248
0.1977872210542401,0.0218680622683532,0.002646229347654,-2.2087787810471285e-05,1.009497046243303
0.1982292308170371,0.0255880562759164,0.0024565488341229,-1.1541079886704536e-05,1.0094890595713666
0.1979207221359032,0.0183555031113779,0.0026103907711865,-3.1034272922175834e-05,1.0094927268829803
0.1989556309329682,0.0162354444860559,0.002487581118011,-3.45737488262386e-05,1.0094842316675436
0.1999534934602851,0.0139598834309601,0.0022871634742624,-3.419844589964153e-05,1.0094771594359375
0.199340704939547,0.0089720454271622,0.0016483784121206,-2.503959512722232e-05,1.0094852982188536
0.2006775318268613,0.0069510092357572,0.0013321194261936,-1.6085923862616294e-05,1.00947421008579
0.2020333987630182,0.0060166288805792,0.0011818606922405,-1.2855161269845768e-05,1.0094619420893982
0.2036152461966139,0.0048234397596642,0.00097805627295624,-8.814565594537269e-06,1.0094478483169669
0.2051623010764804,0.0040053395739287,0.0008325491304537583,-6.16903553360563e-06,1.0094334401629068
0.2009344405556338,0.0116116166861381,0.0020184982331765,-3.0655893497161496e-05,1.0094688963383998
0.19963248604715,0.0271063951315584,0.0023147144245653,-9.093995186487005e-06,1.0094732798203507
0.1990370917435045,0.0292978616462882,0.0020567068928599,-4.909177889759307e-06,1.0094780872189144
0.2006077153081911,0.0311534045327335,0.0017942908089267,-2.676607608972312e-06,1.0094627666621354
0.2016681711774277,0.0337147446930994,0.001364529515326,-9.362604219005878e-07,1.0094511341636208
0.2088832878173439,0.0388494736388545,0.0002815762964825704,-8.663745080295506e-08,1.0093740007563363
0.2090696192563143,0.0393255820879956,0.00016675154113498714,-3.2412506157847265e-08,1.0093720937273485
0.2102764146696261,0.0388425324501361,0.0002832032989074368,9.793632373824159e-08,1.009359099944789
0.2104648399581953,0.0393234559835295,0.00016729889739900024,4.781349423351156e-08,1.0093570317466165
0.2063151591464917,0.0381821281586784,0.00043851599715001853,2.546936021596585e-07,1.0094021574959893
0.2077616748157864,0.0381741481235671,0.00044043823991403176,-2.191342487914828e-07,1.0093857426873143
0.2055460690714108,0.0371560492336983,0.0006701307662413469,8.097059521082008e-07,1.009410162459971
0.2044564880719639,0.0361842299204614,0.0008789127520581911,4.074136517132604e-07,1.0094219009518743
0.2032196533137194,0.0351053999082019,0.0010993906099857,-3.055956553607514e-08,1.0094348690854804
0.2065826019258446,0.0032536060091068,0.0006920233096880798,-4.118497194830474e-06,1.0094187242074444
0.2087438558165672,0.0020278205016427,0.0004468528514607331,-1.7087782296001078e-06,1.0093964032318157
0.2080408649578181,0.0028388667905795,0.0006122725194776119,-3.046306019002576e-06,1.0094037162302076
0.2106029117111534,0.0012275225367275,0.0002774677196654528,-5.992040841666825e-07,1.0093775473808184
0.2118605726709203,0.0007085869168157627,0.0001628322055832745,-2.071658716847063e-07,1.0093647213684829
0.2102151817664211,0.001875382355065,0.0004169642420702576,-1.2871173724532444e-06,1.0093815550649248
0.2119605394811246,0.0012235036853336,0.000277850939514908,-5.707252625941978e-07,1.0093630360784116
0.2132558185111444,0.0007079824321473611,0.000163320002516059,-1.193098496591061e-07,1.0093488691753023
0.1988095687290881,0.020157361532787,0.0026516565361595,-2.6867546251744462e-05,1.0094842726834472
0.1989992237851403,0.0234521463760044,0.0025876894623194,-1.7679469778301364e-05,1.009480972751109
0.1994415405237927,0.0216910492575878,0.0026431392752328,-2.286270229549036e-05,1.0094774855654016
0.2002897927800621,0.0248073992857015,0.002509124752971,-1.4632203690263464e-05,1.0094659320594308
0.200407521402341,0.0183074644289025,0.0026053648772853,-3.070903776042936e-05,1.0094699166327936
0.2014112067595962,0.0159592436972838,0.0024651207573622,-3.324605543462483e-05,1.0094616507970846
0.2023839664462769,0.0137302728231339,0.0022650896234251,-3.2181439530568783e-05,1.0094532599629054
0.2020721620012573,0.0086796583601925,0.0016142968800842,-2.236243303002168e-05,1.0094610735067222
0.203434957771329,0.0069381716424719,0.0013396460107997,-1.5871120415942328e-05,1.009447819051317
0.2049083426507625,0.0060797039313517,0.0012022706310481,-1.2341853579576424e-05,1.009434211562496
0.206379361277021,0.0048925928708644,0.0009986410520862706,-8.41780037055561e-06,1.0094196485921538
0.2033776214729289,0.0115327329646812,0.0020130427693321,-2.8814120933513145e-05,1.0094457380794106
0.2016989267352751,0.026291143950433,0.0023895862522385,-1.0583788458783369e-05,1.0094512095110648
0.2010585637413647,0.0286839077303595,0.0021335757228258,-6.127130914571167e-06,1.0094571147777296
0.2116838358081775,0.038850094875281,0.0002817750904850694,1.7009771912138877e-07,1.0093440514955232
0.2118600713240662,0.0393207260772284,0.00016824501792666503,7.95666475098317e-08,1.0093421357816752
0.2024218961391188,0.030772641782303,0.001849685689311,-3.1315303776192933e-06,1.0094431833497364
0.2037422703505054,0.0328059743351046,0.0015223538133776,-1.4771456316050984e-06,1.0094295595632792
0.2092319184671644,0.0381952057401627,0.0004352640001278941,-7.969671186313541e-08,1.0093700462604838
0.2105330194543387,0.0381919632710984,0.0004361484541839208,2.1303235105037819e-07,1.0093568709317011
0.2069756207361584,0.037154969965167,0.0006705807520743351,1.60146499680696e-07,1.0093950606067097
0.2084344765580805,0.0372583518928321,0.0006472332656367819,-7.678373892010105e-07,1.0093777655788163
0.2062351349744913,0.0357898764984147,0.0009603242492012904,6.582331556612587e-07,1.0094025059785434
0.2050344604331082,0.034317386206044,0.0012512930836514,9.6791405271732e-08,1.009415524523613
0.2079179304356639,0.0041536678717079,0.0008673816536407885,-5.896341840202218e-06,1.009404778849441
0.2094594499937207,0.0031137842520703,0.0006709472950999957,-3.3031858856870898e-06,1.0093885244641907
0.2116892288285306,0.0018509563802205,0.0004137372577625841,-1.3035559758722724e-06,1.009365750376105
0.2109254909711961,0.0027464186290145,0.0005990907568219975,-2.7896421202910937e-06,1.009374186424915
0.2134004893170433,0.0012351501854668,0.00028137276313242244,-3.738175613437672e-07,1.0093468462062365
0.2146510659307662,0.0007085292429186453,0.00016396554156113645,-1.7020225522658338e-07,1.0093336287492627
0.2130023938630808,0.0019010990196446,0.00042579880685365807,-8.452632063936256e-07,1.009350894858164
0.2147602219426678,0.0012460494815027,0.0002847496091622759,-4.977786647794674e-07,1.0093319541713763
0.216046342489829,0.0007098218804747465,0.00016485264447048043,-1.1628253183104745e-07,1.009317684914669
0.2006825489898396,0.0206119119898586,0.0026517221670039,-2.417458553171552e-05,1.0094667861896516
0.2008031682958461,0.0225562320717398,0.0026181669668405,-1.9945126753835783e-05,1.0094619011666508
0.2020530662710305,0.0195870042872155,0.0026348080821414,-2.721035437770807e-05,1.0094536504510536
0.2023635047930922,0.0238802342890765,0.0025606809357323,-1.6474922043961786e-05,1.0094465770800385
0.2029674291280664,0.0179033078660989,0.0025826653042376,-3.079444694143124e-05,1.0094467145816683
0.2038469620180907,0.0156291613519892,0.0024389783484031,-3.18084558430722e-05,1.0094381965433945
0.2047800742737469,0.0136894835716381,0.0022628535324619,-3.106074011597519e-05,1.009430190823224
0.2047064786794828,0.0087354036845577,0.0016308843316903,-2.0577177759417e-05,1.009434957048193
0.2061517109036477,0.0070832760566233,0.0013723972454295,-1.5894302047262453e-05,1.0094208441688477
0.2076705226029441,0.0062560171015381,0.0012413776536017,-1.2308837386982094e-05,1.0094053416392124
0.2057659680619767,0.0115836756692159,0.0020240341612798,-2.779990082469297e-05,1.009422603618589
0.2036948390860922,0.025643630036637,0.0024399424632718,-1.1609152195225212e-05,1.0094314036179306
0.2030479947299539,0.0280337256561982,0.0022087155185752,-6.651210389026244e-06,1.0094365022066147
0.2130884822226151,0.0388214005893883,0.0002887523501464393,1.6992930492547264e-10,1.00932831261271
0.2132552835589352,0.0393168541141698,0.00016928422259525664,1.0088094641447963e-09,1.0093263376501125
0.2119213768888984,0.0382942456262237,0.0004128806489865833,3.347022159364239e-07,1.0093414804876903
0.2044522775824623,0.0298804682819819,0.0019740637458568,-4.2756578224937525e-06,1.00942329743705
0.2057583268672364,0.0317412650108661,0.001695372366204,-2.006675454785328e-06,1.0094069773011505
0.2112824801501751,0.0374302661474285,0.0006092743834306637,7.949899628421157e-07,1.0093494193412582
0.2099373537815179,0.0369532987891259,0.0007149366713101447,3.007309340996227e-07,1.0093632923543876
0.2082638522888599,0.035784833216184,0.0009612123995412744,-9.480616707967688e-07,1.0093792588511132
0.2069760472848683,0.0338440438548728,0.0013373127418291,-9.235970529172214e-07,1.009393602295708
0.2092659541089516,0.0050620948854639,0.0010376693487837,-7.937668980947827e-06,1.0093895489245994
0.2108279779565191,0.0041845103513352,0.0008807602202917393,-5.500582199098372e-06,1.0093753422404304
0.2123173352138965,0.0030227299059989,0.0006578153304147076,-2.418599182923073e-06,1.0093577369139626
0.2143194504673384,0.0019383662052486,0.000435040859347355,-1.1631599637142477e-06,1.0093364659097606
0.2136607161963189,0.0027896871460962,0.0006117968059327248,-1.831315620049556e-06,1.009343594080134
0.2161986488849141,0.0012406315776777,0.00028452798714233204,-3.573914690756388e-07,1.0093158685716803
0.2174416478677281,0.0007115455779664799,0.00016576022639304348,-1.7062157970880046e-07,1.009302448106817
0.2157104807104456,0.0020137133145477,0.0004526099203527723,-1.0238833307953925e-06,1.009320974981892
0.2175494693456403,0.001232694244299,0.00028373201110768283,-5.013591237912987e-07,1.0093007869837107
0.2188369829781756,0.0007135511155446878,0.00016688058358492366,-1.632874900844816e-07,1.0092869154848016
0.2027711478290292,0.0214018133030946,0.0026407995480825,-2.22756574052212e-05,1.0094443592125373
0.2034366839999418,0.0197105349987967,0.002633402758132,-2.4643237782602847e-05,1.0094346790938886
0.2043464605262421,0.0232386564182599,0.0025863007905559,-1.7095871709604864e-05,1.0094258889743513
0.204521411244434,0.0189055310078232,0.002612888190365,-2.5982555718775192e-05,1.009428276471996
0.2050904797826024,0.017312741575986,0.0025475844454516,-3.00230288859397e-05,1.009421076429201
0.2060607826231224,0.0157580702882499,0.0024486521350684,-3.089027204676621e-05,1.0094156836898256
0.2072641599429767,0.0137502554581231,0.0022721621213871,-3.007244875139849e-05,1.009407742826791
0.2073489458826448,0.0091023451003869,0.0016919698404211,-1.960157130801352e-05,1.0094072057678023
0.2089592330097355,0.0072421258241819,0.0014061024279563,-1.5855630114161786e-05,1.0093905141165305
0.2081461038964039,0.0115945474160972,0.0020300224137685,-2.6379421424508804e-05,1.009399358403565
0.2056774916578927,0.025023690738303,0.0024821020341282,-1.1907285720348498e-05,1.0094119060495157
0.2050528720250781,0.027395973059961,0.0022750413875715,-7.698227969553418e-06,1.0094176548297726
0.2144472345944924,0.0388134245139503,0.000290536152796402,-3.7377884459523965e-08,1.0093127412183478
0.2146505250913393,0.0393114179574063,0.00017056585346667647,-2.1904716120998417e-08,1.0093104022866202
0.2132488798215641,0.0381963966053604,0.00043554116284560783,-1.0260020449120861e-07,1.0093261539700735
0.2125039446393747,0.0373238769003547,0.0006333559465165095,7.287299569004996e-08,1.0093340152350785
0.2158161748544463,0.0388055405350993,0.00029229066861030987,-6.773559118205343e-08,1.0092967636959955
0.2160458577994293,0.0393052891149412,0.00017195639251489043,-2.5833937423662228e-08,1.009294227194927
0.2064178264822244,0.0291031532346295,0.0020736327656566,-5.873902680284892e-06,1.0094025134353994
0.207696264521429,0.0313560584256097,0.001753556990986,-3.316905388692197e-06,1.009386067621067
0.2115027361671646,0.0362285249270367,0.0008691142086299482,7.982108723214337e-07,1.00934677302107
0.2102897441251225,0.0350709087942087,0.0011048461679479,2.090385313493594e-07,1.0093609790714615
0.2088895910888313,0.0337177122901585,0.0013605673229928,-5.257208367572074e-07,1.0093736511815845
0.2108832940398009,0.0065210953277424,0.0012963492729736,-1.1174505971337488e-05,1.0093695109934764
0.2121130510459282,0.0047262895254694,0.0009828384608825944,-5.261878450572557e-06,1.009357666368672
0.2134789943475322,0.0040886525381694,0.0008672230129045418,-4.078124241498286e-06,1.0093437848177127
0.215000136010141,0.0032002590397962,0.0006972872770621494,-2.9223810246174145e-06,1.0093281820248878
0.2173035521149655,0.0018538212743574,0.0004200505383857336,-1.1296682521899615e-06,1.0093030237156702
0.2164952119489262,0.0027956423091005,0.0006174151283821603,-2.3103655843405856e-06,1.0093116925086574
0.2189856157510714,0.0012390333425315,0.00028626507156924447,-4.698826823642639e-07,1.0092850165870224
0.2202323502959868,0.0007155109192804526,0.00016794133576073327,-1.8788708072866538e-07,1.0092713296218363
0.2186951052160783,0.0018651439089408,0.0004241557555220358,-9.877932174163982e-07,1.0092881847833046
0.2216277410602339,0.0007171292285988741,0.00016896458534805946,-1.3917726382733488e-07,1.0092551551444997
0.2203358032396894,0.0012645458977774,0.00029299312229840173,-5.378391714029332e-07,1.0092695561331555
0.2050375344244639,0.02073522493095,0.0026414268285234,-2.365458116296404e-05,1.0094202743111749
0.2064278152640701,0.0226422304900785,0.0026027515841296,-1.756759296221076e-05,1.0094052238143103
0.2059197072434032,0.0189669309817216,0.002610265488665,-2.600800528326712e-05,1.0094077084787314
0.207315323467225,0.0177839298797558,0.0025693679680273,-2.764466026924448e-05,1.0093991622693286
0.2080024931803404,0.0160065652329456,0.0024657827783608,-2.9455709742385792e-05,1.0093941298990745
0.2090684558020722,0.0145228690127113,0.0023416372658485,-2.887746719605549e-05,1.0093823749286532
0.2090252416890731,0.0130970916747853,0.002203422628912,-2.8568407727630367e-05,1.009385966739713
0.2099058603680219,0.0096345076728722,0.0017752473010961,-2.0980603772172096e-05,1.009380722564028
0.2098704346842325,0.011920900321023,0.0020730193587286,-2.644536047972618e-05,1.0093801180915525
0.2076404402152601,0.0246981693940719,0.0024985060416061,-1.431478032691705e-05,1.009387646617759
0.2083709230327502,0.0228511685785541,0.0025899965101291,-1.7994065716166423e-05,1.009382922339797
0.207059091892314,0.0268672874477613,0.0023244653840619,-9.011215648825647e-06,1.0093945527048744
0.2147192697217228,0.0381159877315607,0.0004536397331936035,-1.4669362403243833e-07,1.0093095908253733
0.2139331172944004,0.0371848791500558,0.000663180208977255,-6.042997939794195e-07,1.00931794016336
0.2130996611313933,0.0360311105548524,0.0009091158681573114,-1.2489346307310854e-06,1.009325838023219
0.2172669160384182,0.0387968928976925,0.00029436512714042096,8.859996454285038e-08,1.009280896807842
0.2174412801988687,0.0392997071504948,0.00017337766621300553,4.186788541770993e-08,1.0092788369338617
0.2161437461970888,0.0381398688784984,0.0004480837159764904,-6.627795528294118e-08,1.0092931425072378
0.2187112474246457,0.0387798652386151,0.0002984855154656896,-1.589107671530891e-07,1.0092641214804718
0.2188367400239788,0.0392953317609337,0.0001743852422363445,-7.431403326543629e-08,1.009262604558333
0.2084466470467849,0.0285828822912557,0.0021361900120458,-5.943839361131635e-06,1.0093791833308774
0.2098102339983763,0.0306380809954685,0.001859472457756,-3.3909719091747525e-06,1.009363027466173
0.2122308907081071,0.0344489055539264,0.0012214260651726,-1.3385121254950192e-06,1.0093378505415684
0.2110894505762146,0.0328098906688382,0.0015145918902426,-2.5455091628595987e-06,1.009348107777687
0.2121353532342544,0.0087535671495275,0.0016522505915861,-1.7327311435258308e-05,1.0093569812654744
0.2129756285551954,0.0060445718853468,0.0012216544974951,-9.09322470986552e-06,1.009350932079841
0.2148070990637135,0.0047483777263086,0.0009938862144566669,-6.464513076793881e-06,1.009330065050558
0.2164502945258418,0.0040592125963559,0.0008681066849225749,-4.435857587123678e-06,1.009313299811578
0.2179089449143354,0.0030126305942873,0.0006653039055860304,-2.6051074331475858e-06,1.009296495389471
0.2200829768266154,0.0018701774198032,0.0004267437922285886,-1.135912099039368e-06,1.0092723277120508
0.2193398484689755,0.0026818175545398,0.0005983483182172536,-1.9626043999388022e-06,1.009281134790346
0.2220249532748537,0.0012897704339717,0.0002997356744154168,-4.116963319943707e-07,1.0092503223709497
0.2230231540683765,0.0007183898967173651,0.00016967355442155555,-1.375570171751968e-07,1.0092388917741226
0.2214022121473866,0.0019524962467407,0.0004457828910852351,-8.242488476250089e-07,1.0092571547899671
0.2078084705425311,0.0203009680407363,0.0026358147262333,-2.395736721921393e-05,1.0093925450524208
0.2093785791379754,0.0179997071052168,0.0025750950413404,-2.5830647480990995e-05,1.0093763702034304
0.2102729909542308,0.0159331410593206,0.002458618690968,-2.7503516569400896e-05,1.0093698601429402
0.2107942894574322,0.0136565066195768,0.0022637359002239,-2.710365145861516e-05,1.0093635636198748
0.2115807355850233,0.0114360430687802,0.0020177754974766,-2.2221885268848136e-05,1.0093602494247005
0.2102596946908503,0.0219381647988912,0.0026117091815543,-1.7519982848890832e-05,1.0093638433740404
0.2097591171942297,0.0242250698066422,0.0025239766304238,-1.3786506150511304e-05,1.009369588601621
0.2091192739732819,0.0263994536713391,0.00236353376875,-1.025758848460841e-05,1.0093725363869623
0.2137844494888604,0.0345116040474113,0.0012088314492805,-2.3436652913253467e-06,1.0093182237772926
0.2154340723383142,0.0370760802813323,0.0006864679561593604,-1.78530282182358e-07,1.009301959015878
0.2148177657059684,0.0358259942482542,0.0009505701370613374,-8.048970747209629e-07,1.0093081419504235
0.2175938627532414,0.0381473170225226,0.0004466279882791743,2.216747594510446e-07,1.0092772344544791
0.2168036677064272,0.037216493657351,0.0006559875162376343,1.6951499616238369e-07,1.009286184376354
0.2200976741473218,0.0387799471195903,0.0002981479955346871,-1.3219724277998116e-07,1.0092490410133212
0.2202322012000901,0.0392919343967562,0.00017497607570242564,-5.4325487499384253e-08,1.009247623249582
0.218938188928611,0.0381465523639974,0.0004468264045294607,-3.831676360941379e-07,1.0092615375525609
0.2105388748123745,0.0281132745936659,0.0021872024676837,-7.154822299732552e-06,1.0093577247947982
0.2119654000592914,0.0301588578914578,0.0019243857468063,-4.427717595732216e-06,1.0093407632891849
0.2135642181211498,0.032382569584772,0.001585373905366,-2.359175897989553e-06,1.009322383380943
0.2232019238690997,0.0013351690871512,0.000310803563845367,-4.3569012094391453e-07,1.0092363534250393
0.2244185957798954,0.0007190203513452129,0.00017036578003536783,-1.0512505021331048e-07,1.009222394514381
0.2136607150752535,0.0106748708310563,0.0019232563616782,-2.161849153568101e-05,1.0093382513755778
0.2138025934166108,0.0082956645291153,0.0015874131321936,-1.4911634348288133e-05,1.0093370022047905
0.2146671990192325,0.0067988286518236,0.0013511666156172,-1.0751039354434444e-05,1.009332820913495
0.2160232438057823,0.0061143365110351,0.0012411268263631,-8.999285509561073e-06,1.0093161150808496
0.217625960509391,0.0050272032610427,0.0010515468942506,-6.195844290419402e-06,1.0092989129539909
0.2191961524529404,0.0040324822035142,0.0008679243047482422,-4.026141659573102e-06,1.0092819403784423
0.220642999611657,0.0030955118519992,0.0006858359945079289,-2.159549708178537e-06,1.0092654252908366
0.2227240710333984,0.0020295005982442,0.0004636201328264596,-1.1927668098193263e-06,1.009241669277764
0.2220307518858338,0.0028193852441468,0.0006300259406299302,-1.8683656677605255e-06,1.0092499755733095
0.2108020970363405,0.0197625716745569,0.0026220037747901,-2.343674649634123e-05,1.0093638957334985
0.2117230276491113,0.0177147909072335,0.0025601256852121,-2.53240402812413e-05,1.00935574963401
0.2124878330236801,0.015545758104719,0.0024294538773201,-2.6757159526621196e-05,1.009347612087442
0.2135425704329435,0.0131275578732213,0.0022147196766444,-2.4655793660158864e-05,1.0093395332584014
0.2153033561660809,0.0116161349672597,0.0020449125534602,-2.224275451457172e-05,1.0093193198381945
0.2125968654004899,0.0215357149463536,0.0026145124569476,-1.816408975575632e-05,1.0093384159473298
0.2119371138297615,0.0236838799592556,0.0025474717666428,-1.4256672873415022e-05,1.0093449308329845
0.2112715789868283,0.0259096303199405,0.0024024998216676,-9.743111216099498e-06,1.0093506689342655
0.2153496457113589,0.0338776248160482,0.0013275069692567,-1.8001637678159052e-07,1.0093037701387209
0.2166246853733408,0.0356527584694559,0.0009865859886555549,7.629882030179545e-07,1.009290327082285
0.2182321792695949,0.0369108515887182,0.0007233734163685457,3.8904900465069526e-08,1.0092699600550503
0.2214686570420851,0.0387712977901577,0.00030003433936157906,-3.408832027147431e-09,1.0092341234567908
0.2216276753180316,0.0392893321041988,0.00017552119875756768,5.085060151910282e-09,1.0092324776638997
0.2203816571518309,0.0381699990089371,0.0004410071784046216,-1.6271545592003556e-07,1.0092457496221334
0.2196641088111644,0.0372813577413448,0.0006417461848958249,-6.677192494871204e-07,1.0092531053880065
0.212763798498346,0.0276107275416372,0.0022402094815465,-6.33451988521223e-06,1.0093336545301883
0.2142762109080446,0.0293221754340689,0.0020360369353486,-4.215233589698612e-06,1.009316312346756
0.2158970214336918,0.0311724361722984,0.0017723655131977,-3.092664166115624e-06,1.009295592307672
0.2245708419757795,0.0012691389110788,0.000296663596155373,-3.461839250770432e-07,1.0092203281419443
0.2258140442389476,0.0007185946517374792,0.00017065739750937083,-1.2676974135566744e-07,1.0092061172277922
0.2241145325086489,0.0020041469468215,0.000459533181559428,-7.238950940391052e-07,1.0092255486133472
0.2272094614903725,0.0007172938021247281,0.00017086050999168742,-1.0871097824383185e-07,1.009189571491894
0.2259230118774107,0.0012649790721095,0.00029643347804759345,-3.937593604580257e-07,1.0092042630609357
0.215856963528545,0.0088468175915948,0.0016768854083261,-1.6725939736495045e-05,1.0093143409748069
0.2173653738972862,0.0069744430456845,0.0013854202479025,-1.0108166020224785e-05,1.0092991730297467
0.2188048012976635,0.0060882782137378,0.001242122208345,-7.956206948489275e-06,1.009285158736177
0.2203702209116682,0.0048714756403891,0.0010276034302434,-5.272146026587028e-06,1.009266783883742
0.2219337713786413,0.004028272126634,0.0008717908296823196,-3.59548886151121e-06,1.0092505244825476
0.2233732100708363,0.0032226769807184,0.000715164181809366,-2.2510724385000147e-06,1.0092338749943623
0.2133738818234817,0.0194816922989739,0.0026122782300587,-2.189839889586148e-05,1.009334883162193
0.2140227839061393,0.0175660132405427,0.0025504827250119,-2.4098275876232464e-05,1.009330046268042
0.214889198493799,0.0154329619121116,0.0024205690743489,-2.452258686517193e-05,1.0093208991846276
0.2160829717805668,0.0135305141623223,0.0022557727958225,-2.2728318295696945e-05,1.0093098013053818
0.2173877932293806,0.0114490575614888,0.0020279577539145,-2.0549481814081534e-05,1.0092945840682426
0.2149723415448931,0.0210982286320137,0.0026159527607425,-1.8152565546026397e-05,1.0093138207421453
0.2142360634452381,0.0232496367470414,0.002562354204888,-1.4524136157964473e-05,1.00932010313112
0.2135129468046673,0.0254262139367899,0.0024360199943361,-1.0335484509737456e-05,1.0093261315786772
0.2173898211376767,0.03344924553865,0.0014012325625248,-1.2049801433017874e-06,1.009278412962234
0.218345645744045,0.0352130191558372,0.0010712316086025,-1.2309298855135862e-06,1.0092686139851197
0.2197168693441626,0.0358012761948289,0.000954629475550268,-1.3214763032713005e-06,1.0092513195494766
0.2228916450921199,0.0387693628961825,0.0003007215640478388,2.798056884492002e-07,1.0092188441993957
0.223023165404582,0.0392879742029568,0.00017609737506651553,1.204035082064188e-07,1.0092175229297178
0.2217465833717082,0.0381522782483506,0.000444941113497186,3.5362269476871865e-08,1.0092313230805676
0.2210696267952239,0.036956760653618,0.00071331207388922,-2.238862379390729e-07,1.0092385993947577
0.2243119536518938,0.0387533640037427,0.0003049801258460481,8.627086462569318e-08,1.0092026892916783
0.2244186280689763,0.0392880451047385,0.00017633746994777516,2.8562536262179392e-08,1.0092014477933295
0.2150516459438976,0.0271394935526745,0.0022843645418057,-7.225856559684887e-06,1.0093095928538618
0.2166070500624825,0.0288542697456396,0.0020917128443683,-4.868487456506747e-06,1.0092919602532382
0.2182143648295897,0.0309574779606748,0.001804301841462,-2.6124908279928864e-06,1.0092717363523116
0.2254838769250809,0.0020273474996502,0.0004657341488886911,-1.0678373648926537e-06,1.009208939357961
0.2248283592680347,0.0028178124311905,0.0006330498980680376,-1.7601337727410943e-06,1.0092167614428282
0.2276048166139458,0.0012897420721915,0.00030300066682872315,-3.284862012390979e-07,1.0091849457995752
0.2286048242954377,0.0007155500015096871,0.00017077870048561383,-1.1534810362749009e-07,1.0091733048433602
0.2268851589090701,0.0020614147911958,0.0004744641396184804,-7.795045365517702e-07,1.009193227496204
0.218689023326972,0.0085974760578441,0.0016471830237648,-1.4332009041434011e-05,1.0092853166822569
0.2200894911949429,0.0068139197324665,0.0013658363318849,-9.386564088259512e-06,1.0092689165084816
0.2216154232144033,0.0060286150251229,0.0012377371400241,-7.54270278031865e-06,1.0092537257676606
0.2231542602375742,0.0048558185248948,0.0010299598688555,-4.976031400817226e-06,1.0092351434098712
0.224822939392283,0.0040136429703679,0.0008734584489289312,-3.373961632790476e-06,1.009217415188381
0.215746686817885,0.0189838747956087,0.0025972484381407,-2.18401270115846e-05,1.0093077611147143
0.2159555681720445,0.0171345445250027,0.0025256135235866,-2.3233648445015917e-05,1.009306420408948
0.2172434636263014,0.0156936491699984,0.0024401794620781,-2.334632818349862e-05,1.0092956218976143
0.218597539999664,0.0135683929966109,0.0022611467353915,-2.2223557114750475e-05,1.0092812875370167
0.2199280767711156,0.0114286262500958,0.002029258978354,-1.8866738050506783e-05,1.0092680582592266
0.2173230186557352,0.0205738851902215,0.0026153264895973,-1.799555334215793e-05,1.009289024370336
0.2165783298675372,0.0227888209470018,0.0025758552197357,-1.4510271453703637e-05,1.009295176525489
0.2158197967168742,0.024965675442256,0.002464547132247,-1.0867264241027111e-05,1.009301704267085
0.219736737852417,0.0335735003773945,0.0013802440641307,-1.2651210296858215e-06,1.0092544416559317
0.2212529175925306,0.0348721676520608,0.0011396654974836,3.895347540427188e-07,1.009238370054238
0.2232640584362928,0.0380891822757773,0.0004599224527605108,6.10632415053797e-07,1.0092147521241197
0.2225208435516903,0.0372189324834346,0.0006552740121195678,6.540173693651129e-07,1.0092238236819395
0.2225412031247567,0.0359163068392804,0.0009321396519885594,1.236522286032781e-06,1.009223500311613
0.2256944759562139,0.0387627140799882,0.00030284556907632935,9.805720829171209e-08,1.0091868898665546
0.2258140124494652,0.039288973415178,0.00017621403943157064,3.637796921948414e-08,1.0091856530531482
0.2247154327912014,0.0381258286339237,0.00045183744611790696,1.3997092049773434e-08,1.009198193903214
0.2270662320012064,0.0387485322351562,0.0003062786231052162,-1.860752568728505e-08,1.009170848621254
0.2272093050892151,0.0392897554377212,0.00017604870090073412,-7.340803550428156e-09,1.0091691778318324
0.2287904193941257,0.0013242238288535,0.0003115474691496029,-3.6174746002146267e-07,1.009170803836514
0.2300001553365178,0.0007141877107520137,0.00017098085526067792,-1.2554995026764638e-07,1.009156696216267
0.2173762560159657,0.0266843135337798,0.0023241736284345,-7.899549877818353e-06,1.009283623568226
0.218892533019691,0.0284396854322156,0.0021388514993348,-5.147593040501903e-06,1.00926566736171
0.2203456532566115,0.0305617244834079,0.0018612487919566,-2.79527176597935e-06,1.0092471352980608
0.2261564364573904,0.003286839097679,0.0007325899372705784,-2.261219275596745e-06,1.0092010474038864
0.228307572321437,0.0020271939842206,0.0004680285384114949,-9.76762524233753e-07,1.0091759231840969
0.2276029215541599,0.0028517030677493,0.0006436350080731898,-1.7404711214659931e-06,1.009184459446545
0.2213906633698696,0.0085811900098406,0.0016511148071929,-1.2751949066625744e-05,1.009254443509892
0.2228310449857185,0.0067840803110782,0.0013663818125573,-8.892720713786967e-06,1.0092376869916664
0.2243034096419347,0.0059905760615255,0.0012365179401766,-6.899162030527727e-06,1.0092214436764806
0.2259447349420621,0.0051577852148364,0.0010904017128064,-5.353616002222608e-06,1.0092037069619264
0.217927604889071,0.0180506248996704,0.0025682889823907,-2.179475102334034e-05,1.0092834749012167
0.2197400322625436,0.0157442013849625,0.0024428576466509,-2.1695647526653443e-05,1.009266708658356
0.2212029022950075,0.0135648018128584,0.0022624027108163,-2.0214915004230977e-05,1.009252007560998
0.2225528032734231,0.0114824665302582,0.0020397024250427,-1.7511376692675376e-05,1.0092392263299088
0.2197593559300074,0.0201829725457269,0.0026093379481467,-1.790886137216867e-05,1.009262324474909
0.2189537928748077,0.0223387657051975,0.0025859427295241,-1.424092309411224e-05,1.0092692057968164
0.2181652474022865,0.0245068480552905,0.0024902178829,-1.0968228650524911e-05,1.0092759746330506
0.2217647496778128,0.0323642634129068,0.0015824406313865,-1.2914137945186862e-06,1.009231443884801
0.2230162563530501,0.0337503855731843,0.0013456199454561,1.7139207318983015e-07,1.0092183498630132
0.2240174824421112,0.0368236612380382,0.0007423191210885759,3.863185170163343e-07,1.0092064905077809
0.224172842626461,0.0352733342627861,0.0010596255075225,5.7206939446721366e-08,1.0092032198083698
0.2261881837397238,0.0380033668914973,0.0004799901390353293,1.708001595249281e-07,1.0091810908843424
0.225432282344153,0.037204588496431,0.0006587313310330349,1.6684011979943254e-07,1.0091899607645958
0.2284453029987572,0.0387597586562647,0.0003035651405404671,1.6830971742177042e-08,1.009155066914078
0.2286045601206945,0.0392893383155653,0.00017615817303253802,9.269667517625544e-09,1.0091530360158631
0.2275730713180772,0.0379900985413683,0.00048295824712600886,-2.1015061233073207e-07,1.0091652263397564
0.2301392512017541,0.0012372012299458,0.0002924324169745274,-3.783756719945866e-07,1.0091549001928588
0.2313955356006092,0.0007133996514466405,0.00017129754247293202,-1.4669300923705168e-07,1.0091405799482045
0.2297367208367634,0.0019201735646647,0.000445807168676194,-7.636810119472945e-07,1.0091597247494466
0.2298978931717026,0.0387727142936916,0.0003005022176609689,-1.1277442952528561e-07,1.0091379109262049
0.2299998905101369,0.0392876640190416,0.0001765266414257555,-4.212147155332468e-08,1.0091366827463186
0.2197252620176749,0.0262025784244593,0.0023637312962349,-7.968390861048872e-06,1.009256916996135
0.2211270864233105,0.0279682007760615,0.0021899487309107,-4.679381612206984e-06,1.009240790046855
0.2227630401879108,0.0297238094910878,0.0019743647581077,-2.5138583860927605e-06,1.0092241945937717
0.2275270642110414,0.0040781677087628,0.000890405620847542,-3.0452492791348834e-06,1.0091852759378737
0.2290232707147277,0.003073691550755,0.0006924364913006566,-1.7572671349691864e-06,1.0091676258261353
0.2240723705307503,0.0086794175845677,0.0016712828586434,-1.2026711960234984e-05,1.0092242546170036
0.2256308638832989,0.0071331820539162,0.0014285233196248,-9.357775684043609e-06,1.0092052016723332
0.2271969171753621,0.0062768890059915,0.0012910085133411,-6.741864247194346e-06,1.0091874937348573
0.2251245325072786,0.011628241807688,0.0020605642866294,-1.6524351361961112e-05,1.009210763578621
0.2209778889472625,0.0178703659757328,0.0025572983440778,-1.9945574252758517e-05,1.0092533750229615
0.2224918397842514,0.015716791756893,0.0024405890957563,-2.007378062117593e-05,1.009236143539196
0.2238230773521249,0.0137458750202949,0.0022813583558185,-1.8967662037038915e-05,1.0092227255291475
0.2222394250567259,0.0197256222228263,0.0026011502243573,-1.6944869771783343e-05,1.0092367910698197
0.2213567437049877,0.02191747689667,0.0025920545581701,-1.3668510422925575e-05,1.0092431093021703
0.220541217528239,0.0240634512954582,0.0025120720146124,-1.044460692107243e-05,1.0092495689175272
0.2239206758915173,0.0312424113205306,0.0017570234995995,-2.6406229848196845e-06,1.0092059533968172
0.2246266424441905,0.0331983374913947,0.0014398243315209,1.183242539870727e-07,1.0092000154260523
0.2254757142202233,0.0359374556746344,0.0009275808367560504,-1.3216775701112725e-08,1.0091885269132208
0.2258702536434816,0.0339103152469393,0.0013181981445634,-2.458739984604761e-07,1.0091836433233212
0.226900109227316,0.0368308453627823,0.0007401970079052615,-2.4012464563420525e-07,1.0091728076956032
0.2287754331428495,0.0381407439541281,0.0004484965049269502,2.073699830493309e-07,1.009150877672685
0.2281935582513057,0.0372518570053781,0.0006481525698116628,-1.3323386595109816e-08,1.0091578964133383
0.2314963826320175,0.0012324220800847,0.00029215653790493675,-3.718038864675181e-07,1.0091389687110723
0.232790988414527,0.0007117166231064176,0.00017119718700149634,-1.2011856811202563e-09,1.0091228979751858
0.2312269043904881,0.0018571117422349,0.0004330660376296161,-8.818834114608828e-07,1.0091419950494094
0.2304843714804103,0.0027074356824448,0.0006167304091416816,-1.6149810329194536e-06,1.009151813281691
0.2312758629353659,0.0387553088558525,0.00030434769933116026,-7.65165315017067e-08,1.00912198919241
0.2313953839664094,0.0392862344407027,0.00017670379841706822,-3.9350236898848475e-08,1.0091206397316124
0.2302653833345276,0.0380671842115716,0.0004652094174956538,-4.118465142163551e-07,1.009133723503797
0.2326444684912994,0.0387611534209602,0.00030284197645456297,-1.2747225979274865e-07,1.009106216401742
0.2327910121605148,0.039287151126262,0.00017633469932356569,-4.589706273995232e-08,1.009104525722159
0.2221233326177063,0.0257461494607456,0.0023984423076623,-7.331711191687873e-06,1.0092304058012116
0.2234542743964986,0.0274384413314238,0.0022430882375836,-5.5949862613261295e-06,1.009217562277856
0.2246011965783532,0.0290987350815424,0.0020507962219534,-3.457210997069744e-06,1.0091991955440036
0.2250858082219775,0.027462166870347,0.0022379235228503,-4.871562980342789e-06,1.009196504402193
0.2288219317057504,0.0050756402159412,0.0010804299249668,-4.449711358852781e-06,1.0091688209354432
0.230367477373411,0.0041952351545446,0.0009175252279410214,-3.137344845308823e-06,1.009153405603928
0.2267653258962025,0.0089354541858162,0.001712420887143,-1.0458435085741146e-05,1.0091915505651532
0.2284915824138172,0.0072811046566764,0.0014584194402221,-1.0279540206500246e-05,1.0091722364735425
0.2275091870770389,0.0116790606513824,0.0020695293221,-1.6001100145398567e-05,1.0091834490622351
0.2265828321198506,0.013903321912243,0.0022990625143051,-1.8326943509368457e-05,1.009194268619597
0.2237118613705229,0.0177559708607719,0.0025495550310367,-1.819469103448292e-05,1.0092203620358562
0.2250662170361435,0.015954955592593,0.0024568447234839,-1.9387764219529116e-05,1.0092071289988482
0.2243317828427416,0.0197110394133314,0.0025963446490606,-1.6764229052671433e-05,1.0092098322160832
0.2237108548822882,0.0215079537872145,0.0025949779820124,-1.4563983956640112e-05,1.0092148630647608
0.2229252268856753,0.0236705822602639,0.0025282929591238,-1.0622802336792688e-05,1.0092224784280914
0.2261785602962387,0.0306852533947399,0.0018407955200368,-2.4025866398973124e-06,1.0091806955836466
0.2271564341476321,0.035387239184783,0.0010372225884438,-1.0868086408814942e-06,1.0091712296625703
0.2271864054424458,0.0332712561713749,0.0014264066281716,-2.379245227467448e-06,1.0091635374540606
0.2283388476647109,0.0359610307902418,0.00092254514207683,-2.709910494499902e-07,1.0091575284269962
0.2295749012262693,0.0369332752453322,0.0007181699035571081,-2.168075856539713e-08,1.0091424737090593
0.2279996128604723,0.0316906337106852,0.0016853126170612,-1.2017266517639626e-06,1.0091615463592023
0.232937360906455,0.0012370656167754,0.0002935852161452611,-4.580696737349676e-08,1.009120929908706
0.2341864404826949,0.0007086059920466885,0.00017056920044235396,-6.30710971389092e-08,1.0091065485745865
0.2326252933212256,0.0018644860954493,0.0004353713547433474,-1.4552405034953526e-07,1.009124655635114
0.2318301471087452,0.0030160739276051,0.0006829834510365784,-1.053235233186557e-06,1.009133741725515
0.2355818494881237,0.0007048594140617543,0.0001699080963865069,-4.043896122307061e-08,1.0090895076359905
0.2342882633203389,0.0012337481841029,0.00029317899941329247,-2.052055390489291e-07,1.009105070290106
0.2316312338442771,0.0047401969057172,0.0010211211627896,-2.3960803595454285e-06,1.009133879995006
0.2317067323466109,0.0380028061204808,0.00047954655066100206,-1.435413858266433e-07,1.009117110076117
0.230960907830987,0.0371961997852931,0.0006602013989165378,-8.434892147279137e-07,1.0091246667711713
0.2340674873861129,0.0387591237308109,0.00030331406986922656,1.925031293783899e-07,1.0090907784187575
0.2341866237634882,0.039291507046582,0.0001753722250527387,8.86020309391993e-08,1.009089435030371
0.2329429578119391,0.0381339623373684,0.00044957523883600974,-9.173036367617157e-08,1.009102868714126
0.235582063775199,0.0392980460919761,0.0001738810208297009,-3.2960664735614424e-08,1.0090728177600958
0.2354884157651984,0.038758788186626,0.00030367873828438706,-5.307621822418485e-08,1.0090739025892168
0.2245681978082565,0.0255787728430218,0.0024095548304564,-7.5873108797452996e-06,1.0092041384965766
0.226517678508791,0.0283231901497451,0.0021421147685096,-3.244421183561218e-06,1.0091804668584052
0.2262790811014866,0.0266243099514625,0.0023180419742733,-4.22434747021849e-06,1.0091824161174203
0.2304139093865554,0.0065583726448045,0.0013461392025191,-6.563737703879604e-06,1.0091474087624013
0.2294441193512952,0.009672594310441,0.0018198515725242,-1.1824828982784382e-05,1.0091612401221026
0.2284665242381166,0.0132315898715353,0.0022341673709808,-1.7359129953030736e-05,1.009168412631294
0.2293681284674441,0.0120344213328613,0.0021120520318095,-1.579757734339501e-05,1.0091622171885335
0.2285541993906043,0.0147258641379123,0.0023634880196198,-1.667697819980994e-05,1.0091642026925645
0.2275104931352035,0.0162196902736591,0.0024720845432099,-1.6898995496341105e-05,1.0091781584385855
0.2262162716418381,0.0184323175560798,0.0025730630300524,-1.6712083063895004e-05,1.0091900130259874
0.2259457136763849,0.0209091418144851,0.002600183924016,-1.462299851233371e-05,1.0091919776473013
0.2252520375390911,0.0232102214095761,0.0025455453302946,-1.1410016715617444e-05,1.009196833348225
0.2280860091174971,0.0294386623153469,0.0020075291657581,-3.1742269367316102e-06,1.0091609189644108
0.2287126097773189,0.0338507510616024,0.0013259478800852,-1.1061914416956297e-06,1.0091491800731716
0.2296617329389528,0.035391584893714,0.0010340248793347,-6.896575188460253e-07,1.00914096323975
0.2310103171727671,0.035817513103714,0.0009498367773476804,-1.240663554389883e-06,1.0091229773971753
0.2298344796688611,0.031207245610362,0.0017607948491519,-4.50674240135243e-07,1.0091397282595034
0.2340275531340252,0.0018671026749256,0.0004364634045412084,-4.866616873869893e-07,1.0091080542143944
0.2332458616652747,0.0027068884941304,0.0006181972805869013,-4.92062845042779e-07,1.0091170782613408
0.2331032843839874,0.004073058592607,0.0008957723920426081,-1.5945548603042611e-06,1.0091174034608734
0.2357304806940122,0.001235085524919,0.00029382696007661263,-1.362197575698622e-07,1.0090876358842784
0.2369772218948366,0.0007007901225092854,0.00016920121787004425,-1.0335839282656087e-07,1.0090733189764467
0.235353898477776,0.0019315512781658,0.0004514052410206606,-2.916723374566237e-07,1.0090918621484606
0.2370811747662156,0.0012159796411106,0.0002899566768882539,-2.990182361536769e-07,1.0090718640072962
0.2383725432978181,0.0006964914002052094,0.0001685484117990168,-8.555757181280156e-08,1.009056431339327
0.2325376065398679,0.006135158372165,0.0012776392009594,-4.981460487990124e-06,1.009126425366749
0.2323655236455756,0.0367605232595756,0.0007552915013827008,-2.62482928650652e-07,1.0091103801411778
0.2344438687659229,0.0380512032879915,0.0004685675649822994,3.823542912128169e-07,1.0090863528460758
0.2337166600849768,0.0371912207612999,0.0006609152693844294,3.5795056999614897e-07,1.0090948180683048
0.2368530617043353,0.038784449967731,0.000297443339191516,5.68586798857586e-09,1.009058626957013
0.23697733368919,0.0393040060179644,0.00017235244860376952,1.504062769483414e-09,1.0090573202605515
0.2358853141614393,0.0381031844271406,0.00045695350051665234,-2.2430574409321565e-07,1.0090697575472511
0.2381980014213858,0.0387934321583562,0.00029535530298659715,5.309483782124554e-08,1.0090432309454906
0.2383725399713515,0.0393084353778866,0.00017132076919230155,2.6202182887396913e-08,1.0090411945920108
0.2268581780476505,0.0248995229384143,0.0024514075131609,-8.736136937366529e-06,1.0091761159967738
0.2283690286005708,0.0268623104518993,0.0022958027865179,-5.010111279740455e-06,1.00915805422515
0.2315538185325038,0.0088536100840288,0.0017064957151548,-1.0605573364098832e-05,1.0091348195460763
0.2310938331848809,0.0115428949233301,0.0020585841306993,-1.2393412763578176e-05,1.0091396546348113
0.2303182741936982,0.0138155420915938,0.0022904431883668,-1.5175541842866436e-05,1.0091443586901023
0.229803388651791,0.0161220410801844,0.0024660888180294,-1.65138806791404e-05,1.009150893772352
0.2288400500014597,0.018179830041143,0.0025622925129582,-1.6172883425157596e-05,1.0091623649286248
0.2281039282899376,0.0203190074283634,0.0025983292923098,-1.435154615338196e-05,1.0091671717692643
0.2275040539009662,0.022695185686898,0.0025614525966976,-1.1126584015866485e-05,1.0091724812552572
0.2301414249442953,0.0286850962516427,0.0020982404932161,-3.2219808349210373e-06,1.009137142098299
0.2309567665016223,0.0335827930441941,0.001373820014415,-1.1814122108927071e-06,1.0091263424484307
0.2325740848642583,0.0347427931592493,0.0011603344719441,1.7543655964213203e-08,1.00910866902262
0.2316433584101606,0.0307985849592571,0.0018201120362443,-8.397633910618044e-07,1.0091178384480728
0.2346232727254953,0.0031270137295083,0.0007079665722991407,-1.253597420186978e-06,1.0091007897920763
0.2344116432239516,0.0049824900942717,0.0010717716209967,-3.951016552781848e-06,1.009103514757842
0.2367445514165893,0.0019247017928486,0.0004506442873960988,-7.471874460285317e-07,1.0090756425238572
0.2360661717992556,0.0028000126588,0.0006400901785087622,-9.968928276117506e-07,1.00908388029897
0.2385192406655189,0.0012080272911594,0.00028864460606736075,-2.293868607794625e-07,1.0090545551505967
0.2397677953066734,0.0006926666169373758,0.00016798900676410003,-1.002270876269367e-07,1.0090397153487198
0.2381101594033343,0.0019074952318047,0.00044759536586706496,-4.285870303421103e-07,1.009059394070981
0.2398718303989021,0.0011998539433367,0.00028737248460471463,-2.7500044945435324e-07,1.0090382692093327
0.241163008221093,0.0006901989283928497,0.00016770253865465627,-5.261820089617374e-08,1.0090224347869798
0.2333847104337475,0.0084485436617917,0.0016498478124006,-7.842189641673767e-06,1.0091114121879914
0.2342602642355284,0.007018155939218,0.0014254785141885,-5.808940392412816e-06,1.009106098703856
0.2337501254249538,0.0359169319399796,0.0009298373694379512,5.996967872058076e-07,1.0090938340893862
0.2352166724083397,0.0368007744121416,0.0007466630231704153,2.351087235123231e-07,1.009077578493894
0.2372345032130109,0.0381033173940837,0.0004567273801551474,1.0093969616732324e-07,1.0090539145718156
0.2365374571935627,0.037312167613196,0.0006346795262229459,-1.7382848100066628e-07,1.0090613656313647
0.2386447683433301,0.0381401103695544,0.0004483070992320677,6.096011318007208e-08,1.0090387294449226
0.2395975497644172,0.0388212954851416,0.00028892438675604725,1.5116209659928446e-07,1.0090273781270591
0.2397677124044014,0.039311819915484,0.00017070030171157326,7.076921451136706e-08,1.0090254111693695
0.2291510498764543,0.0244781577226349,0.0024752918494243,-7.820847038972204e-06,1.0091508236091122
0.2307540100374399,0.0263268751549205,0.00233976609518,-5.720259569409536e-06,1.0091327137551762
0.2332111701459021,0.0109593328961615,0.0019881182393772,-1.241671259727208e-05,1.0091128547439874
0.2326515946019303,0.013220281723639,0.0022375106752364,-1.4593474366030994e-05,1.0091202854974808
0.2322846940293028,0.0158292007427481,0.0024491193929554,-1.5748150812301092e-05,1.009124145205028
0.2313126195478391,0.0179623008771188,0.002553348354536,-1.487758698789844e-05,1.0091337473302746
0.2305110679546918,0.0200275291000678,0.0025944436483987,-1.3282813672818128e-05,1.009140287819698
0.2298058835409198,0.0222544934960498,0.0025707224249876,-1.1107568714978572e-05,1.009145009752659
0.2322896338746883,0.028110955411991,0.0021628617471762,-2.7528951961130724e-06,1.0091123979711705
0.2330445837305661,0.032478927354164,0.0015601771056772,-6.68509430431168e-07,1.00910333107761
0.2342863071459977,0.0337869058013975,0.0013362803691665,8.12318507379216e-07,1.0090897453690852
0.2337678025594103,0.0298046512783355,0.0019552702460106,-1.5654031890102871e-06,1.0090956776751991
0.2359468805461524,0.0042353682075046,0.0009315578997305422,-2.4651222678014832e-06,1.0090848731825466
0.2357155405435249,0.0062440069214969,0.0012998912436351,-4.888876000768984e-06,1.0090870490541797
0.2374527994376991,0.0032290023975421,0.0007317780796303446,-1.3575908045932562e-06,1.0090666105422077
0.2395208066367391,0.0018858879591138,0.0004435710884254165,-8.161805126843065e-07,1.0090424885650398
0.2388877589261547,0.0027491690804342,0.0006314717702366476,-1.4944279709990424e-06,1.0090507225627914
0.2413149070049665,0.0012148768746248,0.00029131533138364096,-1.644516429972052e-07,1.009020327470874
0.2425582280375301,0.0006890234684980379,0.0001676258240496423,-6.486116413747117e-08,1.0090056199332302
0.2408928984612562,0.0017781260847222,0.0004201780577475357,-1.8121175575148597e-07,1.0090256639102335
0.2355078688360911,0.0091090750283975,0.001751461251851,-8.687557508482656e-06,1.0090863712454905
0.2354933952249957,0.0350834724420505,0.0010948985690135,4.535719653875946e-07,1.009073860188182
0.2366898860025266,0.0359472404133329,0.0009246482596437538,-4.3116848177239924e-07,1.0090583956666306
0.2380345144486511,0.0369140846868537,0.0007221286930401803,-3.740793106174958e-08,1.0090452927134796
0.2392833136320695,0.0373773941217061,0.0006203339102351483,6.245824823633497e-07,1.009031606472121
0.2398439020152006,0.0382406047819338,0.00042547080819020384,3.850583936115665e-07,1.0090243804422785
0.2409977452915199,0.0387813409194471,0.0002987166191503004,9.018307646147938e-08,1.0090106566224362
0.2411628413172034,0.0393134028130742,0.00017044363131342306,3.033747848396899e-08,1.009008646607123
0.2314433730394021,0.0239989031851268,0.0024991635118723,-8.164021286144719e-06,1.0091249834616771
0.2329983322031962,0.0257156595327632,0.0023867224877509,-5.66709076658301e-06,1.009106016972183
0.2350117366343228,0.0122267299430269,0.002139781396819,-1.3026348516876452e-05,1.0090938403233956
0.2343581063915294,0.0146768668214674,0.0023637857175637,-1.4471047745745214e-05,1.0090971946834375
0.23426478100382,0.0163727771132772,0.0024794351697325,-1.3334054312934278e-05,1.009099268438466
0.2334565045097711,0.0177616937240522,0.0025440688530292,-1.4770768839304624e-05,1.009109175746145
0.2328294457659898,0.0196660149814818,0.0025887569128359,-1.2600040701312458e-05,1.0091138484621764
0.2321744805872575,0.0217835283614198,0.0025786034521837,-1.0670189697239666e-05,1.0091186617982637
0.2344796680697412,0.027348228656587,0.0022404212807471,-3.614316412254938e-06,1.00908855485728
0.235019181657102,0.0314277928321547,0.0017245073631815,-7.716057197988041e-07,1.0090786489762211
0.2358739013510233,0.033033070148591,0.0014645584062805,8.834810411095436e-07,1.009070579998799
0.2359040153266999,0.028934694058913,0.0020629580466664,-2.082198831124977e-06,1.0090699113421229
0.2426771233464961,0.0012150592184972,0.00029172912414438885,-1.897703390849066e-07,1.0090039009720186
0.2439534840078271,0.0006889607630549074,0.00016779943152622773,-1.855582723912981e-08,1.0089881165093586
0.2374118555469882,0.0050296834434089,0.0010839408827394,-2.966729767753167e-06,1.0090669632201446
0.2371534096863424,0.0071238112874043,0.0014455176745638,-6.48073059530269e-06,1.0090674897109175
0.2389134789047502,0.0041688887784147,0.0009221586443449464,-2.4135324485145728e-06,1.0090513114607524
0.2402768966758036,0.0029845107953997,0.0006828113382732739,-9.160440395423438e-07,1.0090322954708062
0.242227249557327,0.0019423742915256,0.0004574744103951602,-6.00290279208438e-07,1.009009120027298
0.2416723849031569,0.002608339265141,0.00060302474922377,-7.002034654344568e-07,1.0090166934490452
0.2371562784812973,0.011593416192091,0.0020691863782504,-1.2358640923103152e-05,1.0090659404376396
0.2381698405280633,0.0092586033859901,0.0017746683395673,-8.108905911060315e-06,1.0090577826416374
0.2371506463442159,0.0338408730068087,0.0013276397216789,-7.139024834379592e-07,1.0090514002757087
0.2384140437845041,0.0351772412555227,0.0010780440198524,-6.207057613701659e-08,1.0090411132455392
0.2395549413238089,0.0361549003690873,0.000881893802334919,7.423053804784012e-07,1.0090282679286824
0.2404545655139068,0.0371693218877018,0.0006664915776613324,3.66447466419964e-07,1.0090162243890772
0.24122895940223,0.0381151077392238,0.0004543815433319958,2.2487666717865494e-08,1.0090076252839413
0.2420678958424622,0.0387864881509791,0.00029756516418143387,7.909526554855594e-08,1.00899745722621
0.2425579844272525,0.039312578803428,0.00017072351462855625,1.6932674047249085e-08,1.0089916413629307
0.2433646766761707,0.0387748202147171,0.00030023063713888296,-3.171296747570406e-08,1.0089817710958864
0.2439532006069104,0.0393101731342883,0.000171347290133794,-1.565378829935315e-08,1.0089748772047735
0.2337764820165766,0.0234344865774279,0.0025236137512996,-8.397676801467994e-06,1.0090982716324224
0.2352471755165581,0.025063566010973,0.0024308527082427,-6.278651729633213e-06,1.009080658156542
0.2365699205748126,0.0139930543896387,0.0023088222364622,-1.3192492933248864e-05,1.009071841317583
0.2359945935030769,0.0160207180954087,0.0024587476258895,-1.394103854770254e-05,1.0090769693744688
0.2350526673973268,0.0174220013199236,0.0025297988143057,-1.1999306443763709e-05,1.0090886710695617
0.2349831717933649,0.0192098155353456,0.0025791399596727,-1.2292388570712318e-05,1.0090873242090237
0.2345388288641522,0.0212512230581891,0.0025848928110336,-1.0601152183084537e-05,1.0090909453571617
0.2366990381512773,0.026683272969001,0.0023008106181633,-3.780991793854561e-06,1.0090627775220904
0.2373695228576562,0.0309595743221602,0.001793201377223,-8.619006377664946e-07,1.0090511150259942
0.238152428284683,0.0283091893297004,0.0021350432462888,-1.6794817343593103e-06,1.009044799541046
0.2441126383061418,0.001203182945293,0.00028916750608463606,-6.160271535853312e-08,1.0089860303101192
0.2453488359068443,0.0006898576949360502,0.00016809329875522774,-2.5588891764972716e-08,1.008970791056969
0.2436126232009633,0.0019723659927575,0.00046457659277017433,-5.997445038251956e-08,1.00899211732966
0.2454669253051027,0.0011966129219047,0.00028789397508565345,-1.0477337203106765e-07,1.0089693133525357
0.2467443027986399,0.0006899230664102842,0.0001683285951036275,-7.587818405784092e-08,1.0089539055104082
0.2469252799968804,0.001199087304259,0.00028889521387170654,-2.089296070287855e-07,1.0089516453834453
0.2481397664065391,0.0006878607997337942,0.0001681018613216771,-8.096757920671693e-08,1.0089368810728792
0.2391371373208719,0.0064048095275043,0.0013316125143964,-4.52606478677306e-06,1.0090425367382492
0.2403144255209835,0.0046161574261988,0.0010079296315896,-1.5748786180908236e-06,1.0090307033480874
0.2416372093636489,0.0040172203658578,0.0008940486804383578,-1.498536996978578e-06,1.0090161526071555
0.2429829099793659,0.0031132344734858,0.0007110232610705343,-8.59089250637248e-07,1.0089994247416951
0.2387880702611939,0.0135426030370597,0.0022691411534341,-1.1996086058619456e-05,1.0090448500982747
0.239584185897322,0.011424285021989,0.0020519640035469,-9.751490579482386e-06,1.0090396608790302
0.2406151733028662,0.0090382487503617,0.0017463113691808,-7.512535945689998e-06,1.009027583456778
0.2390631288445893,0.0328446394591947,0.0014981775339703,-1.958705076475584e-07,1.0090321026572886
0.240109320766454,0.0343480628934818,0.0012339887647931,3.576242208482787e-07,1.0090213263675445
0.2410338897972677,0.0359432973692578,0.0009250285015354566,-1.7494437761120944e-07,1.0090087495871627
0.2418453346074874,0.0371125274949538,0.0006787236746209033,-7.924707977318841e-09,1.0090001762352103
0.2426216567010187,0.0380056321746028,0.0004794638719864144,9.060850045175892e-08,1.0089909230593417
0.2451745550690122,0.0387900642697561,0.0002964947537560645,-1.836110799254023e-08,1.0089600789655035
0.2453484867350023,0.0393071519622397,0.00017199482146998925,-1.4641353757209244e-08,1.0089577621483832
0.2441315940618921,0.0379717682794168,0.0004870534423013771,-2.191918458384391e-07,1.0089724052299107
0.2466288343804095,0.0387927439869826,0.0002960507819381238,-4.4482681779934646e-08,1.0089422513468218
0.2467438232222133,0.0393038831879106,0.00017277660901232324,-1.4674800552513328e-08,1.0089408258108057
0.236043199266531,0.0227768655205927,0.0025477909475425,-8.836227447821843e-06,1.009072188177023
0.2374857429832476,0.0244238070242106,0.0024683648096575,-6.209341052010653e-06,1.0090552576426786
0.2380925585056412,0.015765350952731,0.0024425833654492,-1.1730566346812735e-05,1.0090524695862717
0.237137044076755,0.0180347178461398,0.0025528273193194,-1.170655369707179e-05,1.009062351348952
0.2367484805471844,0.0205049484880109,0.0025895051846535,-1.1160012474710414e-05,1.0090650321546593
0.2389237110571067,0.026021555738755,0.0023545655800924,-3.58391168756049e-06,1.0090367362858874
0.2397430799053894,0.0300158603180724,0.001923099479081,-1.4815750341622555e-06,1.0090257466400832
0.2404004715213312,0.027569777995214,0.0022128481014369,-2.167149301623498e-06,1.0090184083873044
0.2483042830346171,0.0012097629318935,0.000291807297252338,-2.205855169690185e-07,1.0089345017614126
0.2495351075222621,0.0006849926022341033,0.00016765781261614607,-3.273600420977899e-08,1.0089193490936823
0.2450102325672757,0.0020047416162561,0.0004720951483649307,-5.187838750935598e-07,1.008974298823781
0.244401777621734,0.002785328070019,0.00064215614818039,-5.284272064219194e-07,1.0089820466040405
0.2465418189421722,0.001867146059553,0.0004420723260617237,-3.223509455287406e-07,1.0089565468757538
0.2479557025031508,0.001942089679973,0.0004595555508253861,-5.641926238819163e-07,1.008939018532236
0.241624524026419,0.0061937330588342,0.0012992605018158,-4.348516171840165e-06,1.0090158409593404
0.2429521150761645,0.0045873471760874,0.0010047899438917,-2.100609479778252e-06,1.0089989305294993
0.2443481094260989,0.0041128864124455,0.0009148265465483776,-1.3922022508886402e-06,1.008981980512809
0.2403168600570491,0.0152365282441971,0.0024063600294195,-1.19801598623982e-05,1.0090279470413643
0.2410083239133693,0.0132428621672573,0.002242590461181,-1.0654266281999832e-05,1.009021311483427
0.2417935935872359,0.0112464705886234,0.0020329739573302,-9.329204516734724e-06,1.0090122157778438
0.2428571718169972,0.0090598816002189,0.0017519511227123,-7.102330482465258e-06,1.0090005507509905
0.2413563649752772,0.0320886677029566,0.001619697538501,-7.76589641651551e-07,1.009003704742055
0.2416971107517923,0.0341200594456548,0.0012747470129196,-1.85893662416202e-06,1.008999226541826
0.2426950797889262,0.0357087413623058,0.0009713522721404906,-5.22795659388534e-07,1.0089886459508737
0.2434395278310286,0.0369212624023011,0.000719461355337696,-2.594014399167719e-07,1.0089810151176986
0.2456005902307803,0.038036083581428,0.0004724925047327846,1.7456034345535795e-07,1.0089549374489046
0.2447937334018353,0.0370921311957551,0.0006828526926820184,1.9208378130289338e-08,1.008964619300481
0.2480132910723843,0.0387934784948372,0.00029596850084469864,1.9496782169037409e-07,1.0089264834772258
0.2481392106179028,0.0393006820753203,0.0001737070352645237,9.160847106005017e-08,1.0089248977243055
0.2468895114923205,0.0381623426854867,0.0004437936501678282,-1.0521702284151952e-08,1.0089391352802066
0.2383171318583236,0.0222278583064733,0.0025628816674681,-7.629543400648913e-06,1.0090472702081157
0.2396310594431679,0.0238783358373893,0.0024957641489417,-5.449198833212975e-06,1.0090311294272276
0.2397308383162305,0.0173772244288955,0.0025275661895756,-1.2017109619291953e-05,1.009035687447913
0.2418657219950761,0.0166758303086422,0.0024944296175763,-1.163667707381118e-05,1.0090082970532956
0.2394354249211061,0.0198294019822462,0.0025868663106032,-1.029583780807743e-05,1.009037458060449
0.2410354499429117,0.0252870165292023,0.0024075610936423,-4.4054574923721405e-06,1.00901051061353
0.2419765496550519,0.0291555778285045,0.0020343666533279,-1.5586753864542897e-06,1.0089989510886137
0.2425178290184448,0.0267947566705726,0.0022855104228086,-3.075935432813126e-06,1.008992119450723
0.249997210888834,0.0012468046708616,0.00030072103372832205,-4.610745881465514e-08,1.008913703510382
0.2509303351679833,0.0006831150590184613,0.0001672332643974869,-2.1275563266371412e-08,1.0089018507537764
0.2494016436581485,0.0019981754187304,0.0004725540072794713,-1.2464226361836945e-07,1.0089206351468694
0.2458701300546444,0.0031464357982026,0.0007199776232816216,-9.497901837360688e-07,1.008964283350856
0.247355709398505,0.0028327059293531,0.0006542319735947426,-1.166645946742613e-06,1.0089468954934675
0.248735901752457,0.0030210456567282,0.0006950176199387903,-6.860898891566665e-07,1.0089278529438903
0.2441518027295402,0.006206286448891,0.0013046492848261,-3.5308620068701887e-06,1.0089848331170284
0.2457299210951443,0.004838686507987,0.0010555665317013,-3.198714386682473e-06,1.008964807160373
0.2423856042824606,0.0147504262324142,0.0023712065771889,-1.0987670161347545e-05,1.009003811107345
0.2430360682330356,0.0129564365758394,0.002216076846739,-1.0157261256428224e-05,1.0089974655843057
0.2438281780013401,0.0112200971562011,0.0020314745870019,-7.912684212028675e-06,1.0089877730006005
0.2449803071304801,0.0089977143704243,0.0017447453007619,-7.113047958853218e-06,1.008976247078416
0.2437430806798768,0.0160724900508394,0.0024609473265451,-1.0734596602259424e-05,1.008985902596213
0.2493865792286174,0.0387739864992382,0.0003008731445184113,-5.2223598621428126e-08,1.008909343857723
0.2495346611440624,0.0392979869587473,0.00017447996211055668,-3.4911057162595216e-08,1.0089075876281868
0.2436547449027155,0.0309062631120211,0.0017972250711648,-3.437426045567195e-07,1.008980040586941
0.2432214037399009,0.0336470335478038,0.0013615662908464,8.853218753361285e-07,1.008983745306519
0.2445868275195271,0.0355920859003794,0.0009957174390757318,5.238162842708344e-07,1.0089684514077155
0.2462158883363823,0.0368912884937861,0.0007271530099170164,1.4809174247075727e-07,1.008947481412173
0.2483310840848709,0.0381888510879256,0.0004378046410880193,4.311558335985952e-07,1.0089224398719543
0.2476370179243857,0.0373176318533113,0.0006338502693130473,2.896548444766357e-07,1.0089309154214607
0.2405233416210715,0.0220440392905688,0.0025644928348694,-7.895228510632186e-06,1.009020137305143
0.2413216735002934,0.0236297911384782,0.00250406830652,-5.453327339788211e-06,1.0090079705966184
0.2434825146273727,0.0178928639675219,0.0025438211462366,-8.897355576875227e-06,1.008985248455643
0.2448620098297083,0.0170982668934977,0.0025111037987548,-9.553691478093952e-06,1.0089708186441888
0.2415605437089977,0.0187019955340854,0.0025664326698207,-1.1007845336530562e-05,1.0090086725210023
0.2415772108262103,0.0205144755346304,0.0025819182977127,-8.985956486680105e-06,1.0090092389387426
0.2429469802002486,0.0244956486232011,0.0024596332734699,-5.6142104453805245e-06,1.0089889184103085
0.2442862533035159,0.0283382365860097,0.0021298619408583,-1.8805467338601917e-06,1.0089742712135563
0.2444508768826901,0.025927984363106,0.0023585596247562,-3.774769749098933e-06,1.0089730700831565
0.2511042942511943,0.0012146716540472,0.0002934731124475592,-1.102058800027063e-07,1.0088995340652944
0.2523255411387073,0.0006830533812822955,0.00016746131906743723,-4.317850838618564e-08,1.008884438614681
0.2507997390678181,0.0019542779963217,0.0004628866560351383,-4.28434700480311e-07,1.0089034135334678
0.250278859738684,0.0028571338115874,0.000660771028438879,-5.285930005528764e-07,1.008910008836455
0.24752093979376,0.0044037682048277,0.0009755113185626156,-2.294470939161082e-06,1.0089427824723758
0.2495140629686155,0.0043589201412031,0.0009679199988898012,-6.646753611894151e-07,1.008919226827354
0.2467358394755618,0.006533018725714,0.0013631297245451,-4.175252629080552e-06,1.0089547684011342
0.2443402960533731,0.0143078719981917,0.0023363633219153,-1.1230088039467956e-05,1.008979126846892
0.244631098816323,0.0127105787330705,0.0021923690042361,-9.27538268737411e-06,1.008975400263769
0.2457152931144498,0.0114673130378734,0.0020626223222079,-8.869841851059045e-06,1.0089632039196108
0.2465935576449918,0.0094996892536472,0.0018160582070859,-6.563535220542826e-06,1.0089548653526237
0.2454684241862614,0.0156311462859521,0.0024328322149053,-1.0386257454639505e-05,1.008965413146156
0.2508116539456751,0.0387823854609541,0.00029870863499140105,-2.3127496744968404e-08,1.0088924876729932
0.2509301949684466,0.0392963204520061,0.00017477178805717464,-1.4781014968940524e-08,1.008891162790565
0.2498149763305146,0.0381943025918655,0.0004367757205788955,-2.339968997388969e-07,1.0089043044386372
0.2523257954011334,0.0392968086583621,0.00017469749262964684,2.3883717943885378e-08,1.0088746714504953
0.2522302327073538,0.0387796841602954,0.0002994180552151545,5.077844198123802e-08,1.0088757369779089
0.2454308381354187,0.030503509503397,0.001854010878505,-4.631092512667206e-07,1.0089561153155049
0.2453812025324586,0.0333658859650298,0.001409897334397,3.10243981558354e-07,1.008955653785959
0.2463944327940335,0.0351115527878099,0.0010879185017367,-7.22036709529337e-07,1.008945651451981
0.2477322740412102,0.0358531426278689,0.0009426500726718074,1.7671919445396797e-07,1.0089296936649614
0.2490692181012512,0.0369330144854663,0.0007181444295023593,2.636198316131621e-07,1.0089135298072576
0.2463687547448732,0.0172264115523512,0.0025169975630602,-9.3617021002e-06,1.008952544580571
0.2428575491991617,0.0221842560014039,0.0025584140170205,-7.103709448115153e-06,1.0089907947715504
0.2452078325457898,0.0186407032388713,0.0025638703268883,-8.977426898360431e-06,1.008965847705946
0.2434102915253146,0.0198043139015188,0.0025809914398491,-6.8992029519323005e-06,1.0089837697922273
0.2449797243524586,0.0236429297011052,0.0025040688340483,-4.714230012589648e-06,1.0089687487044785
0.2465018785633098,0.0287533676186572,0.0020790030932754,-6.798904947031532e-07,1.0089495434449922
0.2459945932309082,0.0270531867060844,0.0022572936389325,-2.272341026073733e-06,1.0089524833547456
0.2466113874726173,0.0252177220097923,0.0024086413173361,-4.088322751054316e-06,1.008947259144974
0.2525401516501491,0.0011667105864585,0.0002825916760985125,-1.2970534946339945e-07,1.0088818221235298
0.2537208400669946,0.0006845562086249973,0.00016792930457421634,-2.4584812467811613e-08,1.0088676741344655
0.2523040914365578,0.0017329444330576,0.0004136375106100605,-2.566569990511032e-07,1.0088848410172917
0.2539071421832644,0.0011784086622694,0.0002855740985078072,-8.224471861932099e-08,1.0088651342225337
0.2551162851295232,0.0006857825117561357,0.0001683135990168626,-1.5651901568934724e-08,1.008850418856572
0.2517042521809817,0.0028180276824456,0.0006531942559538897,-7.806072282014857e-07,1.0088930632963964
0.2511693572060696,0.0040692225468375,0.0009110510258957704,-1.7593559430770463e-06,1.0089002833647258
0.2487786305631711,0.0064160090340263,0.0013446199249136,-2.769620038519527e-06,1.0089282074827854
0.2504426516600386,0.0056983706393514,0.0012206579409394,-2.0721557350617007e-06,1.0089080536664805
0.2483347321081381,0.0091229408627441,0.0017644791889578,-6.574269351059612e-06,1.0089301124752608
0.2462731847762158,0.0135434954724894,0.0022744286719199,-9.770261191387837e-06,1.0089538692326274
0.247632365634226,0.0114997438257693,0.0020671051198935,-8.571025293488547e-06,1.0089412131140043
0.2472232190805459,0.015538513882361,0.0024254139246652,-9.828059768516869e-06,1.0089422442183056
0.2477909889254887,0.017074313510161,0.0025093038433396,-9.890386430618477e-06,1.0089338291156054
0.2511469819305242,0.0381767749327026,0.0004408082485998546,8.044583594836375e-08,1.0088882918208395
0.2504406038657134,0.0372973868646793,0.0006387419638860789,-5.010410955408459e-08,1.008896205654078
0.2535983705138242,0.0387643670024584,0.00030320346906913834,1.280681421742469e-07,1.0088593224711824
0.2537213496649362,0.0393002138611105,0.0001739714009476188,4.265322595336115e-08,1.0088579692491155
0.2525614979498132,0.0380963245034998,0.0004593935555943325,5.099552304660306e-08,1.0088720895381458
0.254968403348411,0.0387844973932422,0.00029856685145695903,-6.873462337296316e-08,1.0088430727676998
0.2551167310567844,0.0393051888014766,0.00017279281893325634,-3.3558360971262694e-08,1.0088411631690457
0.2472371581055549,0.0309646382352697,0.0017877694539649,-2.3377055328830715e-07,1.008933702566294
0.2481571795720656,0.0291132465470242,0.0020334955277008,-1.447888256647256e-06,1.0089255907678285
0.2479487309176491,0.0335956409326762,0.0013706879654982,-2.189306322946693e-07,1.0089281016958365
0.2491283561735592,0.0352697272141635,0.0010567932819168,6.351081863509955e-07,1.0089128533544425
0.25048772103945,0.0358220564435602,0.0009491716899925236,1.5937271402919418e-07,1.0088948348641784
0.2474551552783619,0.0188115212622032,0.0025667442821332,-8.380683397394273e-06,1.0089376363886455
0.2488723426114455,0.0177013746512874,0.0025332755386552,-9.818129146104531e-06,1.0089195306355463
0.2456682692798248,0.0210108546314208,0.0025791004231426,-7.362408339645402e-06,1.0089598012731893
0.247317167520221,0.0230185553049748,0.0025275824680456,-6.162396297976036e-06,1.008937404042382
0.2479460729207961,0.0270929399194463,0.0022542103136997,-2.402068257159444e-06,1.008925936693322
0.2487230088820556,0.0246715886651862,0.0024431861981056,-2.885589808626664e-06,1.0089196955578907
0.2553149083557779,0.0011845718911933,0.00028718121641980353,-7.567858625915491e-08,1.0088479689107854
0.2565117911350707,0.0006849486254773903,0.00016831034183117095,-1.0094979226530405e-07,1.0088339155044224
0.2536978006742628,0.0017696560291333,0.000422458211288976,-2.555580671983629e-07,1.008867069077974
0.2529456324238288,0.0025745984460063,0.0006011447980957593,-5.345997217129769e-07,1.0088762026506732
0.2550391457607279,0.0018132860889064,0.000432634772793863,-1.5463348883874825e-07,1.0088512429336425
0.2566905375101866,0.0011884442833514,0.0002884714409288294,-2.4824582420268456e-07,1.008831594751434
0.2579072117057759,0.0006822991956888569,0.00016794521354000972,-1.3001844010725276e-08,1.0088163259370933
0.2527278332129323,0.0037199888608634,0.0008419307434964441,-1.6237912009104957e-06,1.0088797806300285
0.2523073194145042,0.0054617857275431,0.0011778725141695,-3.0989909074489173e-06,1.0088869403970293
0.2501635715675732,0.0083272476227536,0.0016516686915906,-3.2984511393152497e-06,1.0089092436318747
0.2516774073588387,0.0073135918848692,0.0014935168407361,-4.458100632560259e-06,1.0088919390169548
0.2498212953452111,0.011017443635611,0.0020120145955757,-7.459272973420833e-06,1.008913740392136
0.2489012138067095,0.0136495780868005,0.0022855128615054,-9.144855627282289e-06,1.008924492100771
0.2490354729309874,0.0160938251493913,0.002459907638081,-1.0278797079603512e-05,1.0089213482198207
0.2518429701426888,0.0369672723254584,0.0007118957960252369,2.955373067741764e-07,1.0088806571836333
0.2563796970731765,0.0387947620494467,0.0002960331706827022,-2.5647491086292473e-08,1.0088265419835123
0.2565119552370557,0.0393090752492765,0.0001717570144953065,-6.650890213676526e-09,1.0088250689283598
0.2577606096768596,0.038798778572341,0.00029513051484146,1.534420734667644e-07,1.0088104672800304
0.2579071352590816,0.0393110475766676,0.00017139377202778926,6.638360571469235e-08,1.0088088447746948
0.2540499028379976,0.0380140855630995,0.0004784660071159977,2.137633047455392e-07,1.0088540079969075
0.2532892151454896,0.037210564762853,0.0006583053382778508,2.987577008533055e-07,1.008863310572526
0.2552792206568334,0.0381632268335127,0.0004444972948139338,-5.4795688086333896e-08,1.0088392664496946
0.2492835247864447,0.030982596284627,0.0017852069042861,-6.245683120420278e-07,1.0089109393818405
0.2498280009947255,0.0284468217533556,0.0021132695540727,8.341961052230134e-07,1.0089058734083738
0.2504063649335466,0.0334944293983344,0.0013886321182004,7.3523911517473e-07,1.0089016051938433
0.2520388130199408,0.034970508373259,0.0011164980042452,8.15345505228299e-07,1.008878371908707
0.2591129672249559,0.038799179874677,0.0002953911157278217,1.838153567061518e-07,1.008794058912218
0.2593022999010364,0.0393118667987015,0.00017141499174941135,7.254125068118986e-08,1.0087916133402788
0.2504469387893227,0.0174396049272786,0.0025239107472504,-8.484280089375172e-06,1.0089026180738765
0.2494994529430013,0.0190848631944451,0.0025687905081067,-7.647017515181259e-06,1.0089118889818984
0.2484057268748008,0.0209626269700898,0.0025770129887413,-7.2369327361864144e-06,1.0089276549465904
0.2494485884042783,0.0226419610269889,0.0025395280073192,-4.734995236097202e-06,1.008913206418649
0.2516156206295701,0.0279115844565617,0.0021692844669531,-5.607853689110193e-07,1.0088834483543474
0.2505116533674409,0.0261153136529643,0.0023381851091618,-1.762372383274296e-06,1.0088972863404038
0.2504757053180841,0.0239675997947327,0.0024807473815701,-3.4115420347627863e-06,1.0089006548935455
0.2564683525627239,0.001807304563309,0.0004318035388354972,-4.5523582074616093e-07,1.008834488016055
0.2542874525194887,0.0030138431650049,0.0006975450469200833,-4.195953732463796e-07,1.0088601506143602
0.2557712387690614,0.0027694503275888,0.0006449080582952151,-7.00730396640781e-07,1.0088433962217769
0.2581642834245176,0.0011169398807957,0.0002718589958638712,-6.08435658481268e-08,1.0088129002594404
0.2593024943287796,0.0006797887409261837,0.0001674283337879747,-7.145161768259934e-08,1.0087991650580403
0.2578047334341651,0.0018530428967234,0.0004424277750562017,-1.7770470700902316e-07,1.0088171096225231
0.2539830675541885,0.0049551419933623,0.001085662414252,-2.0496500705737903e-06,1.008863081504476
0.2533989536321805,0.0072560561833202,0.0014866098633642,-3.846472563538525e-06,1.0088690902323514
0.2521041061498685,0.0097103731656696,0.0018503799952148,-5.641675283097701e-06,1.0088862936445964
0.2514361899257735,0.0126796848779945,0.0021963032353477,-8.10921607410077e-06,1.008894711181794
0.2508855391355463,0.0151744477256703,0.0024031950389158,-8.319316597062099e-06,1.0088989706503988
0.2532997770925936,0.0359650384854583,0.0009206605991281944,5.525024197159672e-07,1.00886205738109
0.2581805241086991,0.0380943189588002,0.0004601885492077846,2.4804429992274045e-07,1.0088061965728083
0.2566501302215312,0.0381792086494308,0.00044062819315818366,1.9032186503761272e-08,1.0088228582422858
0.2547062423520661,0.0369919648626411,0.000707161098723189,1.684970741875019e-07,1.0088466464319368
0.2560717812440039,0.0373246816182946,0.0006336624872557671,-1.21801303381099e-07,1.008829710843001
0.2514748148572184,0.0304365396485836,0.0018636344659203,8.101775560452561e-07,1.0088832301131243
0.2524018033486853,0.0328801219037542,0.0014879089973815,-1.715448586600568e-06,1.0088744767286932
0.2537260710702149,0.0338095208877524,0.0013306083353755,3.478218898445396e-07,1.0088579798459003
0.25946907119662,0.0381086141541039,0.00045740174625379066,3.9983620101692107e-07,1.0087897038990816
0.2602294981050836,0.0387651002568147,0.0003037092458039459,5.7518407823847955e-08,1.0087803000713162
0.2606974326022307,0.0393108835026749,0.0001718483749759733,2.2940557364500695e-08,1.00877471435099
0.2533905592816145,0.0285262451083968,0.0021011565813716,-2.032057684745061e-06,1.0088609365399783
0.2524090477767896,0.016799404570651,0.0024963107061788,-7.683418334574724e-06,1.0088792242087898
0.2516655339931193,0.018854541948852,0.0025641292413845,-8.164798390386414e-06,1.0088885525109588
0.2506855322764437,0.0206624694960088,0.0025772033278211,-6.563776190268132e-06,1.0088992054120869
0.2515377867541193,0.022424447609036,0.0025438527912929,-5.944701889608583e-06,1.0088893891615716
0.2527860516157911,0.0263395261680387,0.0023179076912892,-2.5747241546052167e-06,1.0088723505144872
0.2521260377053749,0.0244957362654034,0.0024501705554343,-3.224552376799767e-06,1.0088759742000255
0.2596015187462985,0.0011342316000851,0.0002762325089524964,-2.1256743351705097e-07,1.008795170881016
0.2606977391494266,0.000679089449730757,0.00016760033343148022,-7.55277096867633e-08,1.008781553860721
0.2611160724281917,0.0012147119505344,0.0002958118394917558,-1.1970901638693228e-07,1.0087764783059523
0.262093091795362,0.0006795890493566431,0.00016775162147249952,5.43692491923976e-08,1.0087636994569824
0.2571567300691049,0.0029596797751096,0.0006862402376090746,-5.580127722370966e-07,1.0088248732656488
0.2558822852664186,0.0043352528675789,0.000968255087239734,-1.0585157672445158e-06,1.0088413143594332
0.2592415447652096,0.0018406963465403,0.00044004839692177866,-3.564282592755425e-07,1.0087998717271744
0.2585643764583829,0.0029019923593906,0.0006742046068894315,-6.274261217252262e-07,1.0088077843893797
0.2552607790012214,0.0067643930551971,0.0014082552417601,-2.584614484930961e-06,1.0088471796900895
0.2544747113975419,0.0094987999764006,0.0018229140307749,-5.291980470105185e-06,1.008859211482626
0.2537704013624821,0.0119433152989845,0.0021192188087347,-7.606885861908806e-06,1.008864318911474
0.2530489472147476,0.014397164062912,0.0023473706442396,-7.394822274976979e-06,1.008872127215662
0.2545267272214644,0.01607996432492,0.0024592828475826,-7.043284532429294e-06,1.0088531017939495
0.2550012402859006,0.0350896556169808,0.0010939411517811,2.397758892778728e-07,1.0088424429412353
0.2588187010202957,0.0373638409339779,0.000625140614196257,8.170003838024498e-07,1.0087991617595844
0.2574958348427036,0.0370672817991945,0.000690814749853999,9.593594171534265e-08,1.0088135397950195
0.2562309311912229,0.0359639389340002,0.0009215122512310684,-4.014342313453533e-07,1.0088262747684562
0.2542726946436468,0.0310185243533036,0.0017816530169086,1.5867573532877666e-07,1.008853271454886
0.2553420980305225,0.0329332765937585,0.0014774649497252,1.2149232357501844e-06,1.0088390085899164
0.2599408137224674,0.0373071614792083,0.0006381606264841441,2.59782589763203e-07,1.0087827654667072
0.2606752969697075,0.0381839617943401,0.0004402804589303437,7.539209437617534e-08,1.0087743837655732
0.261878300239647,0.0387819758398775,0.0002996705719231385,2.8896121790007442e-08,1.0087602308043488
0.2620925969571238,0.0393075139969572,0.00017269345622031415,-8.49135984016741e-11,1.0087573089155155
0.2632983543450706,0.0388080294813019,0.0002935065480966456,-1.272721244323261e-07,1.0087415683357168
0.2634878693158263,0.0393028084078031,0.00017375946546181246,-6.612334522880039e-08,1.00873942100963
0.255631644137858,0.0284510915730863,0.0021093474528732,-1.0752332072086382e-06,1.0088363482973592
0.2545162856871241,0.0269071537904458,0.0022660147660277,-2.212795167670609e-06,1.008848579908844
0.2538521696191553,0.0183567475456429,0.0025541352314904,-6.704333157061354e-06,1.0088619287570637
0.2531000659663747,0.0207842912302092,0.0025756744456355,-6.793571274307374e-06,1.0088704791074232
0.2532695811525662,0.0229194008171212,0.0025239843424736,-5.328604539785887e-06,1.008865323856259
0.2544453998201649,0.0247319131135878,0.0024355076686688,-3.8045252993556176e-06,1.008850398861343
0.2558895329728641,0.0177379454272357,0.0025352802768911,-6.479046663228097e-06,1.0088373327796942
0.2605394118791829,0.0019444208130181,0.0004643800749768197,-6.290874036727181e-07,1.0087836314864391
0.2622369799372732,0.0011845964548172,0.00028869964291862904,1.1337403777188055e-07,1.0087615443132891
0.2634885198458427,0.00067855671850196,0.0001674025565933294,1.8314753022363916e-08,1.0087467222871014
0.2618875016156759,0.0018915708449293,0.0004526303007104887,1.5549681566998445e-07,1.0087659748868776
0.2578951193988521,0.0042699069630037,0.000955559179974314,-4.915259538819567e-07,1.0088180837617209
0.2571392626205116,0.0062772883992939,0.0013261556088328,-2.281858207237975e-06,1.0088244151305796
0.2599676129501236,0.0027976113220154,0.0006527825117189695,-1.3439146417326763e-06,1.008791689684174
0.2592628396606554,0.0039918807585975,0.0009009207560001005,-1.6846528201150028e-06,1.008800989671059
0.2564689249207564,0.0088149539954819,0.0017281130181204,-4.054334539795384e-06,1.0088330955471367
0.2583252909752168,0.00803368117352,0.001613090842889,-4.431815003220611e-06,1.0088127824645288
0.256038727028673,0.0113304568507084,0.0020525450657115,-6.544604567224434e-06,1.008837671137346
0.2552657748211029,0.0137066271163424,0.0022904180249602,-7.587435384566425e-06,1.008844950042569
0.2566948909502305,0.0154821077532156,0.0024230034936487,-6.97228960851239e-06,1.0088278994405009
0.2567170695981473,0.0338441814283881,0.0013254511891177,-6.375066208337595e-07,1.0088189688990576
0.2590072612309882,0.0362418282785828,0.0008647395649170876,9.762707482470764e-07,1.00879573369914
0.2579126011138261,0.0351758504518543,0.0010782677590835,1.6182951391683846e-07,1.008808792013194
0.2569045015537629,0.0308478226478509,0.0018041253565762,-1.0525163712042786e-06,1.008821022350622
0.2605341562206544,0.0359770079016439,0.0009192582694721836,-2.1780001652805485e-07,1.0087742333075156
0.2613529329452623,0.0371416687389507,0.0006739978463827227,-2.102834955585233e-07,1.0087655219931646
0.2621018209962357,0.0381327665307867,0.00045183298121882114,-3.7356016420163264e-09,1.0087570972544735
0.2647058188872089,0.038784242726086,0.00029910450502492,9.838889030979881e-08,1.0087250785559034
0.2648832542375,0.039298185361518,0.0001748418232210009,3.9841036415313096e-08,1.0087231324294073
0.2635637480565744,0.038161290720854,0.00044533307131714616,-1.505632307764931e-07,1.0087383489094124
0.2661099111627065,0.0387790146447817,0.0003007177361504635,1.8327245235215985e-07,1.0087082028511682
0.2662787025297162,0.0392945441807485,0.00017597679900979057,7.868131946955489e-08,1.0087061446316636
0.2577026207641121,0.0282954005280508,0.0021265125717567,-6.231349741899596e-08,1.008811231079009
0.256298520381971,0.026299203770177,0.0023195122456537,-1.604482279879025e-06,1.0088269772972118
0.2555347569603591,0.0199904639867854,0.0025757253410122,-4.957352975284751e-06,1.0088410127935823
0.2551551010096908,0.0222819534535894,0.0025449975469043,-4.017429344459306e-06,1.0088419892551668
0.2569227472066266,0.0239495051670592,0.0024783619798214,-3.072513869574242e-06,1.0088217375466213
0.2572406376324431,0.0190537890443826,0.0025653208744683,-5.853274416719356e-06,1.0088201161196184
0.2581025454554963,0.0172911467218493,0.0025173620897275,-7.509092218930649e-06,1.0088112280003363
0.2636645427029185,0.0011976908535389,0.0002917227300044837,5.237367163115349e-09,1.008744626419525
0.2648838458877957,0.0006762016214648101,0.0001668369136396122,-5.4780183413171846e-08,1.0087297571177634
0.2613062014103722,0.0028855373541283,0.0006722830624753662,-2.726682225264743e-07,1.0087734932249823
0.2631960707410363,0.0019013589728811,0.0004549922777617739,-2.634801257277989e-08,1.0087495303980991
0.2625361444431828,0.0026891194887952,0.0006298718874070906,2.636677125559237e-07,1.0087575587403272
0.259307373385301,0.0057810732443016,0.0012410566560822,-3.301409519196674e-06,1.008799651908744
0.2605797161106176,0.0042088199042762,0.0009448276913948308,-2.0046081994052286e-06,1.008781807015927
0.2600011289043387,0.0081172360700109,0.0016272917176861,-3.5944965331236936e-06,1.008789840678512
0.2585218017692008,0.0105339363989395,0.001960368127003,-4.660600532814271e-06,1.0088082310117377
0.2575053075367253,0.0130728341244168,0.0022346492004191,-6.2768074256652604e-06,1.0088196103434166
0.2588798146697089,0.0150718443782745,0.0023961699042496,-7.436481288441503e-06,1.0088012360090854
0.2585572819883585,0.0328237139721484,0.0014990360364677,1.0449602846456929e-06,1.008799859704248
0.2596361167333319,0.034357607084792,0.001231802459142,1.48753233788715e-06,1.0087889646901471
0.2593734871478736,0.0298129981408343,0.0019443148686043,-5.94303907271881e-07,1.0087946228243945
0.2611841553253057,0.0343443693231692,0.0012337707950606,-1.2510282678071255e-06,1.008765723407519
0.2621187741354315,0.0356568938764175,0.0009839548306919044,-2.261651225049186e-07,1.008754966741664
0.2629186311565658,0.0370241396008837,0.0006994101190782423,7.341015503472156e-08,1.0087473371431257
0.2650624456154059,0.0381049764788959,0.00045859042213888514,3.479679019648908e-07,1.0087207431279184
0.264238367874046,0.037201796648379,0.0006615709290378166,3.049277280341613e-07,1.008730011879187
0.2675465049634238,0.0387829234809964,0.00030017961207879734,1.817904818528982e-07,1.0086908968221076
0.267674153706918,0.0392920890981039,0.000176871623530343,7.88228492184163e-08,1.0086893370761774
0.2663980760209444,0.0381544640240008,0.0004477658440796088,3.784783539606375e-07,1.008705016151662
0.2689695268632003,0.038777610432093,0.0003016117401311177,-1.0527710482408577e-08,1.0086727842764682
0.269069562740667,0.0392905115469963,0.00017734422961967697,-1.0224506071011934e-08,1.0086714148919216
0.2599249412456996,0.0275847265343622,0.0021996606665742,-7.389699303540122e-07,1.008786296527573
0.2584868707483197,0.0258642437782126,0.002354297699555,-1.0841947055200449e-06,1.0088003176624778
0.2576580583392072,0.0213160420163731,0.0025671445820928,-4.331859013671067e-06,1.008812879482136
0.2593379305067141,0.0234484822896976,0.0025000121915414,-3.313544720596639e-06,1.0087905752274942
0.2591546304345824,0.0193530648454689,0.0025682645231199,-5.438951842374971e-06,1.0087927530145484
0.2601553746467785,0.0171294702192311,0.0025101022745279,-6.158506843685658e-06,1.008782702309573
0.2650036541864531,0.0012115773675735,0.00029503933063741657,-1.6782667806225455e-07,1.008728067256772
0.2662790595736851,0.0006754731250052032,0.00016708651253544352,-1.3114218800019878e-07,1.0087129873437544
0.2645577427938826,0.0019669072022356,0.0004699024543336872,-1.2541765265246074e-07,1.0087335511842763
0.2667023225077314,0.0012286303710092,0.00029989793456976216,-3.461677645348536e-07,1.008708183611523
0.2676742843687538,0.0006765044978149478,0.000167634137934435,-5.3377597294513465e-08,1.0086956440898065
0.2678419182610323,0.0011935564331441,0.000291971936992194,-1.298285093681088e-07,1.0086931060839552
0.2690695352680076,0.0006780337595596933,0.0001682892048531733,-6.219817240445671e-08,1.0086780903827703
0.2622760396746235,0.0039190448913782,0.0008882957045489888,-3.748157944204268e-07,1.0087608258854173
0.2638337580245564,0.0031907910931869,0.000738790848382174,-2.687575308163051e-07,1.0087418680582771
0.2615418686747841,0.0056725338817846,0.0012229941803219,-2.955057984401255e-06,1.0087709399013374
0.2616394119566189,0.0084762593715836,0.0016806801246399,-3.488213051527465e-06,1.0087677457813091
0.2606644975458154,0.0106261935588786,0.0019724771552677,-4.970335749198852e-06,1.0087800547902497
0.2597586826828726,0.012744868399369,0.0022041687193459,-6.603067841885564e-06,1.008790367020959
0.2610620867514453,0.0147108666504126,0.0023708879934577,-6.657372073643361e-06,1.00877262016318
0.2608555663799951,0.0321148582999905,0.0016105980241371,1.2569148543640211e-09,1.0087699594849886
0.2613906363271577,0.029260097741738,0.0020137973058841,-6.457072140494797e-07,1.008766414987489
0.2617031199118574,0.0274057731868201,0.0022162589425539,-8.435208715170655e-07,1.0087618191173724
0.2626625228312333,0.0334873901999746,0.0013884238988755,9.478170332189132e-07,1.0087511357184835
0.264021161050723,0.0354587356622536,0.0010247921220446,1.4336083834004102e-06,1.0087347561301654
0.2656896159223796,0.0369385222319828,0.0007205915267156396,8.604572941094381e-07,1.008714128624687
0.2678453001291478,0.0381778842031383,0.00044267739089326377,3.055217293850222e-07,1.0086868797247723
0.2671532422002954,0.0372403982185435,0.000653764255340694,4.15702168522044e-07,1.0086958741042498
0.2703415630068541,0.038782013735388,0.00030054205402691515,4.807883451130401e-09,1.0086555879092052
0.2704649259750408,0.0392890798103515,0.00017769153122679373,4.7853902148742e-09,1.008654060064159
0.2692156669794435,0.0381565243859535,0.0004476324897996156,-1.2294304195521092e-07,1.0086698244684829
0.2717100824878817,0.0387724962248346,0.0003027117204092379,-9.394360211839565e-08,1.00863829109428
0.2718602837801982,0.0392874140192223,0.00017802663064359178,-3.686927115793382e-08,1.0086363105936291
0.2610140401977007,0.0254619645943031,0.0023833304469582,-1.94799063901978e-06,1.008772278272213
0.2627962010985861,0.0263971140981696,0.0023078765416754,-5.311665684952664e-07,1.0087504689903273
0.2616849603579784,0.0229259928955714,0.0025215188621439,-2.828589467896073e-06,1.008764588584601
0.2602609061615987,0.0211729182004609,0.0025670892658808,-3.975918055914968e-06,1.008781912390064
0.2614140054968738,0.0188986873208971,0.0025606699283859,-4.851189725033744e-06,1.0087669684018756
0.2623809921433249,0.0166040584006593,0.0024847796777253,-6.005498514188055e-06,1.0087561380140826
0.2692912030989327,0.0011693512348992,0.00028658775470578987,-1.5177911365694617e-07,1.008675274052497
0.2704647504837748,0.00068021192733474,0.00016883959979708144,3.2019165628969444e-08,1.008659697603579
0.2660130778302036,0.0020040343397459,0.0004791416129986636,-9.45423579024433e-07,1.0087162114153163
0.2653231355004026,0.0028587647783898,0.0006677518171804033,-1.185424404847244e-06,1.008725613202768
0.2674938004630154,0.0019382066419074,0.0004648780235148348,-3.202470218815853e-07,1.0086979016133109
0.2689834948711764,0.0018081526228691,0.00043564350739987335,-3.056403920814694e-07,1.0086791782999571
0.2636090508637023,0.0049284479155064,0.0010888403863488,-4.429669133837479e-07,1.0087464855448771
0.2652870617471297,0.0042332189070631,0.0009538947849071852,-1.8235448737766968e-06,1.0087284993318264
0.2632034673876767,0.0076925898979945,0.0015610444965774,-2.8692269970986205e-06,1.0087460960871422
0.2627860972704798,0.0102727434492495,0.0019295150632617,-4.806431161517039e-06,1.0087552533147237
0.2619210564866135,0.012454855365214,0.0021767723735944,-5.664212651204247e-06,1.0087639341429373
0.2706343271653565,0.0011915528179826,0.00029175789198975866,8.897548711855034e-08,1.008657292882874
0.2718599316813924,0.0006840362951525757,0.00016975251566289532,-1.9088898672651568e-08,1.0086416670064016
0.2720672097103294,0.0011921639071764,0.0002919882609173958,-6.488574795815844e-08,1.0086391551035072
0.2732551502337298,0.0006896385103582431,0.00017118570567174675,1.3404085003629828e-08,1.0086238977974196
0.2632772888070085,0.0142609544406513,0.002337233498543,-5.794378488924005e-06,1.0087468814626084
0.2634967483185136,0.028203458878012,0.0021353842557842,-5.379017951823542e-07,1.008741960563752
0.2631838167047153,0.0304796705870509,0.0018510809974037,-5.842910324583407e-07,1.0087425595979536
0.2646116633912291,0.032869813450966,0.0014910649479923,6.287862882582617e-07,1.0087277889824362
0.2659076044421859,0.0347944325769451,0.0011511499667756,-3.474739979127165e-07,1.0087106058741817
0.2672209701143399,0.0359373803499854,0.0009275206785046914,2.669002429088241e-07,1.008693575442573
0.2686122488146651,0.0369937402836104,0.0007084727341000974,1.0956353806435392e-08,1.008677773586336
0.2706216186854565,0.0381816144460162,0.00044183660643282006,6.167759388914733e-08,1.008651864102718
0.2699345129373863,0.037340296686977,0.0006317743673928102,-1.287813850108409e-07,1.0086606628088166
0.2731301668001624,0.0387805376052686,0.0003006305342649565,-2.3278244023458276e-09,1.0086204212458945
0.2732556759619066,0.0392858177596067,0.00017836518292181562,2.1714561476304446e-09,1.008618876839458
0.2720106341509539,0.038154254921611,0.0004478720264810007,-2.7477485441688177e-07,1.0086345676602455
0.2745449588887589,0.0387545756085653,0.00030675709997494825,-1.347952045087913e-07,1.008602498502757
0.2746511130122713,0.0392847913598355,0.00017850367552831137,-5.510055175231056e-08,1.0086010920854618
0.2631642576414307,0.0246070522209909,0.0024359311630849,-2.005435061708827e-06,1.0087441687773435
0.2644705133751917,0.0262621572824159,0.0023193398427205,3.392568633164757e-08,1.00872558081596
0.2655253712606497,0.0276401257437175,0.0021930636896672,5.6570443278430776e-08,1.008715587494723
0.2640507505635923,0.0224480977612067,0.0025361647998308,-2.9398330483076024e-06,1.0087360999318875
0.2628044659270551,0.0205851242646444,0.0025713447433461,-4.52290017864905e-06,1.0087508270264307
0.2638412362637969,0.0183384027004306,0.0025472985147311,-4.846840455682336e-06,1.0087383161094874
0.2647189067954064,0.0160319259874146,0.0024544099180433,-5.470986460879348e-06,1.0087286834244422
0.2703648716404787,0.0018808082522221,0.0004521771222523187,1.7169645864516114e-07,1.008660588366224
0.2668221196541788,0.0032304945781014,0.0007486455058966606,-1.156899122558402e-06,1.008706091058695
0.268309564138573,0.0027678608221841,0.0006495499837947397,-5.352722490452425e-07,1.008687920126433
0.2696159498168464,0.0029470359884611,0.0006881649267352699,-6.696684338845581e-08,1.00866931141701
0.2667630597732029,0.0047563697723983,0.0010534726566508,-1.660676254048563e-06,1.0087060677602335
0.2653712466667351,0.006434445304796,0.0013583905532529,-1.3686532046989498e-06,1.0087222125731434
0.2647635007939801,0.0094144856172996,0.0018175139053904,-3.5447934327231254e-06,1.0087305136397653
0.2640681670488093,0.0120116927919286,0.0021330211529311,-4.500888342415636e-06,1.0087388807369992
0.2717651556772377,0.0018677675208986,0.00044925075161464335,-2.1314019537506818e-07,1.0086432260777043
0.2734033620471317,0.0011860960008977,0.00029071767243962835,2.4349009818275164e-08,1.0086219251384536
0.2746504646656552,0.0006960661288991088,0.0001726074933430226,6.671169418316236e-08,1.0086064510566155
0.2732072120207878,0.0017746753079142,0.0004284251777506844,-5.769219949299465e-09,1.0086247554514662
0.2748172745527743,0.0012034069916487,0.0002945993148309048,1.2807948389353646e-07,1.008604178809584
0.2760458777882555,0.0007021431446068895,0.0001739270368726376,-6.688377570354872e-09,1.008589443902931
0.2655208721163533,0.0137567102806974,0.0022974477236387,-4.65193937714056e-06,1.0087201161240105
0.2655121527740186,0.0298398234104017,0.001938422513019,1.0827675861384092e-06,1.008713466871126
0.2663731299520914,0.0324287971886255,0.0015594536134159,-2.545993337963544e-06,1.0087026958139702
0.2676234402623792,0.0337500150512255,0.0013396901749919,-8.318530166917061e-07,1.0086903603167217
0.2688653251938184,0.0351098561034057,0.0010897677888932,-5.772570580348595e-07,1.0086735376285814
0.2700543643102491,0.036020875827167,0.0009103564555140966,-3.7494019450378556e-07,1.0086579542631828
0.2714041532879443,0.0370168543224909,0.000702911650220292,-4.2379944233976345e-07,1.008642606212045
0.2735083850103776,0.0381051190304205,0.000459037499588877,4.6490399703080975e-08,1.008615503568129
0.2727957897674363,0.0372599308711785,0.0006488250767212822,-3.422906931186549e-07,1.008624757734514
0.2758853561300112,0.0387528882034965,0.000306958832871494,8.117267871817644e-09,1.0085858256433209
0.276046574140249,0.0392848163625132,0.00017841321320367367,5.359184183437195e-09,1.00858389860978
0.2749429249767155,0.0381135990453933,0.00045692100363053104,-3.3801607145879814e-07,1.0085977350537083
0.2653033504265691,0.0243564100273003,0.0024492994964059,-1.6735181400175172e-06,1.0087167996266275
0.2661922980009163,0.0224507871592687,0.0025342008710839,-3.3859979795549805e-06,1.008709846681578
0.2674054916558985,0.02825504352387,0.0021291807823547,-6.696931807595008e-07,1.0086910259202966
0.2665706164604062,0.0261632312216173,0.002326454970066,-1.8424376668128196e-06,1.0087025452914178
0.2655410855319587,0.0201483977641282,0.0025729548830012,-4.538614500157453e-06,1.0087192725124057
0.2662562028843274,0.0177523688038822,0.0025297773989397,-5.424134320391999e-06,1.0087096543516922
0.2670376388636626,0.015480139898898,0.0024225255665211,-5.014187643510434e-06,1.0087004236250408
0.2711759769307335,0.0028197597687708,0.0006610084765510791,-1.411431134911796e-07,1.0086507225547583
0.2685026267242951,0.0042972182262876,0.0009670970296224312,-1.9659485640170704e-07,1.008683192397754
0.2703477136013268,0.0041893031757583,0.0009452058784952536,-4.329753252499877e-08,1.00866192331391
0.2677389524755856,0.0065521223516475,0.0013787108121622,-2.1709592956814828e-06,1.0086952026511675
0.2669007754625466,0.0088990825580622,0.0017446684761791,-3.259751689654505e-06,1.0087028909458748
0.2662279811848454,0.0114895064651484,0.0020765656506512,-3.7880078794794e-06,1.0087113055338388
0.2725954184684535,0.0027051273376878,0.0006368009388810935,-6.851236840763501e-07,1.0086340311590725
0.2745444894610656,0.001794224843436,0.0004327975288005154,3.028225226342451e-07,1.0086072708033704
0.273788488928335,0.0025477577616066,0.0006022665976553277,5.761481118331539e-07,1.0086159495630682
0.2761512003440076,0.0012345065774114,0.0003017939828066165,-2.6882015142332283e-08,1.0085881407691648
0.2774413526875576,0.0007070887453601686,0.0001753264413962369,-6.913656680659633e-08,1.008572043205331
0.2757165584158076,0.001968089387759,0.0004722019652491216,1.0648223636307225e-07,1.0085931948232598
0.2775841068778462,0.0012494846706339,0.0003057125725175798,-1.7705650214953217e-07,1.0085704655871237
0.2788368459085393,0.0007106638620397536,0.00017642171046559885,-6.435153311306649e-08,1.008555168831316
0.2677987328948721,0.013268749603405,0.0022557943359146,-4.440084272032625e-06,1.0086907849127795
0.2681104595215893,0.0309623446754942,0.0017860410143023,1.4431324724409815e-06,1.0086822291682995
0.2692153786016065,0.0329652186855856,0.0014704344605328,-1.2867856451671952e-06,1.0086685713278176
0.2704884460637926,0.0339758074664052,0.0012987606759228,-6.659674259960633e-07,1.0086531861519832
0.2716391676612639,0.0351997959770538,0.0010722879950561,-7.608879396796053e-07,1.0086387685112348
0.272886133230123,0.035995503517182,0.000915243476833422,-3.676567516118964e-07,1.008622570549006
0.2742570350691352,0.0368445734988686,0.0007393733047990982,-4.10578263606655e-07,1.0086065809181664
0.2772971737781904,0.0387517368439307,0.0003072439228618716,-4.061054464913668e-08,1.0085681954639758
0.277442024947107,0.0392859132413508,0.0001781326562965802,-1.7338587353768338e-08,1.0085663274847032
0.2762986676969703,0.0380613567352177,0.0004688425292251056,1.1182606098916953e-07,1.0085805747120722
0.2756213585692345,0.0372297852845017,0.0006549298415139252,-1.8425843894587945e-07,1.0085891526243516
0.26745581945685,0.021143820777152,0.002561767952064,-2.353695154519383e-06,1.0086914293237133
0.2675069799225708,0.0242745221178437,0.0024527080930046,-2.6783338088636078e-06,1.0086908444031106
0.2681104853287285,0.0225550346935189,0.0025268359529109,-1.368948135980057e-06,1.008684788951432
0.2697547308077333,0.0283970015154484,0.0021123186655386,-1.859959119810932e-07,1.0086612794728438
0.268759576158891,0.0261262867053132,0.0023288654798351,-1.4240945459846875e-06,1.0086745470480551
0.2678835652874644,0.0193980964085388,0.002564296981824,-4.973930535079481e-06,1.0086868152789654
0.2686265282434554,0.0171713234470468,0.0025083941111754,-4.919641577822621e-06,1.0086798778106223
0.2693763009106245,0.0149780720165894,0.0023904379054053,-4.508919461278468e-06,1.008671014430785
0.272007167402839,0.0037608240174187,0.0008595491019126221,-1.184296972659621e-06,1.008642001361647
0.2698408706488899,0.0062035494567386,0.0013213226643325,1.773405545872471e-07,1.0086676867932225
0.2713373126597874,0.0053966467646291,0.0011763477843378,-1.6000902999408344e-06,1.0086512421962963
0.2692775499018154,0.0089124140199316,0.0017458195816488,-2.821665737152288e-06,1.0086741956101262
0.2685042937057549,0.0110961350213198,0.0020312024699662,-4.506983077166601e-06,1.0086814173629737
0.2735517238790903,0.0037867443632377,0.0008644111725828407,5.196156802195203e-07,1.0086195269304212
0.2750374717702022,0.002953444090416,0.0006913006213647969,4.2318175794776817e-07,1.0086012856805668
0.2770773470490248,0.0020147851155366,0.0004830781675203781,-6.194465258754019e-07,1.0085762906660891
0.276379473883412,0.0028283643985039,0.0006636509767538147,-4.636942745538337e-07,1.0085860441982912
0.2802323343010597,0.0007130242066558923,0.00017722349067201496,-5.572969609586219e-08,1.0085377480027824
0.2789359565142053,0.0012357840035143,0.0003028241036855971,-1.7073786645599438e-07,1.0085538506589735
0.2786758980964272,0.0018670505422726,0.00045024614067645606,-1.767274104374176e-07,1.008557707033883
0.2803776604391566,0.0012457236820484,0.00030548209138052634,-1.370174720320124e-07,1.0085358359897958
0.2816278100169799,0.0007142462859170745,0.00017765781257015782,-2.5332290183017947e-08,1.0085200964214152
0.2701264852293599,0.0128135630436821,0.0022138028020752,-4.542458152324915e-06,1.0086617909583564
0.270791513461172,0.0312951361845794,0.0017397810304905,8.69788891847638e-07,1.008650175696918
0.2719885730916164,0.0331060045327534,0.0014470580310653,-2.889338040475875e-07,1.0086337420585565
0.2733032430847927,0.0340504464202556,0.0012854348820853,-4.956277249798081e-07,1.0086181789444273
0.2744320220920384,0.0351932274264106,0.0010732653144682,-6.398371782947396e-07,1.0086039502912418
0.2756412213703474,0.0359921719510586,0.000915943612549268,-2.0031478350095877e-07,1.0085882889947382
0.2787188222889959,0.0387583226344764,0.0003056296722250651,-1.295963929995275e-08,1.008550614437512
0.2788374627542653,0.039287633070093,0.0001776756767868787,-4.863331935634356e-09,1.008549174334996
0.2776880126782753,0.0380614682461168,0.0004687909848411037,-1.656029465356303e-07,1.0085635232654686
0.2770638003730293,0.0368240346322156,0.0007435970391475423,-5.289135364708312e-08,1.0085714859223438
0.2802329217587878,0.0392899072554669,0.0001771070994973789,-2.445711075059108e-09,1.0085319184538712
0.2801339164401541,0.0387573979340462,0.0003058426844754566,6.32204207336479e-10,1.0085330916990265
0.2695516631282411,0.0211667561753835,0.0025632356048986,-3.1166233093767443e-06,1.0086664309956808
0.2723598900910313,0.0284561169696185,0.0021046103457428,-2.894154369082495e-07,1.0086301378952685
0.2698868573135894,0.0237686469961403,0.0024821612989307,-2.420139457964068e-06,1.008661823312382
0.2711883308330401,0.0261523296047234,0.0023254090160483,-1.1485692171861668e-06,1.008644771035345
0.2702319231734746,0.0188093105360272,0.0025557776912666,-4.077281711146697e-06,1.00865933421945
0.270973538299382,0.0166100832406026,0.0024840948389912,-4.204080259575769e-06,1.0086510278671783
0.2716950776371644,0.0145250096035617,0.0023581314932074,-4.617082252932513e-06,1.0086423350897802
0.2728537847029542,0.0054142457513254,0.0011798009374592,-5.966263951922338e-07,1.008627045947007
0.2716535947877403,0.0075370696381327,0.0015426969826834,-2.0642414478977907e-06,1.0086438722762272
0.2709252974044157,0.0106397056146889,0.0019792773419764,-2.62186142126422e-06,1.008654596794777
0.2746076000101909,0.0048177248692789,0.0010696175710787,4.22822877783568e-07,1.0086071881174854
0.2762860923180519,0.0040309766184432,0.0009152327241228532,-1.1299416167924012e-06,1.0085884214056229
0.2777742364217133,0.0031804247743974,0.000740752618689611,-7.640371842339836e-07,1.0085686840035366
0.2799887379195778,0.0019346708563071,0.0004659035117367122,-4.421844095390614e-07,1.0085402049725507
0.2792931023968675,0.0026909396195055,0.0006346932484827,-5.859183814823296e-07,1.008549628615186
0.2817351378982539,0.0012364958522473,0.00030349567190168314,-7.995149927772026e-08,1.0085186573615044
0.2830232605220454,0.0007144325962050433,0.00017783056858599366,-3.6308906090218976e-08,1.008502460622679
0.2814858076033333,0.0018663932479891,0.0004506910699764744,-5.5433051893614125e-08,1.0085223007150343
0.2831762839183977,0.0012433873041566,0.0003053321730810779,-9.037002212278845e-08,1.008500463375846
0.2844186590138616,0.0007137694516330796,0.0001777336986770845,-5.997960769633936e-09,1.0084846250395598
0.2725335022222727,0.0123624292907768,0.0021718416386145,-3.5728692258247464e-06,1.0086330717278165
0.2734986089999465,0.0314237454246026,0.0017215625204258,5.569165488217915e-07,1.0086166661580942
0.2747610401247287,0.033157257806988,0.0014391020456276,4.419589127001022e-07,1.0085991686990317
0.2760989717562155,0.0340270380419584,0.0012904646392974,9.79301744584413e-08,1.0085831359098991
0.2772940886601192,0.0351411124884953,0.0010834723224864,-4.3091107901973446e-08,1.0085686634878817
0.279001911122702,0.0381313845708296,0.00045277898621378987,1.1600117433318692e-07,1.0085467274088085
0.2784187278040876,0.0371931897169337,0.0006631546659693997,5.254215540895327e-08,1.008554344373732
0.2785852025932633,0.0358586747763202,0.0009432377774346925,5.312203768705321e-08,1.008551900195515
0.281506037911409,0.0387810678323118,0.0003001514575159524,-1.2253964766895671e-08,1.008515971539716
0.2816284114853502,0.0392933582604113,0.00017623954545890292,-8.031332192403556e-09,1.0085144672001658
0.2805638388871567,0.038011293853149,0.00048012021213439865,-2.2113799441700738e-07,1.008528122438902
0.282877603853672,0.0387669066454418,0.0003035508734544695,-8.495155798803916e-09,1.008499277033992
0.283023893219828,0.0392982829213331,0.0001750211407743438,5.046785634147441e-09,1.0084974905257191
0.2750329591492562,0.0284809522644649,0.0021012291246858,1.1519728074281682e-07,1.0085976843412927
0.2719149591216939,0.0202598721982098,0.0025658943427643,-3.1700036245006203e-06,1.0086384418307457
0.2715460242400899,0.0221680372593546,0.0025374674191274,-2.469329511061468e-06,1.0086411182043162
0.2738127285770819,0.0262238863197182,0.0023187775603757,-3.9363296133084213e-07,1.0086134768099777
0.272558925286218,0.0239713857493084,0.0024695065418314,-7.393899678026127e-07,1.0086296231716474
0.2725008110714015,0.0182030249167516,0.0025418536823948,-3.7444766865655912e-06,1.0086320808688896
0.2732295562101425,0.0162146207639,0.0024639107940854,-4.456356665319633e-06,1.0086236715103547
0.2740620054709897,0.0141172209016342,0.0023279792455267,-4.082866065300169e-06,1.008614005281517
0.273965309478077,0.0071864648552552,0.0014877248471638,-9.548464449883185e-08,1.0086154784640071
0.2732922918935899,0.0100014542479298,0.0018965308293831,-4.251210253001788e-06,1.0086210588279805
0.2758594674813837,0.0060740395918153,0.0013012584941408,-1.95358806737429e-06,1.008596118868599
0.2775485945380123,0.0048626814491688,0.0010783775819632,-1.3106350501543365e-06,1.008571024998152
0.2791355464563173,0.0040056862638023,0.0009110556147920845,-5.946381706749256e-07,1.0085522927091013
0.2806528762655482,0.0030114464019713,0.0007053689786251145,-4.306048221055206e-07,1.008532130940367
0.2828087274886108,0.0019228963740073,0.0004637960767065734,-3.315423703320436e-07,1.0085046150205066
0.2821704190825084,0.0026670655700502,0.0006302798533631366,-2.9991902514640976e-07,1.0085138809379817
0.28452152263784,0.0012379669828682,0.0003041346369746793,-2.230317977791848e-08,1.0084832371087955
0.2858139892761097,0.0007129974487356443,0.00017758919027175034,-8.12481708660008e-09,1.0084668490126738
0.2842701357128259,0.001866269510096,0.0004510659819960397,6.29648968355932e-08,1.008486961710292
0.2859604885733406,0.0012431564131947,0.00030542669395346384,-1.5470614981089526e-08,1.0084650022266943
0.2872092896990882,0.0007129463338365791,0.0001775545828276086,1.7381135451584236e-08,1.0084489442805893
0.2749869810259451,0.0118869999619109,0.0021239407183475,-3.4513708684691795e-06,1.0086020748229412
0.2762530439970282,0.0314203037935585,0.0017219637115074,6.172404637731308e-07,1.0085825874858971
0.2775405667637387,0.0332035135603945,0.0014318627450195,6.130152349345873e-07,1.0085649139552657
0.2789149762312219,0.0339230240431537,0.001309076619981,1.211474438054743e-07,1.0085484699068787
0.2798312562455354,0.0368940401877945,0.0007288428606616024,-9.129851810587777e-08,1.008536723632124
0.2799883662455864,0.0351766475893284,0.0010774990902939,-6.857131593737841e-08,1.0085344251140966
0.2819003227160213,0.0380891095598658,0.00046242725314206537,1.9425625632383866e-07,1.0085108142979864
0.2812276338430878,0.037205353294221,0.0006605018643258727,-7.611909688003062e-08,1.0085197115016278
0.2842973833238802,0.0387834015992376,0.0002996516394766112,1.39550541386942e-07,1.00848184277388
0.2844192916819738,0.0393046034647626,0.0001735908953591347,5.8951405075102616e-08,1.0084802381199989
0.2833344349472435,0.0380976929183989,0.0004604023062815262,-1.0024138917901693e-07,1.0084938447971246
0.2857074171130222,0.0387832920950654,0.00029986666629053894,-1.6229134778470868e-07,1.008463821560453
0.2858145215212659,0.0393111858475919,0.00017195686280400597,-7.991888508826027e-08,1.0084624645177944
0.2777077333381795,0.0284840718051158,0.0021002557314745,1.8192916713403125e-07,1.008565164846014
0.2737298843188154,0.0195333385394658,0.0025627104179481,-3.102297837285985e-06,1.00861445830051
0.2764757472422467,0.0262669291396751,0.0023142102178695,-4.7261742205630606e-07,1.0085802678448912
0.2739332612110545,0.0216767858043598,0.0025507583890847,-2.0513887698880804e-06,1.008609041650803
0.2752610586187856,0.0240157621647408,0.002466084489195,-1.6970343184583306e-06,1.00859492573189
0.2746249086404538,0.0179313419319268,0.002533247804121,-4.411407147960076e-06,1.0086053592545663
0.2755209960501195,0.015901261518879,0.0024472080905789,-4.328574690762058e-06,1.0085955920120302
0.2764550191195787,0.0137566291349729,0.0022998867225399,-3.7809949814426567e-06,1.008583645129011
0.2759642875666828,0.0088677610841636,0.0017462812043008,-2.239344558342429e-06,1.008589293450398
0.2773147818844288,0.0068165369904077,0.0014245117162946,-4.371414615987211e-07,1.008572359580415
0.2787598131467055,0.0059855274730875,0.0012849391399653,-8.816189251371943e-07,1.008555197077414
0.2803793985134506,0.0048244310671289,0.0010715048073247,-6.292421818417037e-07,1.0085355396273892
0.2820285934403055,0.0039983581805695,0.000909804052519308,-3.712558745117264e-07,1.0085160002296094
0.2834743208436183,0.0030025584207612,0.0007040830397830913,-1.8606108307414706e-07,1.0084966106643731
0.2855729000368878,0.001930357765799,0.00046574851072791,-1.878514903178296e-07,1.008469370761799
0.2848975974438132,0.0026807475456465,0.0006336634735075435,-5.442542905453164e-08,1.0084790409175344
0.2873149824195731,0.001231835595532,0.0003027278169129193,2.700408615058665e-08,1.0084476230746382
0.2886046186798535,0.0007134464909881482,0.00017771008415395437,-3.0487762235157494e-08,1.0084315562442634
0.2870558007653124,0.0018498274806032,0.0004473824805024937,1.249886809704319e-07,1.0084513397880122
0.2887554395972688,0.0012389981293493,0.0003045072232471983,-6.61710581196405e-08,1.0084296286886818
0.2899999883908498,0.000713812211155217,0.00017781710462746442,1.4161871480401724e-08,1.0084135586315308
0.2775092007787424,0.0115163216930897,0.0020832609703392,-3.4466106801870727e-06,1.008568596003636
0.2790069207962444,0.0313858336292377,0.0017271063776595,4.950739219395175e-07,1.0085484864477816
0.2802968245207912,0.0330621975741615,0.0014565326374693,1.4094753334627851e-06,1.0085306057472938
0.2812518047130513,0.0359619714797225,0.0009228024144122272,1.666163710539484e-07,1.0085188577393205
0.281613483058712,0.033912894942198,0.0013126176762322,8.526441629179329e-07,1.0085143132596543
0.2826644009375434,0.0368247835310917,0.0007438983399117664,-1.514758812388627e-07,1.0085021110805494
0.2870676943818023,0.0388022286411595,0.0002949983845377704,-9.42641636325587e-08,1.0084474475614782
0.2872095926808778,0.0393155730627281,0.00017063613493414594,-3.9500378067061694e-08,1.0084459166855744
0.2884173066105668,0.0388054434564607,0.00029420741854849,9.742910691541924e-08,1.0084314722851837
0.2886046520763296,0.0393162874656699,0.00017048956511656228,4.615855093175537e-08,1.008429293735664
0.2846919305669103,0.0380955818937041,0.0004610137247701706,3.3391085437362213e-07,1.0084768519387668
0.2840384910241019,0.0372050774217134,0.0006605125864480342,2.236077182284471e-07,1.0084853589838116
0.286107287069439,0.0381461174259098,0.0004495784791183344,-4.4070332812752475e-07,1.0084590771553634
0.2790690417447399,0.0263360620596118,0.0023075732991083,-5.698423454213581e-07,1.0085484906422362
0.2802672361440704,0.0285080661917345,0.0020966277019318,5.018048825705628e-07,1.008534763279984
0.2757984434066505,0.019862703786462,0.002563938721672,-3.0119214133089866e-06,1.008587299243798
0.2779727668327087,0.0240626301476214,0.0024628896789868,-9.91977629384176e-07,1.0085628198985646
0.2768129225725058,0.0218926861656771,0.0025447962545109,-1.7978976119418529e-06,1.0085757972753535
0.2769217283805951,0.0177281283905792,0.0025260118068688,-3.271443557493286e-06,1.0085759771754363
0.2778357003555193,0.0156031541409664,0.0024299826704093,-3.2703449165865578e-06,1.008566861205089
0.278855459407832,0.0134752016684225,0.0022760666690616,-2.8655491046878197e-06,1.0085512741733813
0.278765000335131,0.0087578416225759,0.0017327011356107,-1.952491103275261e-06,1.0085553842705617
0.2802220966886706,0.0068853053684547,0.0014357725359946,-4.587955602359388e-07,1.0085355164535963
0.281706530385801,0.0059936430455608,0.0012857967847112,-3.75497775416149e-07,1.008518642913968
0.2832201410231549,0.004819043912957,0.001070664972508,-3.575581033852169e-07,1.008499416379619
0.2847412683590222,0.004001937161063,0.0009106706055046544,-4.1022611505593094e-08,1.0084811660666233
0.2862339709350571,0.003011008833815,0.0007060734998558638,6.390117658643819e-08,1.0084613350019571
0.2884548772511364,0.0018627560956106,0.0004503953002789638,-1.7554356645546384e-07,1.0084331196913696
0.2877185511334679,0.0026709403313963,0.0006316406213109734,-4.6023558651361686e-08,1.0084432014289229
0.2901038652237502,0.0012379166678771,0.0003042471711820272,2.9076980355224892e-08,1.0084122294110032
0.2913953664463072,0.0007136914711932691,0.0001778211014922221,-2.5066084828334306e-08,1.0083960752474523
0.2898457023547125,0.0018640972799863,0.0004507482498859072,1.0243988016120823e-07,1.0084158523565163
0.2915436404911746,0.0012397874592344,0.0003047704779729073,-5.9567507070571456e-08,1.0083941865524932
0.2927907374682494,0.0007134504492370479,0.00017776808376651816,1.3630431355774804e-08,1.0083780730116425
0.2800809926282991,0.0114420994383461,0.0020758328246855,-2.8390301716997345e-06,1.0085374660947275
0.2804004349851227,0.0242502300852455,0.0024525862117185,-1.014215243949397e-06,1.008532222707968
0.2817934143580096,0.0312014704408616,0.001754198134739,3.839657484223381e-07,1.008514940745182
0.2898164513451506,0.0388280912686119,0.0002891340923647534,2.17610643148836e-07,1.0084148012564005
0.2899998894502899,0.0393141589791096,0.00017129611860661412,9.877849559906095e-08,1.0084125172704057
0.2912256747186691,0.0388163851871224,0.0002923659028145052,1.6887068564781188e-07,1.0083972192184063
0.2913953837333762,0.0393123163857147,0.00017206163975083262,6.508559634449815e-08,1.0083951144793295
0.2828534418806603,0.0351086074923161,0.0010906033426706,-7.41101997527593e-07,1.0084983125608191
0.2829935267111835,0.0332432226276104,0.0014262124913512,5.530845626801215e-07,1.008494163361752
0.2841161033266559,0.0359805108840022,0.0009186282432691896,1.8493009547459608e-07,1.0084843644256056
0.2874489191811258,0.0381136647057784,0.0004566883775453925,-3.3376511401729285e-08,1.0084424382973454
0.288868106501786,0.0380944032668527,0.000461315389413325,2.153946860714937e-07,1.0084270281198666
0.285434544472271,0.0368709405299472,0.0007337983885242116,1.7665670035862953e-07,1.0084674830259035
0.2867483343128981,0.0373223507933626,0.0006350744108017004,-4.679763763828644e-07,1.0084498090329637
0.2815923057489678,0.026446283632742,0.0022973070935231,5.638773135071371e-07,1.0085164037624612
0.2823552443111877,0.0283580089078121,0.0021118280710166,-2.2176128488886038e-07,1.0085078677739825
0.278299370802142,0.0196114359342144,0.0025619769946293,-2.634864124938273e-06,1.0085566998023423
0.2798743702913043,0.0217361265627226,0.0025494918698123,-2.201755305384302e-06,1.008540108741931
0.2818719564254551,0.0228484212055501,0.0025131193290223,-7.333607764106882e-07,1.0085140914616504
0.2794530376044881,0.017364967185571,0.0025122829138456,-3.3484690291380062e-06,1.008543449463759
0.2797832803905826,0.0152968285131428,0.0024095201542641,-2.581188492212371e-06,1.008538127238443
0.2812784004153941,0.0138170079552804,0.0023060516964134,-2.955226337528253e-06,1.0085218650594563
0.2815068974129788,0.0086351698761655,0.0017170097858053,-1.9688809395938018e-06,1.0085215530349034
0.2829747949987913,0.006920993242725,0.0014428976804866,-9.234468007007524e-07,1.008501315477718
0.2843431712006914,0.0060003527322738,0.0012876043338527,-5.108830216882873e-07,1.008484090956937
0.2859605901784121,0.0048288341937995,0.001072474191589,-2.0291646802266344e-07,1.0084645139978174
0.2876096776515519,0.0040013179518801,0.0009110037363899064,1.1372533548738705e-08,1.0084450958119344
0.2890474332267976,0.0029934344200564,0.0007025871844801224,8.990099085038799e-09,1.0084258702270086
0.2912428297959072,0.001865981840238,0.0004512303554250075,-1.708209700978783e-07,1.0083976655401543
0.2904574647337774,0.0026842161915198,0.0006346803248635978,1.934187696004283e-09,1.0084083208394132
0.2929012948567093,0.0012375962040112,0.0003042404138555782,2.4914014073186044e-08,1.0083766855046843
0.2941861309374872,0.0007132234747287151,0.00017778636458958127,-4.6615293077968154e-08,1.008360666739422
0.2926557784178966,0.0018644928224991,0.000450963290444446,9.153224951806109e-08,1.008380054953118
0.2826944755321141,0.0115194635265827,0.0020854456194565,-2.5857328335175817e-06,1.0085046868896532
0.2827960315893239,0.0246687217805176,0.0024264265039051,1.5819262971286338e-07,1.0085020748846534
0.2926067021640097,0.0387793588865745,0.00030148037334297266,8.434876920670283e-08,1.0083794613579755
0.2927909726477147,0.0393139843456536,0.0001717551501859736,3.43556008571233e-08,1.008377122726866
0.2838902985790349,0.0317328096470069,0.0016731648816399,1.007547775955104e-06,1.008491429926032
0.2839237807428522,0.0294087300071314,0.0019881887509106,-1.08448158037701e-06,1.008485718374586
0.2900668458120318,0.0382293709996564,0.0004304916554711208,4.941630165577384e-07,1.008411455423042
0.2914590077557031,0.038174002591428,0.0004437685986335703,3.079337186183601e-07,1.008394076847279
0.2894831820769057,0.03737872295242,0.0006230576580591561,7.18956056880107e-07,1.0084194025428912
0.284690061992485,0.034055209138629,0.0012889298800579,5.233978070143445e-07,1.0084756209698549
0.2854858828459247,0.0353906564845378,0.0010353094094118,1.0568713050664709e-06,1.0084674405778338
0.2882256285596107,0.0369053145307142,0.0007273380161926487,2.7238027275651894e-07,1.0084347086869412
0.2868537821599672,0.0359562888064005,0.000925118293674804,-5.496422142614195e-07,1.008447649643138
0.2841343060586453,0.0269529725783867,0.0022553015713673,3.4729756238382893e-08,1.0084858334797622
0.2809330918068964,0.019071237822523,0.0025573033565344,-2.860726865027142e-06,1.0085260800248494
0.2823737870780842,0.0208129321181294,0.0025593190945989,-2.7341159034885703e-06,1.008507504288594
0.2838530754175428,0.0226193886177396,0.0025207535442658,-8.229308580615459e-07,1.008486018039796
0.2819076588939862,0.016387774654106,0.002473794334772,-2.6024091540726964e-06,1.008512346125859
0.2838074133162134,0.0139536405417863,0.0023165131800601,-2.532699203161179e-06,1.0084900391277776
0.2943449219550018,0.001231923330453,0.00030304865454722603,-1.1575117741036653e-07,1.0083586417375632
0.2955815425623235,0.0007122252871744593,0.0001776203204091122,-1.928516625019603e-09,1.008342601366493
0.2841986070610983,0.0086325494132185,0.0017178328526257,-1.7382795512629457e-06,1.0084867980114358
0.2856729722196319,0.0069174829673657,0.0014431672217431,-7.849542477752896e-07,1.0084662563281304
0.2872260784085987,0.0060569781427712,0.0012980085853569,-4.788648539264535e-07,1.0084488542645358
0.2888295790568496,0.004806953558188,0.0010688915261228,-3.743284733169807e-08,1.008428052150889
0.2903178053210556,0.0039783052901791,0.000906456958814553,-3.9281627107857514e-08,1.008410059017341
0.2918300232903832,0.0030071062521592,0.0007055414060898711,-1.1213968390636149e-08,1.0083904324383253
0.2940686696892239,0.0018441989909659,0.0004464176866561355,-2.8236076414670734e-07,1.0083618704520756
0.2933430445221611,0.0026697628286905,0.0006317330353421082,-1.1370068827664966e-07,1.0083718406918378
0.2853976680858208,0.0115499440726348,0.0020892927190028,-1.8917202922415852e-06,1.0084706497514837
0.2853107974382063,0.0245627177808456,0.0024323871113404,-3.503139221194064e-07,1.008469357335211
0.2937128480822918,0.038742267662262,0.00031036306817871216,1.0807028971308925e-07,1.0083648312500255
0.294186399859777,0.0393183161402407,0.0001707991798200317,2.1849739790142e-08,1.0083590012172152
0.2929490751403686,0.0380261732689735,0.00047771243284083694,3.9492876006658654e-08,1.0083747112708947
0.2855229799551227,0.0313971426375408,0.0017229101572526,8.456974750162935e-07,1.00846524676062
0.2861086654960014,0.0287500344537637,0.0020675804889045,1.1652808180195071e-06,1.008460060549581
0.2906709566835282,0.0373008724769335,0.0006408216962978854,7.728139035385379e-07,1.0084035743568087
0.2921489329929371,0.0370848678661518,0.000687980019465472,8.450576482328e-08,1.0083846305121853
0.2896865944902944,0.0361989198592858,0.0008749139580341868,5.09568800939089e-07,1.0084155181223975
0.2868328966108677,0.0336150276940262,0.0013668070237662,9.432721869893688e-07,1.0084494666237551
0.2885443075141194,0.0349529141562172,0.0011233232007026,8.556955105286498e-07,1.008429231066044
0.2868558154549117,0.0264710947911114,0.0022960972190128,1.6829955885528533e-07,1.0084523824576122
0.2951710654816317,0.0388075916593833,0.00029487570705641363,5.4126751967349334e-08,1.008346157768916
0.2955816255504122,0.0393216652167155,0.0001700585874567333,-5.366272226509285e-09,1.0083407699902789
0.2967815154540805,0.0388781623948915,0.00027781326802274226,-2.41285402386712e-07,1.0083251242751017
0.2969767595428289,0.0393229854596064,0.0001695423116591775,-9.633398445047809e-08,1.0083224867145235
0.2837312413737871,0.0185351085554338,0.0025466041176207,-2.7737016435785624e-06,1.0084909087975176
0.2847190035294009,0.0204393294628297,0.0025606966750758,-2.8670570017081067e-06,1.0084773223020045
0.2860468764857418,0.0223840668084546,0.0025258460472822,-1.255702167497733e-06,1.0084592462327866
0.2866973051546882,0.0206762284649482,0.0025573727813805,-8.378389106432276e-07,1.008453852857012
0.2849283612830073,0.0162953892081739,0.0024681804366071,-3.02150531960409e-06,1.0084773779769345
0.2866005457807535,0.0138961169265952,0.0023121068671321,-2.314082508150874e-06,1.008455812649032
0.295694176799977,0.0012220254644358,0.00030079766376753903,-2.12162026810722e-08,1.0083410978208056
0.296976912715602,0.0007104685172314158,0.00017729943106182766,-4.987360401600123e-08,1.0083252594343022
0.2954408551710897,0.0018188839415687,0.0004408006583075799,7.0184895128405365e-09,1.0083445701612492
0.2971321195617284,0.0012293443215298,0.00030275899741662664,-1.1416640612533993e-07,1.0083232172201555
0.2983722247588665,0.0007089717013819351,0.00017694635490015666,4.944851801474197e-08,1.0083069455634277
0.2869844710590088,0.0086071885481372,0.001714964072225,-1.2298041587321942e-06,1.0084519104956
0.2884833813674869,0.006902840710612,0.0014415907031607,-8.769979758263616e-07,1.008431145639877
0.2900265430246989,0.0059891838236597,0.001287126035799,-5.749482217161893e-07,1.008413241999081
0.2915751683169118,0.0048100122390069,0.0010698213445177,-2.3570595399011515e-07,1.0083932294094649
0.2932156667086212,0.0040047478337659,0.0009121983118660204,-1.0947506884064833e-07,1.0083739595723915
0.2946653229823961,0.0029989138460371,0.0007042018767996586,-2.095566390296475e-07,1.008354432553986
0.2881757077670952,0.0115444845849679,0.0020891274428976,-1.760718434466566e-06,1.0084361244387223
0.2878725913912384,0.0241156728812393,0.0024575596966165,-1.0230444438947708e-06,1.0084388214412334
0.294324851264546,0.0379740308378846,0.0004900322911332422,3.05215617321225e-07,1.0083571487462777
0.2935795380004098,0.0370445234544748,0.0006970891071363933,4.326493889429526e-07,1.008367172545474
0.2876921763094949,0.0308210448846876,0.0018039875256344,6.467865460157713e-07,1.008440630164188
0.2883226198338092,0.0283877293633658,0.0021080995197903,1.222539392279075e-06,1.0084326845241296
0.2913872811095541,0.035771799876833,0.0009625688189562368,9.939729778836096e-07,1.0083954065482272
0.2927947328050176,0.0359267775705578,0.0009313411569816844,-7.356139365756585e-09,1.0083765935259037
0.2904844340720283,0.0344179331544401,0.0012243900498671,1.2672605687514106e-06,1.008404908373388
0.289182509191948,0.0326240008924363,0.0015298903346491,-3.4429810775007525e-07,1.008420674249621
0.2891614468437551,0.0263692282996436,0.0023032337454196,3.5710599681501217e-07,1.0084212287031635
0.2957792620520703,0.0379671766500528,0.0004917154135308994,-2.057109960449504e-07,1.0083381756197067
0.2981540739806685,0.0388117701369568,0.0002934246809361137,-1.3115187710019887e-08,1.0083081367044529
0.2983718537493868,0.0393222319263579,0.00016949314025870203,9.85734224090783e-09,1.0083053216586204
0.2971716241071883,0.038053644329913,0.0004715539264437192,-4.882708422641922e-07,1.0083202519461294
0.2864636573378692,0.0186183337525671,0.0025494144348862,-2.3616065259772565e-06,1.008456704582002
0.2881276535789286,0.0217990564931696,0.0025414595469659,-1.4402137460613185e-06,1.008437137669601
0.2881385918870126,0.0200007531046723,0.0025585821320846,3.316086588795838e-07,1.0084338375570894
0.2878758252672689,0.0161698326009468,0.0024618829251858,-2.1224100797089e-06,1.0084393945015824
0.2894178623089378,0.013862443854945,0.0023095963382883,-2.072993465412808e-06,1.0084205112775146
0.2984756361339964,0.001229349173708,0.0003027694202246845,8.081393499473332e-08,1.008305498419608
0.2997675222785367,0.0007081788488093508,0.0001767337854733409,-4.521228334715106e-08,1.008290111441786
0.2968562485213097,0.0018375199616976,0.0004453146861729247,-3.081492299126665e-07,1.0083264665084306
0.2961148199924772,0.0026637050262552,0.0006308741779158027,-2.8450566313600304e-07,1.0083364818880602
0.2982317251852444,0.0018516432445795,0.0004488092218039395,1.2311655604238564e-07,1.0083089206605396
0.2897368825033298,0.0086460399453899,0.0017212341503201,-1.1589410372752623e-06,1.0084169782536991
0.2913006790264182,0.0068641074503349,0.0014354942356122,-7.443323584893931e-07,1.0083951231658976
0.2928559336092591,0.0060167532415629,0.001292201867566,-4.57689606057813e-07,1.0083776013256285
0.294425472698669,0.0048332245135749,0.0010748072891271,-3.084745958218074e-07,1.0083573680905322
0.2959942499412769,0.0040128707434056,0.000914083458523284,-4.242627232358459e-07,1.0083388868376346
0.2909694293245612,0.0115659186189816,0.0020920280804787,-1.706438347633035e-06,1.0084015637394377
0.2902615200543432,0.0246410027560143,0.0024252680269468,1.006865636743347e-06,1.0084081636561384
0.2896254335861368,0.0228256134656367,0.0025111003920451,-1.1058613989222637e-06,1.0084158545262258
0.2949823234188494,0.0368813609038922,0.0007322709983114033,1.8783111162632646e-07,1.0083484786528578
0.294095721122403,0.0355530102782554,0.0010063711431553,8.662515935697336e-07,1.0083595813567945
0.2899955724077552,0.0300742007829806,0.0019045256659616,4.848124239937409e-07,1.0084112150984783
0.2902109994888813,0.0279955211614592,0.0021485278435526,1.1995700694505473e-06,1.0084076517859588
0.2926938273090981,0.0341425809515194,0.0012737944291408,-2.051673904769834e-08,1.0083768738180527
0.2915757907428569,0.0314598257733778,0.0017129765827304,3.209289934476636e-07,1.0083912563472075
0.2914451349511868,0.0266039563956907,0.0022833099387647,7.650214078636303e-07,1.0083949391041112
0.2993099206505282,0.0388420073734173,0.00028629736408536534,7.70840884481057e-08,1.008293302709706
0.2997669649276109,0.039318719626623,0.00017052408932944526,2.1825786683221948e-08,1.0082875034853482
0.2965023548449311,0.0369457312800949,0.0007184756253209298,-7.903417283540121e-07,1.0083289391098995
0.2985027472626309,0.038062896886503,0.0004691638084382643,1.1952504676970436e-07,1.0083036990449352
0.297699001338268,0.0372742376290896,0.0006465931424666055,-4.369194434923358e-07,1.0083133126764343
0.3007881701587043,0.0387915890774285,0.0002981833475899332,-1.785018447446517e-07,1.0082744715341116
0.3011621808809574,0.0393132002624399,0.000171700162517974,-8.893613256676512e-08,1.0082698851504253
0.2891552728443446,0.0182118642524125,0.0025380989210705,-2.131485916924963e-06,1.008421356635976
0.2902159426894958,0.020651680307351,0.0025595234123236,-1.926013498184456e-06,1.008406765758027
0.2906892321355628,0.0161350621483102,0.0024600115929684,-2.2368200348635018e-06,1.0084044446282334
0.2999109350907468,0.00122981202085,0.0003029497840751631,-1.3619718123976626e-07,1.0082882002826403
0.3011628421529965,0.0007078315102947468,0.00017681398900405932,-6.035602451591373e-08,1.008272203150717
0.2921968952102238,0.0138630760775025,0.0023101546131596,-2.3345198122533917e-06,1.0083862711874696
0.2995979451536292,0.0018493260840002,0.0004484425623183838,-1.0965274108933505e-07,1.0082918134329577
0.2974782520860233,0.0029972832796474,0.0007046617145653407,-3.079768065559376e-07,1.0083189180896817
0.2988572048734196,0.0026666732096314,0.0006322481602320019,9.78918849283203e-08,1.0083011912680475
0.2925376257132731,0.0086421294368404,0.0017215039059855,-1.074378936843881e-06,1.0083820395557153
0.2940809891916616,0.0069462979758543,0.00144988245987,-9.999355704031782e-07,1.008360413498366
0.2956225802914392,0.0060799461506726,0.001303998570402,-5.478102672682698e-07,1.008342270246667
0.2971793576886842,0.0049021693185577,0.0010877897515621,-5.271823474236208e-07,1.0083229772654858
0.2937121891692577,0.0115513176760244,0.0020910083798479,-1.941724338792812e-06,1.0083669244073254
0.2926351099683595,0.0248311390470155,0.0024131271952967,-6.637902423430117e-07,1.0083789647042083
0.2916241722325843,0.022728953746068,0.0025136772665701,-1.14841567713668e-06,1.008388156885774
0.2957350852983606,0.0356014043537236,0.0009961438870626264,3.560155960746811e-08,1.0083373545309124
0.2947888199026827,0.0337214144353646,0.0013465969531909,-6.31193061190668e-07,1.0083502087555285
0.2922232174192328,0.0288555952235152,0.0020568034448877,1.571413910637101e-07,1.0083828712255083
0.2936780675583553,0.0312353105754447,0.0017461226317556,2.7294172150367285e-07,1.0083640811502343
0.2935732291474647,0.0269623575716059,0.0022512559045754,5.389376806516398e-07,1.0083669639351795
0.2998870475310266,0.0379970300057368,0.00048440878325066574,3.1353227707021034e-08,1.0082861439952937
0.2976468328548503,0.0358965638138985,0.000938398009934621,-7.309748709475094e-07,1.0083140791064784
0.2989739829289421,0.0369673710740112,0.0007135160654031668,3.578747225674028e-07,1.0082978587502736
0.3024015680228318,0.0388184612294593,0.00029154113925467944,-3.1464892609597664e-08,1.008254685555251
0.3025575389892048,0.0393072116433981,0.0001730170891194952,-6.830670398220317e-09,1.0082527290764662
0.3013657592211706,0.0379929045874049,0.0004850895934727743,-5.071950529508117e-07,1.008267078775409
0.3038073766688192,0.0387714439282821,0.0003030739980852176,1.5664313071253137e-07,1.008237893394215
0.303953014384092,0.0393021585951672,0.00017438492655434535,8.148719281711732e-08,1.0082360316188934
0.2919976806940025,0.0184427788495634,0.0025431833396699,-1.351924221456468e-06,1.0083868738219388
0.2930442199625203,0.0207851453251916,0.0025572966584938,-1.4657698999628732e-06,1.0083748608034513
0.293511686843636,0.0162322306857927,0.0024647948747189,-2.026236180646161e-06,1.0083696497333676
0.302558181866577,0.0007074933032540933,0.0001769880238074999,-5.412895904798692e-08,1.008254344904128
0.3012584863592314,0.0012337554503106,0.0003040549933627375,-1.2458621398793617e-07,1.0082710019356804
0.3008140234906906,0.001992312872412,0.0004811658463812869,-2.563215669622499e-07,1.008276705960385
0.3026920984171297,0.0012269661130933,0.00030279433632955075,-9.088110420385417e-08,1.0082526835916257
0.3039535164547291,0.0007070918666378021,0.00017674160143744892,1.384455193874467e-07,1.008235495927975
0.2948809714938467,0.0138320156739087,0.0023079311769442,-1.6238120207858403e-06,1.0083516233310876
0.3001730205705732,0.0030750480224357,0.0007224266143453148,-6.231646861640803e-08,1.008285367183654
0.2986849434623268,0.0040368428928789,0.000919337365503873,-2.2317949714724002e-07,1.0083034054172302
0.2953050388731281,0.0087319565921411,0.0017351330859956,-7.895391356424737e-07,1.0083473612725793
0.2968241837893091,0.0070638375632449,0.0014703016592304,-1.1767525814023677e-06,1.0083254825964634
0.2983769783102011,0.0063340951754968,0.0013487339414493,-9.552031561964047e-07,1.008306440748192
0.2964431919341997,0.0115048673774718,0.0020863033597614,-1.379980178613458e-06,1.0083342380804672
0.29482683663785,0.0250530958773891,0.0023976280666112,-1.0531708783139095e-06,1.008351668328503
0.2940561796568513,0.0230067361178642,0.0025027384046551,-1.172617314022688e-06,1.0083605993249878
0.2955628432866197,0.0211684524343006,0.0025535929682583,-1.830468744050587e-06,1.0083449674946194
0.2966369706182892,0.0337183515600157,0.001348047389403,-3.187561536040551e-07,1.0083266535543178
0.2957627401115834,0.0312198060582811,0.0017485650185813,3.773328597823573e-07,1.0083405018170737
0.2946490513223392,0.0289512811767529,0.0020451142156387,6.197081384759934e-07,1.0083540946319294
0.2956228506464682,0.027107966314718,0.0022373936879601,-4.6965764675828006e-07,1.0083403236444717
0.2984351722622881,0.0337113050738051,0.0013494607214176,-5.023246709064449e-07,1.0083026500466907
0.3005822804479132,0.0368882278813413,0.0007300013102196095,-6.692526779965173e-07,1.0082771155234411
0.2996237826370897,0.0354439103261827,0.0010264629379401,-4.396081662245954e-07,1.0082888086789668
0.3027476702860547,0.0381039252174904,0.0004597777876212318,3.697889106604246e-07,1.008250471031272
0.3018959232980956,0.0372053337557497,0.0006614580423638193,-2.182378614895582e-07,1.0082604719883974
0.3049340978960488,0.0387447211336439,0.0003095486476156685,1.247564685510167e-07,1.0082234056652497
0.3053485340242685,0.0392989504059444,0.00017539121818277857,2.0612835925812548e-08,1.008218482530822
0.3042135542481854,0.0379634618777172,0.0004921697863560025,6.998406652271586e-08,1.008233009311578
0.3066178607238297,0.0387675483326902,0.0003042735886669548,-6.020183716273879e-08,1.0082030302878362
0.3067440183875428,0.0392974038730027,0.000175743755929298,-1.7124543861004103e-08,1.0082011329264386
0.2950231046507611,0.0186483268708124,0.0025491655275522,-1.7142683168036794e-06,1.0083519173319473
0.2960167429296605,0.0160545857718557,0.002455756267775,-1.5870111651348652e-06,1.0083375866326116
0.305489336498247,0.0012265944560744,0.0003020188490398667,8.756796036797282e-08,1.0082168184979954
0.3053488229238845,0.0007068017062647387,0.00017632443062420833,4.3069829329496375e-08,1.0082185580071852
0.3067440964303505,0.0007070598435540184,0.00017630122733565252,-2.89494736416187e-09,1.0082007953620813
0.3040449739625042,0.0012164269233355,0.000299985914352958,2.959570229068139e-07,1.008234130241073
0.3022944889581104,0.0018974358341417,0.00045987975790250953,-4.0666350512853e-07,1.008257831864608
0.3015616985744843,0.0027880000329477,0.0006593518929660957,-6.626774803662732e-07,1.0082689266563407
0.3037405607534724,0.0018146901090294,0.0004407047032329552,5.325859253347349e-07,1.0082383174325145
0.2977101353661729,0.0137704584843677,0.0023042803598702,-1.988479443902844e-06,1.0083191622783418
0.3015375493931591,0.0042035585214148,0.0009537533799370728,-6.974638774696927e-07,1.008269041844505
0.29999663318995,0.0052525854792805,0.0011544762000644,-6.814397076200833e-07,1.0082859127226913
0.2979614971745446,0.0089186802105382,0.0017615805827841,2.544405392956837e-07,1.0083136273230793
0.2996622397081799,0.0074138358341396,0.0015275451099329,-4.056985500555197e-06,1.008292054215647
0.2985974680555965,0.0116242917674764,0.002099817055002,-1.7565954130265128e-06,1.0083058883899907
0.2966562125218428,0.0256144679579551,0.0023576664258807,-7.940742052430144e-07,1.0083285666733877
0.2966438958616084,0.0234734840661685,0.0024840498805975,-1.186348828775862e-06,1.0083290313222044
0.2969737482121843,0.0197732535844023,0.0025577472719119,-4.480976725981635e-07,1.008323800132673
0.2977355704813991,0.0212826530581638,0.0025509179913286,5.39222436561304e-07,1.008316610291841
0.2975111703731297,0.031285874063835,0.0017388506871078,2.713271541481167e-07,1.008316577843796
0.2967441623581993,0.0290665580224974,0.0020311582135884,6.154802316940718e-07,1.0083256574086976
0.2978123334709334,0.0271428601921886,0.0022334870333527,-6.615693742943572e-08,1.008314208337702
0.299274654104217,0.0315995433025916,0.0016916212250695,2.1544158981302583e-08,1.0082945945942563
0.300367550176866,0.0335656761191696,0.0013749236444338,-2.4959189369612173e-07,1.00828240321677
0.3017368771516779,0.0356343179948705,0.0009914759329986854,7.498789179444747e-07,1.0082639001211782
0.3034018630029401,0.036693486298535,0.0007734737061593749,6.455947222058867e-07,1.0082436793056042
0.3056327204542639,0.0379678370731201,0.000491520412687612,2.7326239729623253e-07,1.0082151099707628
0.3048512715246506,0.037174069328785,0.0006691420689519964,4.904972526237012e-07,1.0082249713288176
0.3080345721015352,0.0387799709865916,0.0003014802554050164,2.2867461248055045e-07,1.0081854562919572
0.3081394360553469,0.0392966902206791,0.0001761082586721794,1.0274483241059347e-07,1.008184157509031
0.3068937949664177,0.0381610157990184,0.0004471483374975359,-2.7453585542273056e-08,1.008198954445778
0.2974078106933236,0.0178508386329446,0.0025266924533092,-2.608371754219073e-06,1.0083177259969636
0.308139364460178,0.0007082399762328973,0.0001767968589159816,-9.641295127275784e-08,1.0081837693404476
0.3068421372439646,0.0012331271961186,0.00030343015948922346,-3.1566055467760492e-09,1.0081997044041298
0.3082781336176874,0.00122822979897,0.0003026833906319541,-2.1793552882621453e-07,1.0081821435193252
0.3095346681413318,0.0007101666382247108,0.00017740339087719102,3.1795831604852183e-08,1.0081660441540574
0.2985530602104174,0.0159543153987528,0.0024496926944044,-2.5246090853144294e-06,1.00830728199192
0.3064036952044137,0.0019927027645816,0.0004807347461520867,6.250789137115965e-08,1.0082050135215044
0.3051675362889954,0.0018420626373349,0.0004466119271250777,3.38394907069594e-07,1.0082206762731862
0.3029828374359445,0.0029742136586637,0.0007000288843006543,3.746836082536946e-07,1.0082479290671875
0.3043969515533444,0.0027054547147297,0.0006407094725137645,9.367072346587182e-07,1.00822969045062
0.3028928133628355,0.0045569252929002,0.0010222230720681,3.851096632285687e-07,1.0082475582421004
0.2994845848134121,0.0130863319897975,0.0022430748391429,-2.967685483420578e-06,1.0082915273859936
0.2995431618771546,0.0144514613378844,0.0023522147215305,-1.9424387411965613e-06,1.0082910562423149
0.3016182932251671,0.0065745786422608,0.0013936082450012,-1.0912726463377204e-06,1.0082640828733356
0.3005213795511983,0.0097578771637969,0.0018755275825801,-8.181020808928544e-07,1.0082808334685005
0.3003785879696113,0.012053187575841,0.0021459090231535,-2.117697800581806e-06,1.0082842405368846
0.2984846334871102,0.0249738120893448,0.002401591373537,2.944513300689157e-07,1.0083037562361823
0.2992987070758913,0.0227959642200317,0.0025113198073785,-1.234042707204886e-06,1.0082967896858508
0.2986697232995117,0.0194953145661815,0.0025560315455711,-7.274336028252988e-07,1.0082976871756966
0.299402706543618,0.0209178659003932,0.002554577803551,-1.4982286002659026e-06,1.0082935730254787
0.2991341852221998,0.029252684618835,0.0020093119471057,3.453557809655322e-07,1.0082959908968383
0.3000319473001258,0.0268193600835512,0.0022625876114964,6.001812630699334e-07,1.0082844420012032
0.3010056263184642,0.0311349478659076,0.0017608792582052,7.085895930691628e-07,1.0082719315535824
0.3021882121705522,0.0331040561005591,0.0014543187025234,1.3288806894289443e-06,1.0082602926903534
0.3035334575920832,0.0348430864391669,0.0011434710670493,6.03379713976093e-08,1.0082403551711694
0.3049705342962631,0.0357452993470189,0.0009679131364433532,3.826591591512175e-08,1.0082230840980817
0.3062954955491581,0.0369400050709243,0.0007206422514974206,-2.1980512807582334e-07,1.008206255148753
0.3094059461664107,0.0387849759340543,0.0003005844935502091,1.821214705825717e-08,1.0081675905516592
0.3095347981106546,0.0392961853089436,0.00017642118287485308,2.7010088825546836e-09,1.008166004300741
0.3082842291138719,0.0381631362461977,0.0004469326726032451,5.049166920626933e-07,1.008182224705006
0.3076586955767096,0.0373329824765179,0.0006342733460118756,5.201164217283057e-07,1.0081904752719957
0.2996458375813186,0.0176031668449032,0.0025186968147682,-1.977038366895459e-06,1.0082891673427847
0.3096294788072282,0.0012158649198961,0.0002998290927447161,6.896264001422286e-08,1.0081646686312526
0.3109300271121055,0.0007122403365335912,0.00017774824069158776,5.041738656350712e-08,1.0081486296269146
0.3110673389674602,0.0012381529036147,0.00030493623857808097,1.0342518978155677e-07,1.008146924956183
0.3123254238905365,0.0007138434907474853,0.00017807380861506822,-1.5921865865759855e-08,1.0081314261333525
0.3078890236463464,0.0019013098090458,0.0004603608119330428,-6.023033011564278e-07,1.0081870411342242
0.3093281747154037,0.001809892438893,0.000439655475028105,1.9971831594920761e-07,1.008168853704673
0.300595989958389,0.0156042328499998,0.0024303088771086,-2.2207356180136508e-06,1.008278164727468
0.3071713599337491,0.0027945499767613,0.0006605202595279449,-9.203943299864156e-07,1.0081973636007486
0.3057728905062227,0.0031178641668273,0.0007308461695136934,3.989707291829852e-07,1.0082126142354806
0.3042943989538536,0.0040825782043798,0.0009297466636525028,9.653074095566148e-07,1.0082297700613614
0.3037304101359522,0.0060905945133106,0.0013096439843387,-1.03993229462159e-06,1.0082417481040722
0.3011935708072628,0.0135325458922133,0.0022831792186573,-1.4771206771464176e-06,1.0082688164560836
0.3029766491566985,0.0088969364999334,0.0017538894489033,-1.595007963998188e-06,1.0082487247815255
0.3021003350173817,0.0115371031849555,0.0020922610011941,-1.1637357876553875e-07,1.0082604931429342
0.3008138884659192,0.0246600713376367,0.0024191526888939,-5.286126095649538e-07,1.0082742229534922
0.3013099452958246,0.022801939550488,0.0025082377784984,6.785376580705057e-07,1.0082683462609148
0.3007003093672303,0.0214617732437495,0.0025471022437932,-1.4257564386298754e-06,1.0082736132020258
0.3008526662828554,0.0195441519796568,0.0025567852660567,-1.5004380236536397e-06,1.0082734180280488
0.3015681753408015,0.0285718435361461,0.0020880428639737,5.392837425614907e-07,1.0082656089935116
0.3023699233468335,0.0262961564096258,0.0023057957173492,-2.0353919832221227e-07,1.0082565270457369
0.3031671742183958,0.0305499772163651,0.0018428534644125,1.650793248102911e-06,1.0082443846137517
0.3052090949432393,0.0337634727882625,0.0013410764484572,2.6793622549922096e-08,1.008219585301047
0.3039525777574147,0.0326315545726761,0.0015291888514783,-7.887802233793392e-07,1.0082357051781246
0.3065320231655076,0.0350576761564395,0.0011025160808003,-7.725688610903574e-07,1.0082033606211072
0.306644201281845,0.033009878924808,0.0014676051776371,-3.072313207376004e-07,1.0081978795251532
0.3078245102133005,0.0358975654168839,0.0009377477692847588,6.793789658797513e-07,1.0081892530324386
0.3107806476737544,0.0387701463335709,0.000304027344696039,5.4280327643807884e-09,1.0081500382587123
0.3109301250910316,0.039295525271451,0.00017653759645059195,-9.826473547655923e-09,1.0081481991905166
0.3097751163694375,0.0380860022851062,0.0004648474376223556,-1.7120247993435216e-07,1.0081629006515451
0.3090649459397519,0.0369586332276721,0.0007167867063062439,4.414186530105132e-07,1.0081722019248058
0.3122006478564396,0.0387787628503184,0.000301982062412552,-1.1844222401243585e-07,1.008131934926299
0.312325431567112,0.0392945506300857,0.000176688124824405,-5.119196672069687e-08,1.0081301745360365
0.3018066317130812,0.0171655450840524,0.0025040450640472,-1.2913128129574108e-06,1.0082629559362568
0.3137208224810459,0.0007148300103382607,0.0001785079262702542,-8.44137036305978e-08,1.0081145092782573
0.3124181681388678,0.0012368818322001,0.0003046182775705741,-5.682109879514705e-08,1.0081303348509296
0.3138564373843607,0.0012487435153836,0.0003077757669289085,-2.008117038720928e-07,1.0081128624298774
0.3151162032370287,0.0007154596877302856,0.00017889425445480328,-5.2125285718936095e-08,1.0080969909123003
0.3106642302610445,0.0019136224230725,0.000463258269445124,7.826641251864838e-08,1.0081512722895107
0.3121434134323721,0.0018646259668246,0.00045202851869533255,6.00364464250755e-08,1.0081341537554247
0.3099785362005058,0.0026718391176317,0.0006340434266697497,3.76510259585365e-07,1.0081601323500309
0.3086208131738773,0.0029856670661425,0.000703174218839652,-2.98444828886193e-07,1.0081774132706245
0.3026498660869471,0.0149832267852558,0.0023918825645275,-1.4913185666092435e-06,1.0082531121448846
0.3071197740717448,0.0041303100427314,0.0009417742782328064,-1.41181696431837e-06,1.00820032087498
0.305588948038858,0.0050498296459147,0.0011208378641157,2.536267456533257e-08,1.0082169125970326
0.3050004856859583,0.0075210414660706,0.0015471519356152,-2.0536445809031405e-06,1.008222315471072
0.3034336714848625,0.0128187944550207,0.0022221454639064,-2.921875222204183e-07,1.0082444960618453
0.3043989023669824,0.0105262425494753,0.0019731730733734,-1.1905702227796397e-06,1.008230989331646
0.3031140876831562,0.0237748011475729,0.0024705295735342,-8.274592281213646e-07,1.008247145395444
0.3026174437557794,0.0212317831419522,0.0025528369359945,-1.022072174254005e-06,1.0082534655361677
0.3031576565223597,0.0188140307286194,0.002548087140224,-1.689067123959213e-06,1.008246869128971
0.3039274962707789,0.0281909741633843,0.0021289793321995,-2.1240199915951798e-07,1.008236770933122
0.3046648306694692,0.0257907920935959,0.0023438170376016,-2.932707347275397e-07,1.0082270972387788
0.3056649498628026,0.0308971803190269,0.0017995544088421,1.052762922104773e-06,1.0082155907077912
0.3075809158452745,0.0315973775405449,0.0016950018543571,1.2935544760572345e-06,1.0081943355929308
0.3082441653085012,0.0337085799263101,0.0013515018354334,1.4566478392519935e-06,1.0081813476608972
0.3091517357401745,0.0353875156434398,0.0010376510635805,7.579756385545938e-07,1.0081707746623576
0.311228917095272,0.0380250010262941,0.000478805638829385,2.5346475833570563e-08,1.0081443667887842
0.3104704182987537,0.0371947404354047,0.0006651510010754309,-2.513274273353008e-07,1.008153267124928
0.3104769786283128,0.0358453729898711,0.0009484513956771588,-1.0018070084991257e-07,1.0081519206499852
0.3136116739045653,0.0387841683671399,0.0003006172041768109,8.256212418561838e-09,1.0081148113294276
0.3137207317696837,0.0392930893508329,0.00017701306913251832,1.6963053305727306e-08,1.0081134434901733
0.3124702582016592,0.0381636559332256,0.00044705260750281664,-1.0435218265147529e-07,1.0081284174795313
0.314901660382953,0.0386943754626938,0.0003221409685098924,4.244115184992629e-08,1.008098527130742
0.315116054172386,0.0392910967155095,0.0001774831048048649,2.1142362469747593e-08,1.008096030085209
0.3040004528444522,0.0164938498332792,0.002476167217415,-1.4407669220738089e-06,1.0082367807420023
0.3166533896225234,0.0012444646237945,0.00030738668120271423,-1.6264785783510725e-07,1.0080776450729745
0.3165115736507182,0.0007159901147445665,0.00017924582311277753,-6.808204383083602e-08,1.0080795663427784
0.3179069484904689,0.000716390183917968,0.00017945031123013988,3.151729231728748e-09,1.008061409643413
0.3152118757294093,0.0012420876039403,0.00030649876409874103,-1.3955147184137018e-07,1.0080957126806371
0.3134540006879829,0.001937891046246,0.0004691683331736153,-5.12771915937525e-07,1.008117359662143
0.3149387791901928,0.0018742984880445,0.0004550313936721498,-2.105209622783375e-07,1.008099593080513
0.3127584191133484,0.0026887012848908,0.0006379579143406413,-4.494100169102762e-07,1.0081271511531211
0.3113273332443285,0.0030066130728279,0.0007077548495957037,1.901062895900998e-07,1.0081436925249128
0.3098476524627319,0.0040141186393293,0.0009173296893103783,6.025862367818395e-07,1.008161021790225
0.3084455599366616,0.0045333427227716,0.0010198941089239,1.3296202362288026e-07,1.0081784254698547
0.3048221209254746,0.0142618339519964,0.0023426255891726,-8.426618627854853e-07,1.008226641534974
0.3071820612946663,0.0064302527573434,0.001371059647912,-8.361539891610528e-07,1.008197398595288
0.3063434377371574,0.0094652446397252,0.0018324628702696,-1.232897599928037e-06,1.0082046517199947
0.3056162785296534,0.0120017747680447,0.0021422722042805,-1.083977351998804e-06,1.008215653665218
0.304488959088782,0.0220546185976535,0.0025315302460175,7.220025422525657e-08,1.0082296878628696
0.3054651256908497,0.0236012256082777,0.0024772986443298,-3.168161156503094e-07,1.0082202061548176
0.3047158569022639,0.0201425732431415,0.0025574145187455,-1.6898185263598966e-06,1.008225587727189
0.3054230874014246,0.0180023698874126,0.0025301737192804,-1.6209901357499616e-06,1.0082181923906937
0.3062119865220862,0.0276645238424887,0.0021845493636729,-1.6205754269716758e-07,1.008208034198329
0.3069003643775021,0.0252166934378661,0.00238436045983,-1.879720978461431e-07,1.0082000707433616
0.3078029752141588,0.0292419097640163,0.0020061506864446,2.0622843800107813e-07,1.0081851666267456
0.3095482875590649,0.0311293387685634,0.0017637133940874,3.875973462370726e-07,1.0081656959679857
0.310371079713016,0.0336538360309084,0.0013614444576854,8.519365731420775e-07,1.0081568432865626
0.3118433317841882,0.0368833512074154,0.0007338095106564437,-1.8096110820350272e-08,1.0081371053884791
0.3119603602939928,0.0349941613943864,0.0011155594337278,6.615643611513038e-07,1.0081352421997902
0.313953702466041,0.0381069467380814,0.00046010261525929473,1.0395576046866384e-07,1.0081103255536152
0.3132366471949148,0.0372185312338289,0.0006600668532988603,5.683679296534897e-08,1.008119324946388
0.3161021581153542,0.0387289359105421,0.00031387422586493565,1.7826460669655356e-07,1.0080834943397272
0.3165114353940893,0.039288923323321,0.00017822999190296514,5.614425046068044e-08,1.008078466629786
0.3154021954874041,0.0380012072438074,0.0004842847566251611,-7.091305085895376e-08,1.008092422633964
0.3062189502114802,0.0157737328968032,0.0024403162153721,-1.3204051929600656e-06,1.0082089276755166
0.3194440487483937,0.0012389479152804,0.00030617060174029635,-4.9350058382895765e-08,1.008041316408482
0.3193023293968592,0.0007165095837394533,0.0001795031848499901,-2.0897381480564812e-08,1.0080432727603457
0.320697703058272,0.0007162773029255945,0.000179456204244043,4.9082933926008286e-08,1.0080251961013127
0.3180070302115881,0.0012408799636422,0.00030660168379265123,3.0056031411501772e-09,1.0080600262790451
0.31769746629779,0.0018998665126916,0.00046136615367082303,4.613090718898933e-08,1.008064133588943
0.3163411329254709,0.0018730136734858,0.0004550753810428471,-3.69836708934885e-07,1.00808139829969
0.31557585810711,0.0026904168428027,0.0006391144386804969,-3.720892909116325e-07,1.0080917730206878
0.314104998208645,0.0030224654671641,0.0007120428039253485,-6.51042130070204e-07,1.008109881046179
0.312585810401334,0.0040377460159871,0.0009227060982935882,-8.475868839965573e-07,1.008129945662702
0.3109967888517584,0.0049371729864572,0.0011002279643978,1.8121038363092152e-07,1.0081486969221138
0.309238036741456,0.0059891546854943,0.0012940898571862,-2.319832794208496e-07,1.0081722202217456
0.3070194944567785,0.0135107514461295,0.0022838103528685,-1.041182228432446e-06,1.008197944159826
0.3085381868508288,0.0083228460986957,0.0016676976037662,-1.7326918005978831e-06,1.0081783225422003
0.3077962787180209,0.011197285303346,0.0020536033026102,-8.526725560550086e-07,1.0081881181238048
0.3062033986183074,0.0216423619675357,0.0025419065625929,-4.0537189166330164e-08,1.0082055661525309
0.3074944070947747,0.0230081800242366,0.0025026863025605,7.262797094096033e-07,1.0081940999021424
0.3068296715205219,0.0194848916276219,0.0025552184984876,-8.99226462714049e-07,1.0081989822302229
0.3076159364031945,0.0173052508204249,0.0025087163305509,-1.4371195198342209e-06,1.0081902520001755
0.3084923948471533,0.0269331854257978,0.0022517679871643,1.1796811429417947e-07,1.0081809991632291
0.3093247701884194,0.0243656090199262,0.0024387061820813,-3.147969063838271e-07,1.0081698219988466
0.3099685187570571,0.0287135530703313,0.0020691700778955,5.857142926577045e-07,1.0081585588677966
0.3177856484697488,0.038753273523898,0.0003084756097590424,6.386827851165847e-08,1.008062368188586
0.3179069030504895,0.0392872596507489,0.0001787826250230418,2.4994583499386663e-08,1.0080607143848426
0.3113703655168117,0.030950228965404,0.0017893831557641,1.2481757767151916e-06,1.0081401967058197
0.3122397597616099,0.0329223013529444,0.0014818581528916,8.444396108552378e-08,1.008132216575184
0.3132550353086826,0.0359165400114408,0.0009346935408450276,2.1561927617019506e-07,1.0081182103016726
0.3135555418725463,0.0338185690190146,0.0013327394439642,6.937510822878952e-07,1.00811374607531
0.3146984537984729,0.0368700330539785,0.0007368803318607969,-1.37327699914729e-07,1.0081013309087188
0.3168083723118489,0.0379824944903808,0.0004889938607714309,5.590348886653034e-07,1.0080748179835994
0.3161096318400185,0.0371772136604234,0.0006691458648146013,3.3408217268135444e-07,1.0080840951466186
0.3084339733723382,0.0150709919886466,0.0023990542405765,-1.3801409663280909e-06,1.0081798428764872
0.3208501701456185,0.0011320254250564,0.0002804882768823911,6.762608546591692e-08,1.0080231573472709
0.322093050112622,0.0007158308594873376,0.0001792173738457661,-4.577091926659425e-09,1.008007309980128
0.3204841306992481,0.0018987073253552,0.0004610256423981202,2.9233099331523705e-07,1.0080279514135293
0.3190820740884159,0.0019005077459535,0.0004615233107151735,-1.67280672506409e-07,1.0080460287489093
0.3183215039948527,0.0027845149368255,0.0006598694283927098,1.703768688236621e-07,1.0080564590125438
0.3169143254507975,0.0030408296145312,0.0007164597777622035,-1.7881534820723793e-07,1.0080744932037595
0.3154256417655463,0.0040092952052428,0.0009177374331706252,-4.687774800326261e-07,1.0080940619933878
0.3138481569778684,0.0048734377734385,0.0010880619554062,-1.099552439760203e-06,1.0081135786231787
0.3121731864369739,0.0060658892866823,0.0013082745550492,-1.2341884622331152e-06,1.0081377343588909
0.3104340402424703,0.0071852012157016,0.0014960942952196,1.503845471065346e-06,1.0081538498704032
0.3092344668661406,0.0127688112145672,0.00221860727782,-1.5447265368106803e-06,1.0081690938695305
0.3098688791063921,0.0103528495516918,0.0019489993895485,-2.567780463155517e-06,1.008158686101032
0.3081011603713348,0.0209822325481426,0.0025519104731514,-4.5230047572628403e-07,1.00818332449519
0.3091094230209547,0.0223300877742638,0.0025236758467596,-1.040481533904124e-06,1.0081739155581766
0.3105390874352677,0.0227187349602304,0.0025104792230959,-1.3388754518573028e-06,1.0081511535944885
0.3089672673911158,0.0188689194080852,0.0025471531910515,-1.3534465049669251e-06,1.008172572428271
0.3098394108332155,0.0166608567408794,0.0024836764736144,-1.118177552063826e-06,1.008162184170213
0.3107621935325321,0.0264042273568048,0.0022955123634935,-5.920904289660499e-07,1.0081504356319526
0.3116077219017756,0.0241602305704455,0.0024493157129407,-7.145036026893439e-07,1.0081410540824145
0.3122035845056246,0.0283371854678185,0.002110717417019,-1.0359918950610738e-07,1.0081309576136877
0.3222307288940195,0.001245637432395,0.00030767307834631344,2.1755401176409025e-08,1.008005514214332
0.3234883667751483,0.0007155927576467968,0.00017915125238211264,2.2183888020879904e-08,1.0079888464309013
0.3193024631637539,0.0392869851665522,0.0001789615136631599,3.4858943735915446e-08,1.0080428865377622
0.3192072316751875,0.0387624358471472,0.000306459433862807,1.020827860930672e-07,1.0080440440210767
0.3181784689934734,0.0380509114047083,0.0004737346046008344,4.3128610031906126e-08,1.0080569719822996
0.3205833732495025,0.0387627110018158,0.00030658875635763706,4.2303855268913224e-08,1.0080264294094807
0.3206980774824534,0.0392890613750855,0.00017854414455417613,1.6525761396989872e-08,1.0080250378095292
0.3138909628044978,0.0309451591018578,0.0017917768531344,4.845935197498865e-07,1.008113263559875
0.3149125825858885,0.0350318293194879,0.0011086930165694,-6.459445027824037e-07,1.0080969907143045
0.3150745504806065,0.0331014229339701,0.0014524859012137,4.4641464258103357e-07,1.0080927741773325
0.316191390391526,0.0359521780766122,0.0009273629536997444,4.0377072690422187e-07,1.0080827776158712
0.3175164614657328,0.0368016214571595,0.0007513270914110109,7.570121060299665e-07,1.0080659888077033
0.3106794476211161,0.0144140671299942,0.0023545168397027,-1.1453576372288834e-06,1.0081517713315151
0.3218342880943963,0.0019347003007273,0.0004692394866748771,-1.3135377114073885e-07,1.008010532918708
0.3210879901089759,0.0028253599266776,0.000668490156182329,2.325982884837441e-07,1.0080204959647865
0.3196811523360897,0.0031340982868987,0.0007360816445277318,1.8620832094298078e-07,1.0080384799845392
0.318153850262175,0.0040992122511988,0.0009352712191500024,2.644902554775846e-07,1.008058327683578
0.3166701848724029,0.004832188407735,0.0010790971055256,9.667446513897585e-08,1.0080767733631573
0.3151429699024853,0.0060206483741043,0.0012975645652228,2.9856088482083657e-07,1.0080959445520996
0.3137256478608582,0.0069405076481629,0.001451491120426,1.0153840240935858e-06,1.0081128556805696
0.3124117103781459,0.0089752391229493,0.001767278265401,-1.042930212213985e-06,1.0081281565837947
0.3115271890250375,0.0120701200672771,0.0021501645906265,-1.3853181673684964e-06,1.0081413711275748
0.3103923665510965,0.0206989044714386,0.0025549565020221,-1.4345363678962497e-06,1.00815489881899
0.3122611554952865,0.0220387511861186,0.0025316397469149,-1.1368441550168137e-07,1.008130873974651
0.311246417285196,0.0182470896948746,0.0025359767910735,-8.102136645751735e-07,1.008144681213747
0.3120947725509188,0.0160627174476038,0.0024554923167178,-5.326214629228627e-07,1.0081346500658508
0.3129701440177263,0.0259154430738518,0.0023343326850701,2.964233807825801e-07,1.0081225683003294
0.3136609137832912,0.0235980643816904,0.0024772609803575,-1.2470567094657398e-07,1.00811529982826
0.3144385567569295,0.0277369913824187,0.0021755765738745,2.704895911024332e-08,1.0081046337042048
0.3248836726207767,0.0007158267529799372,0.00017922996459612575,-3.731101749370228e-08,1.0079713627685452
0.3235832822384132,0.0012346504811285,0.00030495804401871806,4.4807660900705273e-08,1.0079877134822792
0.3232150659598045,0.0019277959952255,0.00046763512109499367,2.212975821498473e-07,1.0079926879658372
0.3250210701964161,0.0012423024767163,0.0003068796124055081,-8.251289964138156e-08,1.0079696244136993
0.3262789983573831,0.0007165348996716616,0.00017946347190923842,1.656075148413525e-10,1.007953072388704
0.3195613491693679,0.0380681973092548,0.0004699144161479256,3.2331620719538257e-07,1.0080392758913488
0.3188770804101056,0.037155465801212,0.000674632539448077,1.7659043990456718e-07,1.0080474078474653
0.3219526288512022,0.0387538033188565,0.00030883280858236484,1.3546813478064977e-07,1.008009042683366
0.3220936342645236,0.0392940310719222,0.0001774282744163364,4.896346968469441e-08,1.008007265263868
0.3209712456482712,0.0380446039312917,0.00047559652494325207,2.894477555218488e-08,1.0080216329315022
0.315944001676584,0.0316160585644092,0.0016909811198971,1.2105427263812185e-06,1.008090056642947
0.3161221254612998,0.0292259851626594,0.0020067362641394,-3.2200125533610484e-07,1.0080822306503026
0.316594797345585,0.0339730015234996,0.0013074623083673,1.470827044884076e-06,1.0080760560579778
0.3175566648827385,0.0353801070339668,0.0010410885605786,1.9026126742743864e-06,1.008066329144311
0.3189206018243382,0.0358168192822784,0.0009565861557343738,5.659571899134434e-07,1.0080461412535493
0.3129524813690963,0.0138644613210542,0.002312462250016,-1.1326425890910376e-06,1.008123691543544
0.3224473871045653,0.0031654767218579,0.0007425735958767325,8.719744334484196e-08,1.0080026077632152
0.3209134042974169,0.0041342871164914,0.0009424689851746426,3.876797772774938e-07,1.0080229454288114
0.3194438955742493,0.0048184197559911,0.0010760980002763,2.413416313281902e-07,1.0080415245515792
0.3178920393446581,0.0059852225052115,0.0012899606179588,3.6989313692279653e-07,1.008060198381499
0.3165183635417439,0.0068919834522151,0.0014429968834498,7.606618041694777e-07,1.008077075424009
0.3150522156088176,0.0087673236836404,0.0017397779785885,-5.978538651542282e-07,1.008096724704213
0.313943337460758,0.011584138044483,0.0020963734745721,-1.802057829233123e-06,1.0081085696507894
0.3127965020101647,0.0198201607097901,0.0025560258894059,-9.559713813840535e-07,1.0081240656099169
0.3142646920871148,0.0212977377543557,0.0025469723587309,-2.1430055743651807e-08,1.0081050223594643
0.3136278164115816,0.0176421090504144,0.0025194079726603,-1.6105145416156205e-08,1.0081153759160506
0.3142417535055549,0.0156350975854528,0.0024314962660371,-6.197177396566117e-07,1.0081084991645783
0.3151478868110311,0.025255562212666,0.002381480249846,4.4951194541130524e-08,1.0080955079883356
0.3156628831157688,0.022956924043969,0.0025035429776889,4.900682460021969e-07,1.0080889339814123
0.3166915263075113,0.0269579954628228,0.0022489903060258,1.7584618997243982e-07,1.0080775777860167
0.323370879037167,0.0387758614064837,0.000303711785069256,-1.173341186083261e-07,1.0079908896387828
0.3234890117839879,0.0393005905613473,0.0001758275783507494,-4.579766636529928e-08,1.0079891541395996
0.3246251271728324,0.0019251295957702,0.00046702006758205487,-2.374807841219514e-07,1.007974582261683
0.3238803892014249,0.0028016014842872,0.0006632768918050484,4.2871284488117134e-08,1.0079845339067608
0.3276743783527797,0.0007174241624479571,0.00017974159314287832,-2.7623227855662262e-08,1.0079352966765522
0.3263719140118766,0.0012280523877915,0.00030350208991100305,-6.225455581383845e-09,1.0079518113354384
0.3259997901896814,0.0019138222357241,0.0004645151422722361,8.566438368345867e-08,1.0079568084292856
0.3203169169672729,0.0367512460242932,0.0007634949733491008,5.170774644963276e-07,1.0080303580397658
0.3224241671622872,0.0380042901932379,0.0004851619205583785,2.6605005665477385e-07,1.008003236818715
0.321697589203005,0.0371687991765638,0.0006727317659385914,5.659581000702241e-07,1.0080123658724711
0.3178848697253172,0.0311259088710895,0.0017619164889175,-1.7433203832017349e-07,1.0080601502498785
0.3181541753326078,0.0286352889753334,0.0020769808207983,1.1292690450223225e-06,1.0080555620488385
0.3188333465236491,0.0335677534779667,0.0013779251787674,1.0893388459701169e-06,1.008050809040273
0.3204628990964382,0.0349563188126118,0.0011243128710065,6.288734776850789e-07,1.0080280889066813
0.3152433264937835,0.0134688379825861,0.0022790249405156,-8.624728227912963e-07,1.0080921767679791
0.3237092876932773,0.0041301925713635,0.0009416217525586696,4.3915483493029786e-08,1.0079870097148695
0.3222250791982372,0.0048290123193261,0.0010782136266516,2.484157313554204e-07,1.0080056358404714
0.3205949214623845,0.0060333556881971,0.0012982578445395,8.151189804712015e-09,1.0080253041575136
0.3192280056422497,0.0069200426963021,0.0014482368027305,8.976077836522666e-08,1.0080426525357575
0.3177893349230615,0.0086321146192033,0.0017221202519189,-9.040971059679012e-07,1.0080630171284672
0.3164497118641852,0.0114487629335689,0.0020815362571805,-1.4891186030908526e-06,1.0080782917450617
0.3151949179422031,0.0191871818080833,0.002552025152691,-4.2274498521536603e-07,1.0080928545602594
0.3162084342821291,0.0209035980736443,0.002551128793522,-3.986802368984153e-07,1.008081263852646
0.315981974397655,0.0173172853452296,0.0025067168792574,-1.65136308658004e-06,1.0080827725712138
0.3162114498586613,0.0152637876342316,0.0024076604126466,-6.279956183818975e-07,1.00807911091275
0.3172304827540643,0.0223171067008891,0.0025234032650985,-1.7460266833439689e-06,1.0080679019865857
0.3174632968555784,0.0243676437727709,0.0024372854937343,-4.4197626937321654e-07,1.0080650107403544
0.3198877000051278,0.0279904756921186,0.0021461671771215,1.1739840039483669e-06,1.0080339294375709
0.318823109842441,0.0265260665514737,0.0022848055663508,1.591009502604401e-07,1.0080478500358507
0.317924587624701,0.0211720115407762,0.002547614895625,-2.1801711567810714e-06,1.0080611561759685
0.3278082278779482,0.0012457197217948,0.00030785184918860625,-4.2451469249042657e-08,1.0079335656259898
0.3290698190505903,0.0007176790061426644,0.00017971311399536194,9.122956104974484e-08,1.007916751898862
0.3247777044646507,0.0387899866946669,0.0003000964548351502,-6.945648227019248e-08,1.007973337697104
0.3248841989834051,0.0393062571037302,0.0001742893150274576,-2.5072708001383567e-08,1.007971927843524
0.3236562878565243,0.0381510017776738,0.0004514410028285122,-2.243187566728336e-07,1.0079870417331842
0.3261258576282691,0.0387975959813398,0.0002981232901390491,-1.233798235248031e-07,1.0079561787116698
0.3262792817873641,0.0393095053247462,0.00017334471734813532,-5.269824144466781e-08,1.0079542500695744
0.3252462742958282,0.0031475590046328,0.0007389460212388388,-1.2757988061503946e-07,1.007966593676966
0.3274064442254887,0.0019255554057946,0.0004673122033028116,-2.3162148734261278e-07,1.007938711773095
0.3266484823196545,0.0028294542966753,0.0006695811902021671,-8.136015099909227e-08,1.0079489302930638
0.321857895089652,0.0357786500391708,0.0009639571399939752,4.6221448877980445e-07,1.0080104865049762
0.3230993182394469,0.0369328925667066,0.0007252201645915915,-8.560439212820821e-08,1.007994274015328
0.3198224786496456,0.0304322252268756,0.00185861376917,1.394108207121087e-06,1.008032580274696
0.3207955756758584,0.0328752828298259,0.0014888601733805,-2.0687565957334206e-06,1.0080223433749371
0.3221926283720274,0.0338001208932098,0.001334321744966,-3.567768877189036e-07,1.0080059138145985
0.3176448573957366,0.0137842937355616,0.0023058780678731,-1.3988150356385704e-06,1.008063121312445
0.3250028040084984,0.0048460668473668,0.0010819570825669,-7.413219076563024e-08,1.0079702308523608
0.3234537923511099,0.0059914390507103,0.0012916638076994,-3.34131538758527e-07,1.0079897775612725
0.3219327764714867,0.0069239026041335,0.0014493278732562,-4.478191762262421e-07,1.0080079418176284
0.3204822313854433,0.0085959069076747,0.0017179875219386,-7.139762907621776e-07,1.0080283014014972
0.3190102446101747,0.0115027858217584,0.0020882612652199,-1.2289444011466585e-06,1.008045910976813
0.3216174642698028,0.0284983526331771,0.0020929210662328,-1.247531566658342e-06,1.008012354713587
0.3176754498509154,0.0191245180124329,0.0025529388324095,-6.292334581575951e-07,1.00806358880658
0.3184478760889384,0.0163116834474602,0.0024684836252486,-1.0720525673167688e-06,1.008051938273334
0.3209349455927228,0.0263991461829324,0.0022941539038652,-5.947369072458519e-07,1.0080245304675712
0.3226440027187522,0.0268806735310339,0.0022522036350805,-7.549097555302257e-07,1.00800048141974
0.3188839363364934,0.0225760006543766,0.0025151397300663,-6.161061155331025e-07,1.008046087122654
0.319988437879645,0.0244708288750306,0.002429918657874,5.113657486726544e-07,1.0080351268279235
0.3197185105087024,0.0205167982266889,0.0025557045317661,-2.461720422535205e-07,1.0080376291992597
0.3304652737984744,0.0007166941493856766,0.0001792236103020466,4.785765431358195e-08,1.0078994715597316
0.3291617102044423,0.0012343412036245,0.000304945916726808,2.070411071794947e-07,1.0079155701508606
0.3287902389046344,0.0019232200270883,0.0004667753210280236,3.650100183275363e-07,1.007920591763699
0.3306014898697213,0.001248907176924,0.0003081505871293827,1.0995120917631557e-07,1.007897812401019
0.3318606859942172,0.0007147644350605409,0.00017860590034580586,1.9857007794890535e-08,1.007881888966185
0.3274774867491184,0.0388277496975551,0.00029076574840388765,1.12077400022253e-07,1.0079396659888824
0.3276743738803531,0.039309790286125,0.00017329314881488948,6.893194064840677e-08,1.0079373525707966
0.3250279640777622,0.0381768619004648,0.00044505378314969873,-7.382864903286095e-08,1.007969582027614
0.3244437730656051,0.0373272849911277,0.0006379017586567943,-3.6173614221629435e-07,1.0079770765848772
0.3265169001338758,0.038207371429756,0.0004376875229451553,-2.802183024573214e-07,1.0079519848594714
0.3264526787837645,0.0041357421643979,0.0009430964543760644,-2.314958359789649e-07,1.0079518173494195
0.3280128097552291,0.0031714365708158,0.0007443147759554487,5.1626515692097344e-08,1.0079308782496506
0.3233780186597215,0.0350625227616395,0.0011035592723128,-2.727313854179461e-07,1.0079897970590723
0.3246289247529371,0.0359603058877683,0.0009277279643599276,-7.888666483396549e-07,1.0079729893958322
0.322518847597319,0.0311705784723265,0.0017564799058231,1.0484328109296477e-06,1.0080033556021082
0.3236310816524153,0.0330673508219647,0.001457267586818,1.2264700526699546e-06,1.0079869367813503
0.3201354614071931,0.0138922127074999,0.0023138556658551,-9.869336690810218e-07,1.0080313659639684
0.3261672529572372,0.0060347844605636,0.0012996898649576,-5.631339906598641e-07,1.007954767040512
0.3246710262559625,0.0069173062754505,0.0014483635447333,-5.883373687424413e-07,1.0079725717024692
0.3231779454107287,0.0086267169050767,0.0017226302471042,-3.7010231465050165e-07,1.0079939322209164
0.3216423911780166,0.0115324300190515,0.0020918776136392,-7.966725434875467e-07,1.0080122034637713
0.323718926463679,0.0284310912572966,0.0021007244491879,-2.1180862905439565e-07,1.0079866424033987
0.3202518481260373,0.0184631711479636,0.0025391767610598,-1.750639263921978e-06,1.0080294516830588
0.3213740030003828,0.0161551720408016,0.0024597586569288,-1.2727371697086502e-06,1.0080180064588748
0.3244069502218438,0.0262347318794639,0.0023079112367472,6.663415689484477e-07,1.007977045969777
0.3225012456708624,0.0247012359564713,0.0024175621737799,-4.2177582021538427e-07,1.008003032456697
0.3211337714766456,0.0224608383063757,0.0025188455122353,-5.887559744084019e-07,1.0080198198598207
0.3219401500608406,0.0202952695461097,0.0025560845379284,-8.56243145938962e-07,1.0080083827479156
0.3332560424498255,0.0007126411306809708,0.00017821186447988,-7.984421809408092e-08,1.0078651601718664
0.3319556658324796,0.0012406021608287,0.0003059663059818527,3.1034679809825814e-08,1.0078806998694425
0.3302278742755548,0.0018782713063537,0.0004561322700698287,2.307118642197298e-07,1.007902038837502
0.3294663085333021,0.0027962678955288,0.0006622797254768659,5.296808645132943e-07,1.007911662589356
0.3315998392881814,0.0019388572054043,0.00046976208036016864,1.7774243318697145e-07,1.00788538593725
0.3288867360535916,0.0388096919821651,0.0002954244763911912,2.4037340340096e-07,1.0079220756166478
0.3290695899231422,0.0393077531911159,0.00017412664271068793,9.934734754739049e-08,1.007919592698869
0.3277502956446456,0.0382626525353227,0.0004249351285883899,3.444229270491128e-07,1.0079362752608547
0.3258649629786712,0.0369962624673623,0.0007108968951153396,-6.285735402839678e-07,1.0079594759006252
0.3271294975653699,0.0374749296538142,0.0006044898760618342,1.347054945866518e-07,1.0079444896001917
0.3303052888010093,0.0387974990743617,0.0002986768689593757,-2.9535155054865245e-08,1.0079027371364928
0.3304649708969582,0.0393054702264775,0.0001748061246770975,-3.3446597298442175e-08,1.00790080975707
0.3277304922538639,0.0048435426849342,0.0010812153689401,7.404874548317924e-08,1.0079339578671151
0.3293731982738317,0.0040611231751977,0.0009276035581326222,8.48942968789685e-07,1.0079135527192846
0.3273256499658417,0.0068655851771567,0.0014405556887549,-8.426964342215818e-07,1.0079377559917648
0.3250813199434194,0.0338299785694689,0.0013310436808935,-9.006552033160941e-07,1.0079669516951528
0.3262017690645069,0.035194065512846,0.0010798067617965,-7.130640982996022e-07,1.0079540687518256
0.3250292301194086,0.0310676241042197,0.0017700477674293,-4.288174367590705e-07,1.0079709327981154
0.3228447472082703,0.0138256284628153,0.0023085554463551,-1.2160087959140634e-06,1.00799824807822
0.3258208664754919,0.0086004636140757,0.0017184610568296,-8.353245825155382e-07,1.0079618319416843
0.3243500012934315,0.0115127955303886,0.0020904973620051,-5.174748620269612e-07,1.0079783980982608
0.3257776663657105,0.0281791830336789,0.0021288181627433,1.25748943925425e-06,1.0079604138326592
0.3229128740310716,0.0182203058430641,0.0025339483050508,-1.193770656559952e-06,1.0079968750997477
0.3241077226580034,0.0160497238303426,0.0024542246235736,-1.2130802301164712e-06,1.007982547999169
0.3263896003899121,0.025904153799383,0.002333214253059,4.356334025344358e-07,1.0079517402841078
0.3249517545515999,0.0241388873510097,0.0024477515936437,-7.134598357152737e-07,1.0079714220170493
0.3234488573394448,0.0223232370841479,0.0025229032956423,-2.1236767277643089e-07,1.0079899040068605
0.3243683838098307,0.0202034365722603,0.0025554372877547,-5.937676541625965e-07,1.0079788403019248
0.3334001250876326,0.0012373875348289,0.0003054452499817862,-1.8533048291337766e-07,1.007863416197002
0.3346513470652746,0.0007106065809814933,0.0001778532889703376,-1.9914817981490085e-08,1.0078470668065207
0.3329823089875108,0.0019484510335705,0.0004722737596079799,-3.2919201301286224e-07,1.0078685165107408
0.3308577972953554,0.0031230643930211,0.0007343061415696654,5.605488872898041e-07,1.0078946595823834
0.3322528900568449,0.0028568191121527,0.0006755638198645271,-1.1860956771808803e-07,1.0078786498229195
0.3290932301856925,0.038194735390604,0.0004409298162225344,3.8236906614693925e-07,1.0079190460349905
0.3283508159614845,0.0371689793231089,0.0006722586672714476,5.31333697640734e-07,1.0079276869406046
0.3273408997122748,0.0361682778176523,0.0008849638308799304,5.90122613256859e-08,1.0079403018408606
0.3317053326699733,0.0387719926981849,0.0003047552659090873,3.845554092915984e-08,1.007884841594266
0.3318604371205719,0.0393046514555532,0.0001749447915184799,6.456313463888291e-09,1.007883130729904
0.3305894821144084,0.0381412112899272,0.0004537647658175742,-7.334154143143779e-08,1.007899222689289
0.3330980441798856,0.0387791280396015,0.0003031293321098644,9.043508635920209e-08,1.0078669819319437
0.3332558787105125,0.0393052491682151,0.00017489453442919538,4.3234437427144725e-08,1.0078649773116788
0.3288849825101156,0.0060675507272063,0.0013058919690001,6.360629196098488e-07,1.0079166689810537
0.3305484009163132,0.0051347435052896,0.0011371928826092,5.001381673055447e-07,1.007898220085926
0.3281421301969235,0.0084611371057165,0.0016969229833297,-5.05306806527198e-07,1.007931884022039
0.3266554632105512,0.0328597073530773,0.0014959845899898,1.276425828595026e-06,1.007950249888817
0.3279079395316804,0.0343159479058224,0.0012460046858495,1.1773403057528333e-06,1.0079351975335502
0.3272415377721391,0.0298380527369873,0.0019348301534879,-2.90080563624968e-07,1.0079432834265525
0.325458872745545,0.0138117272506988,0.0023078953822758,-1.294421834963283e-06,1.007964949967992
0.3271792866064684,0.0115493082976882,0.0020972090693379,-1.5740050952017984e-06,1.007944505614642
0.3277064021903833,0.0275845329452219,0.002187803505662,5.663564890916616e-07,1.0079379943941336
0.3254351243084477,0.0181551155669175,0.0025323194620303,-1.3466514302875511e-06,1.0079647752094816
0.3266206892934087,0.0161304731583352,0.0024582764167913,-1.5374009307129788e-06,1.0079496822690508
0.3283688964879738,0.0254266100499893,0.0023673662135149,4.396382414099742e-07,1.0079297181221465
0.3271259326770442,0.0238605983653811,0.0024618143477299,-1.552800515758818e-07,1.0079430099206803
0.3257716084293151,0.0220930017532821,0.0025287408328434,-4.3727046430564166e-07,1.0079614482460435
0.3267015342441286,0.0201325967224783,0.0025542297026869,-9.774549802717893e-07,1.007950779126986
0.3360465743481556,0.0007089370384997181,0.00017770669899476094,-1.1487641999031046e-07,1.0078297883860832
0.3347532497635162,0.0012379392485155,0.000305685468218063,-6.160632870702454e-08,1.0078456888050182
0.3343151869305324,0.0019959617023338,0.0004831103896275275,-9.357195362993487e-08,1.007851248150932
0.3361894288257287,0.0012246728265736,0.0003030173040989283,-2.8541552636569975e-07,1.0078278642791394
0.3374417901216554,0.0007093660555408234,0.00017799925951080006,1.0184181965061528e-08,1.0078114083329863
0.3336279476750629,0.0032098518354686,0.0007524075313309795,-1.3689124284871344e-07,1.0078597199749393
0.332097914254552,0.0042204143832531,0.0009604512692924592,-5.541516169797626e-07,1.0078797227580196
0.3345227855961969,0.0387719768211324,0.0003050321001577556,7.981257408002417e-08,1.0078486884798643
0.3346512865421536,0.0393060608015412,0.00017482885088553803,3.6554284391895214e-08,1.007846780380453
0.3359282927977707,0.0388016820091863,0.00029786296425795845,-2.3202946114488083e-07,1.0078300394890836
0.3360467535148126,0.0393068869261121,0.00017452598228463997,-8.733527891626187e-08,1.0078280561341075
0.3298817260484831,0.037017090219108,0.0007061266515793434,8.016972468219791e-07,1.007909805954519
0.3290230150314727,0.0357841355299281,0.0009642087572137304,1.4654610889754883e-06,1.0079200986006034
0.3321187216095174,0.0379921171282679,0.0004882094454753232,1.1500750593588289e-07,1.0078790657801031
0.3312406681202956,0.0371554041772921,0.000675937661356497,-3.387518818842815e-07,1.007889790026051
0.3336081012035403,0.0379348882653399,0.0005015523037628857,1.0326696604268153e-07,1.0078613071630114
0.3301196303617441,0.0074142869632275,0.0015350902328286,-8.213573191205601e-07,1.0079065127444486
0.3318499155157913,0.0063162261111146,0.0013539310764419,-1.958325508039655e-06,1.0078885538890487
0.3295223652618792,0.0102696278549444,0.001942955367748,-2.0662929921193177e-06,1.0079106832156668
0.3285534145599993,0.0316343185867634,0.0016843288200474,-8.263223891710267e-07,1.0079222796250773
0.3296709469523669,0.0336905364881954,0.0013548184245167,-3.9906259363054754e-07,1.0079104246521435
0.3290754323848979,0.0291651860309399,0.0020180137067003,2.6028229819890813e-07,1.0079177593619617
0.327812663557194,0.0141352802830274,0.0023336246859351,-1.937930924086341e-06,1.0079348575469187
0.329168497919415,0.0124731857384686,0.0021888570054152,-5.632439982053528e-07,1.007917280676397
0.3295052333649547,0.0270121706785193,0.0022400763240843,-5.1403855077129766e-08,1.0079115866824455
0.3299360956084547,0.0252760708338525,0.0023760372707108,-1.187844150347413e-07,1.007906327308879
0.3278995381835301,0.018194271226139,0.0025330724006877,-1.0219638611413626e-06,1.0079332771353773
0.3289989393109549,0.0163396311631817,0.0024680140435749,-1.5704447624594144e-06,1.007921535604812
0.3292176470627344,0.0236680880547746,0.0024700653686718,7.125338581000729e-07,1.0079165757743729
0.3280611479628926,0.0219394210344184,0.002532095505878,-1.1996867759733632e-06,1.007930491370869
0.3286526430569268,0.0200591019005093,0.0025512064124577,-6.721098943395613e-07,1.0079225229359323
0.3358014445963884,0.0018968605752137,0.00046097450704982856,-6.230497745834177e-07,1.0078331562688296
0.3350601824947096,0.0028273997252309,0.0006692851113994054,-7.179553421782762e-07,1.0078428513297295
0.3375415254451667,0.0012105902016168,0.0002997440195707651,2.5059335681402573e-08,1.007809795430575
0.3388372715184895,0.0007121450233259766,0.00017858755279144404,5.7660066106493895e-08,1.007793083353412
0.33710323873869,0.0019754066990528,0.0004793489484130991,5.71123368254689e-08,1.0078154470579246
0.3389840993579924,0.0012264567554646,0.00030344875902652083,1.2997499075687946e-07,1.0077912300781884
0.3402332129998344,0.0007119922829690796,0.0001783096975880158,7.990668417096172e-08,1.0077750615490115
0.3350426695249498,0.0040560720027016,0.0009287099992035152,-9.655304378541994e-07,1.0078452089297885
0.3334883847848288,0.0048068893072862,0.001076613744121,-4.210380536305853e-07,1.0078608817236558
0.3331602062287701,0.0070354917764538,0.0014708296771608,-1.973309202217877e-07,1.007862704182758
0.3349669648267402,0.0380277436922476,0.0004804418093679289,9.07995716267262e-08,1.007842990611149
0.3373052657852553,0.038809708056984,0.0002955054278464859,-1.198455173973413e-07,1.0078122561200191
0.3374423416724043,0.0393091930980841,0.00017371202560532233,-4.050404488316893e-08,1.0078104265254813
0.3361557946556814,0.0381996460150705,0.00044023063306759466,-4.960989254790519e-07,1.0078265604902426
0.3309931448775453,0.035658075603788,0.0009893731127784404,8.6735733077032e-08,1.0078936518557
0.3327821731545778,0.036631668132558,0.0007901113909076868,1.850257854743768e-07,1.0078720416940568
0.3342080566383461,0.0371818920576446,0.0006704653178580375,6.1944530078034e-07,1.007853612780528
0.3316849565485395,0.0092855307311773,0.001814916553028,-1.389271136314137e-06,1.0078825260133624
0.3310100979640347,0.0118764936941663,0.0021304630830324,-6.326949644193626e-07,1.007892363469496
0.3304848902176586,0.0309201189817348,0.0017898140615986,-3.762554308278587e-07,1.0078986528382978
0.3315131907434014,0.0332858044897608,0.0014227027767948,-4.241283500357145e-07,1.0078868224598323
0.3310475889161368,0.0285488104924462,0.0020881215635081,-1.5760037766880552e-06,1.0078913084626675
0.3304245903182347,0.0141970298026166,0.0023391652632814,-3.537533140411999e-07,1.007903764643763
0.3313696910213605,0.0263501742512127,0.0022970850421608,-9.079906271557884e-07,1.0078868726521082
0.3310310958572979,0.0163346454379551,0.0024658701439875,4.050900726054269e-07,1.0078943096319684
0.3313069912858231,0.0240897082498896,0.0024506247221851,-8.749023866447261e-07,1.0078886838050138
0.3303684845785518,0.0185589971311986,0.0025419877124104,-7.949145519415456e-10,1.0079012282847666
0.3305283609918392,0.021411756096247,0.0025448914469119,-9.960972740393332e-07,1.0078986225794102
0.3364466051822231,0.0031644885705089,0.0007435468246019364,-7.679129474493692e-07,1.0078246794136445
0.338461397391796,0.0020209895152851,0.0004896393057358299,2.4065067123578562e-09,1.007797577190253
0.3378205164301395,0.002904115885618,0.0006867552769440172,3.829488267515626e-07,1.0078058282438354
0.3403392949874504,0.0012275248257126,0.0003034276100119665,1.6466520692127918e-07,1.007773753333437
0.3416294345710119,0.0007037125727525487,0.00017619204672872986,-5.3884512243809764e-08,1.0077580453081052
0.339909436580707,0.0019856735572953,0.0004815191523826708,4.467654876801755e-07,1.0077795860688907
0.33633519249554,0.00462965152384,0.0010403140129904,-7.405147637280137e-07,1.007825943825167
0.3351023956124058,0.0061297413698958,0.0013198791821587,-2.557942255325222e-07,1.0078398834170017
0.3339119436621045,0.0088976362751632,0.001761980801462,-1.17012684300147e-06,1.0078575827099303
0.3386805201320619,0.038803382658432,0.00029675236589984266,-1.2844906768891174e-07,1.0077941699540909
0.3388380494121373,0.0393140851510889,0.00017233990582532564,-4.41145908212056e-08,1.0077922370395824
0.3356292249785148,0.037050997983637,0.000699279571452781,-1.0494501465113865e-06,1.0078328639453338
0.337633011733795,0.0382032389235815,0.0004388810368486989,-1.7032946519823004e-07,1.0078079859673552
0.3369267799154999,0.0374312050262972,0.0006143597277892545,-5.318389509404889e-07,1.0078171283750337
0.3329911888101811,0.0346667276015665,0.0011774955825718,-7.738322515504986e-07,1.0078678328363126
0.3344435183039465,0.0357628338511437,0.0009676445087230844,-1.2090492400019844e-07,1.007850560371554
0.3331053330867343,0.0113313775838877,0.002068818595821,-2.078113526792786e-06,1.0078680128531463
0.3323007660060301,0.0131288236311203,0.0022492171511754,-6.4224234183307e-07,1.0078766929381988
0.3324075869349237,0.0306414583973424,0.0018289107836163,-4.053197025221161e-07,1.0078735098702507
0.3333972584658943,0.0325397407732603,0.001541389174586,8.424611072995763e-07,1.007863087057351
0.3332412592453085,0.0279722141754208,0.0021521466503476,-7.868746597620143e-07,1.007865976289077
0.3326536601975916,0.0150929487302994,0.0023977784900569,1.3961972955288794e-06,1.007873381416687
0.3331883305931275,0.0252296622962937,0.0023833347273121,-3.974904718545475e-07,1.0078680178296169
0.3327098049795975,0.0174847763912533,0.0025141040175439,-1.1852951558403588e-06,1.0078739089248645
0.3331502192156568,0.0227205801785509,0.0025089508393264,-6.035613826986246e-08,1.0078688678412917
0.3327745092275053,0.0200561695533245,0.0025547291589481,-1.3030939890646233e-06,1.0078719473830091
0.3418621951754277,0.0012447370412377,0.0003074393486427783,-1.1805053113745973e-07,1.0077550325438451
0.3430256650499234,0.0006871161221318222,0.00017222445659056758,-7.55233162667133e-09,1.0077401212251496
0.3376812924192533,0.0042238952245032,0.0009619219993987444,3.761870527301954e-07,1.0078059723233144
0.3392385086112299,0.0032646576001204,0.0007652048510255167,1.920139934313887e-07,1.0077884426295225
0.3413389382299514,0.0019830498321529,0.000480601817044143,3.0227436092620674e-08,1.0077614180784844
0.3406847671811948,0.0028322166556059,0.0006708905162418493,5.354091249850737e-07,1.0077691846933896
0.3371753657334683,0.0063024706063069,0.0013498517446084,-6.659607515045868e-07,1.0078161332659343
0.3359549091763869,0.0087164063346,0.0017367020556311,-2.6687540348141466e-06,1.0078330161453977
0.3348752679148029,0.0109149849325278,0.0020203021218375,1.4454588787304876e-07,1.0078424553899694
0.3400969912431132,0.0387980347536157,0.0002979813492095346,1.710858675094527e-07,1.0077761895639277
0.3402338992532821,0.0393222694840617,0.0001703342419226465,5.8258720303956876e-08,1.007774373339945
0.3389708882881529,0.038180411699965,0.0004437791483986047,-2.565037173899044e-07,1.0077903814233125
0.34141181425667,0.0388931213192392,0.00027534314538809034,-1.1386009291216817e-07,1.0077586007788926
0.3416298481746585,0.0393360623407076,0.0001670188104333111,-4.766903734590188e-08,1.0077557067309484
0.3370904994463814,0.0362190376376999,0.0008740837892168685,-1.012476320180343e-06,1.007814578682997
0.3359119806946289,0.0354843780514643,0.0010211608939431,-2.346790402118965e-06,1.0078274400005889
0.3383378054108262,0.0371208914902796,0.0006825002184042893,-6.698793911020485e-07,1.0077984115703076
0.3383096814284275,0.0357661323075297,0.0009653523999226226,-6.898575308523397e-07,1.0077973174981134
0.3351518697146227,0.0335173540539674,0.0013851076086226,-8.93531841541802e-07,1.007837797521481
0.3346319685807685,0.013333071466886,0.0022669598371615,3.633898328801452e-07,1.0078452325827425
0.3349056459875027,0.0303156999559854,0.0018722875997495,-6.388755087281031e-07,1.0078443059693625
0.335319706437026,0.0281123985968972,0.0021354778976988,5.406076228222028e-07,1.0078413127412014
0.3349958134000385,0.0263056019369294,0.0023014499084001,2.1822228757217665e-07,1.0078419123624052
0.3348242979674403,0.0160795673418271,0.0024571598158013,-1.17877377909096e-06,1.0078453456373455
0.3350788487551123,0.0239411545861536,0.002457096253594,-9.128493756634002e-07,1.0078430279507256
0.334908267014925,0.0187201120619257,0.0025448258969765,-1.2882844956319723e-06,1.0078433131129207
0.3350183195216823,0.0213655139525901,0.0025429266390894,-8.47380496677767e-07,1.0078413666595325
0.3433482238143062,0.0012634843462966,0.00031200477113344486,7.558850349335283e-08,1.0077361723369058
0.3444215969845192,0.0006611729269302543,0.0001656664112214038,1.164881243594954e-07,1.0077222053952466
0.342750993883518,0.0021558489618491,0.0005201993808034616,-2.735159237746794e-07,1.0077438035982649
0.3390715660629185,0.005077987160625,0.0011281244891786,-5.816282534685944e-07,1.00779005045876
0.3407680444316053,0.004133007133782,0.0009435659554283686,1.2643426903570985e-06,1.0077674223908029
0.3420271163600186,0.0031306317280327,0.0007363717056242163,-5.50966027410221e-07,1.0077531206960924
0.33765730943514,0.0085640066062223,0.0017143379226077,6.707181912699715e-07,1.0078067234432757
0.3387540769999217,0.0071293077017655,0.0014864421864354,-2.160106772633685e-06,1.0077967014776448
0.3370071727004,0.0114895982174841,0.0020850872830062,-3.568481082255507e-07,1.0078148890135483
0.3428413579960376,0.0388877479257306,0.0002762202246123051,-1.337887964832263e-07,1.0077409961415495
0.3430256527371832,0.039356961975515,0.00016158068379026552,-4.511234450002288e-08,1.0077384783514955
0.340375532583898,0.0381436936719325,0.0004525024654021989,3.442968024204706e-07,1.0077727890152468
0.3396996819418503,0.0373412011726381,0.0006339043049841305,3.550093454732735e-07,1.007781778485225
0.3416445895764453,0.0382589207067,0.0004259746517470252,-2.8621391087388724e-07,1.0077558598786076
0.3373224035498684,0.034243889230595,0.0012587940325099,-4.632656599594829e-07,1.0078152505182223
0.339731368318945,0.0360816001162805,0.0009025850353037216,9.786378934897927e-07,1.0077821552730164
0.3389967997072231,0.034651051717949,0.0011828269821924,-2.777272836094221e-07,1.0077930734146086
0.3370910921903363,0.0316082089137569,0.0016858709368817,4.991416820077888e-07,1.0078148999525218
0.3370022098442116,0.0145256775878905,0.0023639364002869,-1.7180915706356894e-06,1.0078167908235385
0.3369957107712426,0.0290331732146519,0.0020321173122947,-4.068587798494471e-07,1.0078194499345614
0.3365434077999582,0.0272239272825382,0.0022231558337395,-2.310919056168297e-07,1.007822569660697
0.3370106220792643,0.0253026236777748,0.0023744071806835,-9.856820913308128e-07,1.0078157591107126
0.3370412584210401,0.0173224323645937,0.0025101167086825,-1.144030763190812e-06,1.0078167917428116
0.3371097878648108,0.0227227497552398,0.0025084143166393,-9.209861184661604e-07,1.0078154237831811
0.3370890622905297,0.02003350171288,0.0025549398874552,-8.37632073658723e-07,1.0078153301396728
0.3448664965849302,0.0011728660265636,0.0002899579669819595,2.7728555441149256e-07,1.007716812930021
0.3458168065888469,0.000629137520434407,0.00015745334357316194,4.552956676056992e-09,1.007705904961974
0.3443016773914947,0.0019956367119423,0.00048338100233281,5.595921485353385e-07,1.0077235398433502
0.3436235292996348,0.003337375470022,0.0007799694363768247,6.071041484611127e-07,1.0077311247307146
0.3405927767632115,0.0061299199565847,0.001322133894089,3.8677379202957337e-07,1.0077683155276185
0.3426598166169662,0.0052013340204136,0.0011545222299735,-9.68195976378705e-07,1.007746229574624
0.3398064291605354,0.0092099652485187,0.0018057737876138,-1.8734946582813624e-06,1.0077830288162113
0.339311382176803,0.0130402919810796,0.0022470445592168,-2.6044846402515933e-07,1.0077892029330566
0.3442170184324024,0.0389024226209681,0.0002724636531984165,-9.614942481553469e-08,1.0077231138201543
0.3444210142168106,0.0393825613842173,0.00015512777165097204,-4.2428717502161334e-08,1.0077206664218776
0.3430544758748202,0.0383195222975353,0.0004111014684485647,-2.3945604857846184e-07,1.0077376428520106
0.3410853790370515,0.0370623715816914,0.0006960889056217949,2.768989339914602e-07,1.0077634767302792
0.3423994803773272,0.0374968075938241,0.0005993865494046616,-8.788998948241487e-07,1.0077449956028453
0.3412371315888618,0.0357771928679599,0.000963577631926272,4.7381893611200803e-07,1.007762179576406
0.3390458643450594,0.0326554767405538,0.0015259674747977,-1.4183906875191175e-06,1.0077882982561075
0.3405082847179928,0.0342856666566666,0.0012502201571722,1.826978463069603e-06,1.0077740017993977
0.339138442940914,0.0298396750607635,0.0019315070363392,-9.522595606690264e-07,1.007787831150175
0.3391984833873848,0.0158902114792212,0.0024476360726545,-1.0460145331791414e-06,1.0077904677339706
0.3388146933046548,0.0272139748798439,0.0022269551801076,-5.132941887454917e-07,1.0077936416048414
0.3392268051015228,0.0242342696843671,0.0024419223489509,1.1372995255953273e-07,1.007788445224139
0.3392263667740682,0.0186871310870315,0.0025446098855631,-6.225625812351204e-07,1.007789643221878
0.3392505938134731,0.021459915641739,0.0025420103084344,-5.929592690495806e-07,1.0077887068246392
0.346115923126791,0.0010983709662278,0.0002719918575753127,-9.323067440467678e-08,1.0077026269904887
0.3472113030651014,0.0006023276325131492,0.00015107943418824328,-7.25219657288946e-08,1.0076898160294945
0.3457815904432569,0.0017459807823962,0.00042566381774376334,-3.6751795806599156e-08,1.007706891513358
0.3475877545691235,0.0010195299629338,0.0002532711944530032,-1.8786286760682005e-07,1.0076852343772429
0.3486054610028714,0.0005871620321571513,0.00014757591253001295,-8.093862849939856e-08,1.0076730820593036
0.345322406535816,0.0029365659353279,0.000694588600172067,-7.815196340541725e-08,1.0077126924989095
0.3448478737029957,0.0046059865300049,0.0010419734879967,-9.18867652358974e-07,1.0077201631180657
0.3421131248114767,0.0079084643952957,0.0016181975990746,-2.792023721017896e-06,1.007755834679063
0.3443633778701149,0.0069926156893723,0.0014722211508162,-2.6682552502557743e-06,1.0077291762737235
0.3416638807097346,0.0118042571158825,0.0021208915549095,-7.355591083391957e-07,1.0077571610746754
0.3456461871544919,0.0389444116176527,0.0002621190860078598,-8.611873404152009e-08,1.0077052471470962
0.345815790782181,0.0394070676704841,0.00014883508008016938,-4.5342335904737074e-08,1.0077031526724716
0.3470296665330866,0.0391114350342722,0.00022148331261193977,-1.3477083817749488e-08,1.00768898316262
0.3472102129655628,0.0394219032742802,0.00014517349463204223,1.4391420718167243e-08,1.0076867914442862
0.3414643084163259,0.0145127291804731,0.0023634939049854,-4.292066888971215e-07,1.0077629541793207
0.3445732721798211,0.0382878041328581,0.0004183321733606594,-1.6156007310941357e-07,1.007718727418074
0.3437312365404814,0.037239986852974,0.0006561623353050541,2.6904213272247668e-08,1.007728866511839
0.3425098688720331,0.0363371849425048,0.000850200426529498,-1.7870101801608616e-06,1.0077417599375684
0.342304342593198,0.0344510751215399,0.001219803259148,-1.72916790684677e-06,1.007745691988957
0.3411898199582973,0.031586287309348,0.0016909324785455,1.987807594567779e-07,1.0077599350959563
0.3413211833278837,0.0283498532134057,0.0021126675934341,1.1488199279651016e-06,1.0077642016329262
0.3414037335348219,0.0172857939508965,0.0025082017401599,-5.218515059727749e-07,1.0077627660785264
0.3413370635395257,0.025595718013769,0.00235613368963,-4.898172166797637e-07,1.0077629691761023
0.3414088012171064,0.022828956393328,0.0025045742644437,-3.0602560969449184e-07,1.007762314288014
0.3414045417908377,0.0200527734402355,0.0025554626112841,-4.414951031845597e-07,1.007762604515085
0.3472034291023744,0.0017315040406064,0.0004226088186982335,-4.797678998300036e-07,1.007689062399289
0.3466443681088457,0.0025027989932201,0.0005986925775488366,-6.280912797562267e-07,1.0076956741989125
0.3466498717477329,0.0036516433091586,0.0008484390730073762,-1.4421900447314032e-06,1.0076959823852087
0.3464591161905458,0.0055834064767214,0.0012313309417792,-2.807695729744515e-06,1.007702696307451
0.3439704731893488,0.0102888399078655,0.0019392177681606,-1.3049007821706006e-06,1.0077261855986712
0.3461358723723302,0.0087654586147814,0.0017372274858642,-2.1371796580083602e-07,1.00770205407517
0.3437135469095418,0.0132196056076522,0.0022612686795647,-8.557448414354168e-07,1.0077339893904051
0.3461651862634585,0.038327526291486,0.0004089077535316911,-2.969251314014337e-07,1.0076996627623795
0.3483270027223694,0.0389970870562141,0.00024962967277609386,2.3043075921461277e-07,1.0076737827215732
0.3486046960220155,0.0394251214336568,0.00014453876188819602,9.248276040588977e-08,1.0076704997360435
0.3471846428022482,0.038591805661177,0.0003464805503161532,1.9704765388993487e-07,1.007686759751654
0.3436058138190754,0.0159318809720376,0.0024496481208141,-2.943651770388781e-07,1.0077349608826012
0.3454631902423103,0.0372714716794973,0.000649218522654779,-4.6005636658122e-07,1.0077080056073664
0.3444247435692355,0.0355481877524683,0.0010115206873991,-3.158819512969291e-07,1.0077222774342365
0.3439877323680778,0.0330379814989053,0.0014656625009052,1.200004044254769e-06,1.0077292582525794
0.3435791073419729,0.0296235203413228,0.0019609690924158,1.304084787183678e-06,1.007734544962642
0.3435651947889099,0.0268135749854298,0.0022606421971295,-4.512459723312283e-07,1.0077354891608872
0.3435731454179776,0.0186622740273794,0.0025437542027932,-3.814253559692839e-07,1.0077350783060577
0.3435603677268504,0.0241096314169181,0.0024477051178262,-3.427953188842889e-07,1.007734898172249
0.3435646101326299,0.0213926401816953,0.0025428361899606,-2.9076410398493854e-07,1.0077349296079718
0.345903553938378,0.0119823850930626,0.0021386158122964,-1.9391718869340168e-06,1.007704664971791
0.3457843413073564,0.0146238869130676,0.0023703782618067,-3.72058635666994e-07,1.0077071373894957
0.3470918374400321,0.0376691638817143,0.0005608679306601888,4.439343479775348e-07,1.0076888110842337
0.3457375819097212,0.0173115624392405,0.0025089845642428,-2.993385536769643e-07,1.0077074503918626
0.3467019155488985,0.0362777009917161,0.0008630300118218326,8.48745579750469e-07,1.0076948259249254
0.3462749188196489,0.0342219131801406,0.0012641696622485,9.665532432531276e-07,1.007701739984226
0.3459601731141239,0.0310989883115084,0.0017628275780227,1.6771232066920898e-06,1.007702885053004
0.3457917050644359,0.0279997283772838,0.0021453271422338,-8.04160928775493e-08,1.007707006038104
0.345733311595954,0.0253748270011398,0.0023719172104186,-4.558363650480214e-07,1.0077073417654303
0.3457218099461985,0.020004664398468,0.0025549519592803,-2.5467451017862484e-07,1.0077074359577187
0.3457189804660659,0.02269838996798,0.0025087685756352,-1.964968958467836e-07,1.0077072420494737
0.3513979126195434,0.0005914793374285038,0.00014925080710532522,-5.147725063792662e-09,1.0076387802558404
0.3517566544832096,0.0010308764436544,0.0002575067403820751,-4.183942040506212e-09,1.0076343103791885
0.3527959457499182,0.0006039785486974254,0.00015245034922584642,-2.2665514493747e-08,1.007621394811308
0.3530323298803692,0.0010082039106139,0.0002519894073544137,-8.38165719411705e-08,1.0076183400399243
0.3541943205650431,0.0006185743467809731,0.00015625585256095434,-6.770458616771393e-08,1.0076042553771858
0.3543691161414461,0.0010740416742022,0.0002683184418370163,-1.5230548490861348e-07,1.0076019310378803
0.3555928629997833,0.0006331701448645206,0.00016004254981228782,2.8883093452690754e-09,1.0075859308241286
0.355745036504365,0.0011018680981293,0.0002751447453258611,1.3997894861145752e-08,1.0075839729427774
0.356991512942767,0.0006477069568723097,0.00016366537589841552,-3.006132238935219e-08,1.007567673056522
0.3527827117817271,0.0014775996251784,0.0003648582800812648,-5.547272711902701e-08,1.007621528753872
0.3513975710607849,0.0394065808511539,0.00014965370823833216,9.536855113037102e-09,1.0076361755851884
0.3526365665159663,0.0389620092712315,0.0002589645181810757,-6.494510330920688e-08,1.0076207242950035
0.3527956907133129,0.0393908403906089,0.00015355821973140157,-2.8018374684201514e-08,1.0076186951053596
0.3571666818916447,0.0011192138998385,0.00027940170048776244,-9.396011586818733e-08,1.0075654080358605
0.3583902258574767,0.0006604520465434483,0.00016709608187031927,-9.191395549368081e-08,1.0075496452275563
0.3539754286204841,0.0016485790391039,0.00040568171382834736,-3.821667075838759e-07,1.007606588183198
0.3554218199587417,0.0017312597578992,0.0004252490796126884,1.1311626460026608e-08,1.007588033469072
0.3569457210068136,0.0016811583018073,0.0004134396300327437,-1.2057442766529458e-07,1.0075685251696151
0.3529655713732039,0.0023290104161204,0.0005630697105920749,-1.035678672470843e-07,1.0076188234917292
0.3585741118650536,0.0011413397702551,0.00028519017411568915,-2.059273941805297e-07,1.0075470753280238
0.3597889406484527,0.0006720567016504585,0.00017008108250195388,4.5000914360083175e-08,1.007530431829632
0.3539305876494522,0.0389349254887007,0.0002653678118653071,7.35151416483598e-09,1.0076047367277503
0.3541941624497039,0.039374870046378,0.00015744951507919302,6.3989394933243204e-09,1.0076016682903437
0.3530341338585845,0.0384480224340643,0.00038209173366196943,-1.2791201106221396e-07,1.0076156787515875
0.3583236280216404,0.00171699154615,0.000422387425961126,-4.637898111618724e-07,1.007550471840676
0.3576035860315186,0.0025141134501983,0.0006046214190367295,-5.606359666778707e-07,1.0075610633633354
0.3546080758316272,0.0027385768641043,0.0006547642319567505,-5.088937802284911e-07,1.0075984640385736
0.3563042490133493,0.0026323961902343,0.000631256862158311,3.6083404802605357e-07,1.007577373302574
0.3533883932490764,0.0038301564115997,0.0008895996798298883,8.880808915846888e-08,1.0076131645152262
0.3599361921459109,0.0011551459841613,0.00028849076216172503,1.3221300923560777e-07,1.0075283873606935
0.3611876737222708,0.0006826067628936783,0.00017249315788062566,5.289130569916195e-08,1.0075114062906227
0.3596489757923383,0.0017374978286642,0.0004271745809731992,3.2519077796502445e-07,1.007532387262286
0.3613112251533405,0.0011804668723048,0.00029429080703159525,1.35205740472777e-07,1.0075096845848923
0.3625864382204024,0.0006917538015812632,0.00017453243736910545,7.395549590992378e-08,1.0074922903048262
0.3554068951363625,0.0389036172235976,0.0002731835216501985,1.6397060063188034e-07,1.0075869906443502
0.3555928154378925,0.0393589974291955,0.00016157335121834215,7.484404710513008e-08,1.0075846650889757
0.3568235094727665,0.0388957934992979,0.0002753668549857468,7.638708575269012e-08,1.007568839325706
0.3569916765417645,0.0393444657993723,0.00016538975479609325,2.3795236401779284e-08,1.00756669595578
0.3525870409974991,0.037752974816457,0.0005435155334809761,-1.7783766451131088e-08,1.007621447380916
0.3543166211796835,0.0383771978031587,0.0003988423125613481,1.4740524453642226e-07,1.007599685706772
0.3536192090134649,0.0377615799609067,0.0005415445524253772,-2.644803359638753e-07,1.0076072528380549
0.3589198017813241,0.0028981688489575,0.0006903141120676951,-6.151778078754606e-09,1.007542536898147
0.3574712311494684,0.0036900182440115,0.0008590965350100043,-1.032962436713265e-06,1.007565274097076
0.3556018217496333,0.0043874580063599,0.0010028999555005,9.835285125860363e-07,1.0075865728585798
0.353769447193425,0.0059581340782511,0.0012936494400361,1.2787178885478008e-06,1.00760697485366
0.3610505267438313,0.0017907611772405,0.0004389792552542187,1.7162808666360693e-07,1.0075132765221326
0.3603144616504661,0.0026223174809886,0.0006281889365157762,9.479790675901364e-07,1.0075231619974894
0.3627233797377446,0.0011999718693595,0.00029860713132857144,1.82107483648822e-07,1.007490452479279
0.3639852259919592,0.0006992313679177093,0.00017614877143782223,5.855612872155881e-08,1.007473758027171
0.3624786253380526,0.0017764261799005,0.00043540568265772406,5.558306527912462e-07,1.0074943005421857
0.364144090404253,0.0011538762909385,0.0002871931666356766,1.0115669084006636e-07,1.0074716891447717
0.3653840350983885,0.0007050786423896188,0.00017748836968208904,2.0880322544885355e-08,1.0074559712024878
0.3540488363687045,0.0089708559214815,0.0017649106934082,-4.718323977436365e-07,1.0076006017227317
0.3556126147486899,0.0383127327096857,0.0004144848679769586,3.339703147707341e-07,1.0075845135246977
0.3570725765912566,0.0382646581977773,0.0004256230377808619,5.704905839618117e-08,1.007565670952825
0.3582013707870614,0.0388473300376682,0.00028729700476645773,1.2319198157174533e-07,1.0075509161242495
0.358390694026165,0.0393342488458464,0.0001680057059454143,5.443370357696216e-08,1.0075486408734626
0.3541945069193337,0.0119768698223686,0.0021377936664516,-6.928441643249229e-07,1.0076001660335574
0.3542568669802393,0.0146211816905396,0.0023682919522857,-6.92575572875011e-07,1.0075988813356531
0.3533642888818246,0.0365893144224495,0.0008013869299504842,-1.211179948618457e-07,1.00761126846164
0.3548012558355579,0.0374086128982424,0.0006219185204277469,7.831002408510986e-07,1.0075945530664023
0.3587661536434807,0.0042243907957606,0.0009657742898320918,6.567835202918829e-07,1.0075431426229
0.3602556082013085,0.0039061098847895,0.000901654153290823,2.1053224237652863e-06,1.0075226616397048
0.35762888769974,0.005523761658814,0.0012149543766264,7.443984512723596e-07,1.0075597684866062
0.3559818415776936,0.0071829318088672,0.0014996124668133,2.2673744973533773e-06,1.0075780789301465
0.3616913206578634,0.0029399557761718,0.0006973579281265777,6.09820583402567e-07,1.0075050375664885
0.3636756602834772,0.0019403940701054,0.00047290130821759247,4.675628835255856e-08,1.0074772094776367
0.3630871846859741,0.0026407388252639,0.0006311311169088736,6.591155593432577e-07,1.0074858105740283
0.3656064318431236,0.0011412357326432,0.00028405072227136256,4.4057405309845766e-08,1.007453229120948
0.3667828988708692,0.0007092935277410263,0.0001784110969321248,1.5983325593206646e-08,1.0074377472669187
0.3652020638991136,0.0018717130603563,0.0004570525829312746,3.242876144921145e-07,1.0074588662515105
0.3563345942084044,0.010357566492769,0.0019501720644656,-2.980310840722469e-07,1.0075717305505958
0.3564065189033232,0.0372894887539426,0.0006479719345992165,-2.53880899368873e-07,1.007574437236212
0.3577082473058537,0.037431769620733,0.0006163053493495201,5.852449693864555e-07,1.007558460328579
0.3584768963148506,0.0381743896088204,0.00044714102777070167,3.475650159875421e-07,1.0075473803458477
0.3593202649153921,0.0387920492938742,0.00030086041300922097,2.008555774800201e-07,1.0075363668655617
0.3597896594230873,0.0393289750843292,0.00016956183394411994,6.32435784180593e-08,1.00753041082105
0.3564076224076863,0.013188912769941,0.0022555265933885,-1.0064490794915549e-06,1.007572105233903
0.3542847508652091,0.017304721848426,0.0025081114770282,-2.9579120604271576e-08,1.007598516204521
0.3564167333150917,0.0159178581593567,0.0024470886754111,-3.319418501324566e-07,1.0075709474528092
0.3543009042332348,0.0199966033286972,0.0025545318400873,-8.74304074467949e-08,1.0075979996860545
0.3537857922891497,0.0341833442951824,0.0012711095736819,1.978379407866156e-07,1.007605880227368
0.3555506529471611,0.0357756757086397,0.0009695495893362928,-2.82194706424912e-07,1.0075849601034752
0.3543027602379159,0.0226872580940893,0.0025099222353125,-4.3520534260658013e-07,1.0075982053312986
0.354069585683416,0.0313433674577607,0.0017260730607647,1.5315063319751438e-07,1.0075995332039318
0.3542361134876794,0.0280076630776452,0.0021425967682652,5.593062690698074e-07,1.0075985442609596
0.3542870305564291,0.0253671325339604,0.0023721702048542,3.956866844658502e-07,1.0075975982451106
0.3681818181440752,0.0007107825578255227,0.00017875219351158223,1.6097160243746118e-08,1.0074196195698308
0.3668821252612353,0.0012435944879126,0.0003085909711679205,7.413453212631199e-08,1.007436446615011
0.3594920326402935,0.0058012432903765,0.0012635730737733,3.843111730806874e-06,1.007531889345044
0.3616638068258095,0.004275983694482,0.0009740324769250974,9.64991446129876e-07,1.0075070388182867
0.3609305268280011,0.0054863196696219,0.0012061007366744,2.110595100390182e-06,1.0075143738145371
0.3585165663831002,0.0083158686116621,0.0016753159002683,1.6912088216336344e-06,1.0075456986704874
0.3629736603605198,0.0039419326183491,0.000907903466145609,9.140788461921106e-07,1.0074872302601294
0.3643546385190288,0.0031490448461717,0.0007427112370451986,2.443832575997748e-07,1.0074699340983828
0.3664336202495552,0.001997845519817,0.000485997465171817,-1.0591635383965005e-07,1.0074416950863012
0.3657721069515985,0.0027844722044584,0.0006626278069585343,1.6953222072008554e-07,1.0074509796328832
0.358632878941386,0.0116408974853012,0.0021041679995857,3.99672199512265e-07,1.0075443076932766
0.3576349849830083,0.0363087062783297,0.0008595591444712974,9.59648116903462e-07,1.0075613085459594
0.3589041499507864,0.0371432578821016,0.0006807290878042552,3.8355197995527364e-07,1.00754129896068
0.3598462503121344,0.0380267595621429,0.0004815744632950354,2.1401107500947857e-07,1.0075294281343827
0.3607426326302494,0.0388169803914516,0.0002949598715555173,3.5560211768789086e-08,1.0075174756301195
0.3611884046592636,0.0393264712340753,0.00017029507094041784,-1.3944359073918296e-08,1.007511433741036
0.3623073116684772,0.0388116142780624,0.0002960212955302084,-2.587803382444133e-07,1.0074961978286294
0.3625868954848492,0.0393239594198539,0.000170645133597753,-1.112098010457432e-07,1.007492391756399
0.358671626423033,0.0144198523787959,0.0023532035124143,-7.373889859018557e-07,1.007543262743286
0.3564568183671254,0.0186366934007859,0.0025427389957618,-1.243303492351449e-07,1.0075705065888656
0.3586380948898506,0.0172269732986234,0.0025054382618984,-3.110004947582363e-07,1.0075431241577013
0.3564668933425067,0.021355326666248,0.0025436800136411,-2.425296823628525e-07,1.0075704339128038
0.356018688192408,0.0329738889499833,0.0014790295494191,-1.3419204376210229e-06,1.007577296744788
0.3577179191602004,0.0344105100398674,0.0012287460916032,6.217884205998312e-07,1.0075564872044682
0.3564701288955023,0.0240753098653847,0.0024499041892072,1.5680948640543724e-07,1.0075700737310738
0.3564114582561414,0.029869752833847,0.0019243725362146,5.861383266344747e-07,1.007569551688496
0.3564505331459341,0.026794205303353,0.0022609841140439,5.34280196733976e-07,1.0075716953939418
0.3683029033079288,0.001235012958597,0.00030643343163247065,4.878081650560352e-08,1.0074183125719889
0.369580698358886,0.000708995393299329,0.00017827564848046178,-6.011409031191475e-10,1.0074019480777272
0.367902979459533,0.0019344356927539,0.0004714448692457656,2.1019786814471985e-07,1.0074239657091653
0.3608264774727365,0.0075392292249537,0.0015572087713917,1.0512869835520996e-06,1.007517873309007
0.3624147089998573,0.0059090322535081,0.0012838916255068,3.362615942468476e-07,1.007496991960843
0.3607192521414468,0.0101654503205533,0.001926062307054,-3.1695387193290695e-07,1.007515440357401
0.364125979681356,0.0048326970135428,0.0010833934246317,2.397184261548729e-07,1.007473997459478
0.3656458137711618,0.0040313661311263,0.000925641053039606,2.711191462180136e-07,1.0074537350372916
0.3671119706959915,0.0032259806600114,0.0007597057480508966,2.362115100327201e-07,1.0074341272686955
0.361191540837685,0.0127807389555082,0.00222050732916,1.4553252402092526e-07,1.007513082864128
0.3592457629144622,0.0359314513685336,0.0009360577845755308,-5.093985173186519e-07,1.0075357377520715
0.3604799075026637,0.0369479224913135,0.0007226435975838276,-7.007509004913292e-08,1.0075208746816238
0.3613186264573327,0.037952711145329,0.0004984972551917147,-2.113858687909537e-07,1.007509632967983
0.3637553982408987,0.0388160788932167,0.000294567181372724,-1.1771204116829877e-07,1.0074774178410644
0.3639852618930769,0.039318483025366,0.00017173986980608687,-3.683137536405037e-08,1.0074744286875827
0.365185095223191,0.0388096644436243,0.0002961474861054329,5.969306090354367e-08,1.0074594919056177
0.3653837483608919,0.039309992192156,0.0001738722964739579,3.90880369137867e-08,1.0074567759741622
0.3627991796414735,0.0379857966960313,0.0004904891851295712,-5.956558356568572e-07,1.007489606634264
0.3608595694175402,0.0158167916311722,0.00244246247393,4.133109642150113e-07,1.007515940541766
0.3586425362099095,0.0199877840847795,0.0025551009680474,-1.4389420383170745e-07,1.0075431852662566
0.3608234513846735,0.0185870926463939,0.0025422576649126,-2.5107138532952808e-08,1.007516379625395
0.3597862584578953,0.0341578345615997,0.0012731143249749,-1.8082067023596952e-06,1.007526772558519
0.3586413856802981,0.0227488154569046,0.0025077409667078,3.810667664874594e-08,1.007542889449711
0.3586698271322067,0.0316606770045886,0.0016832059247203,-1.7410346960281929e-06,1.0075451401027802
0.3586969280038033,0.0255347672422422,0.0023606403124636,3.374513762275217e-07,1.0075433995138654
0.3586342469834149,0.02836845924441,0.0021042972377575,-6.290299655893371e-07,1.00754302028704
0.3697273642795649,0.0012440955258626,0.0003085988315216074,6.2071396206084915e-09,1.007400073038043
0.3709794658428081,0.0007052955268329218,0.00017732411285487272,8.987782897441184e-09,1.0073840983116575
0.3692940321768731,0.0018821598209205,0.0004591524978695104,-7.554857092346091e-08,1.007405211134671
0.3686171279583022,0.0027464480424628,0.0006543086523843084,1.1627526565956163e-07,1.0074149203396003
0.3626001365726834,0.0083148093102165,0.0016763248303315,1.057853712201726e-06,1.0074907066690342
0.3637810245626955,0.0068665410048377,0.0014452729064904,1.5042622832869068e-06,1.0074764490894423
0.3630378038858078,0.0107853291571061,0.0020019222317019,5.742781340543017e-07,1.0074847011822354
0.3637491029182891,0.0127063556320177,0.0022103933799412,3.0625257617314614e-07,1.0074800194996991
0.3652643154865223,0.0061148903577838,0.0013182652854848,1.312664318024323e-06,1.0074574959546967
0.3668658735066863,0.0051293120525758,0.0011380885487776,6.171041118775136e-07,1.0074375473126038
0.3684864620365493,0.0040317534773393,0.0009254922810730732,5.747661704035642e-07,1.007416954192964
0.3666160148542591,0.0388246582389499,0.0002926535454530789,3.2198578009181586e-08,1.0074411612932257
0.3667824634217984,0.0393019054185545,0.0001760208626628519,2.613265550214448e-08,1.0074388980755882
0.3631527544251285,0.0147395247280397,0.0023740370175472,-6.166824469747414e-07,1.007482809510263
0.3611073636123609,0.0355846121910613,0.0010037986820446,-8.617296430766284e-07,1.0075108290648866
0.3620598865461082,0.0369131777702394,0.0007296094579760343,-8.749017950116768e-07,1.007499556493519
0.3641776152170335,0.0380896795232249,0.0004664302024214734,1.3695277092230856e-07,1.007471826013257
0.3656102069195213,0.0381149590171338,0.00046069248001769455,1.5242743851629286e-08,1.0074546195465073
0.363360877499991,0.0371795737105087,0.0006717606500822153,-3.906667365025831e-07,1.0074819806610351
0.3630198263480825,0.0173810397764811,0.0025104824977547,-2.2732875644357057e-08,1.0074873185467952
0.3608285735658365,0.0213718054257136,0.0025437565923346,-2.0767228797526327e-07,1.007516358322395
0.3629901800725182,0.0200679487823377,0.0025549726739283,2.3119886695750445e-08,1.0074878837569952
0.3606848547803366,0.0321337933380368,0.0016093886818789,-4.774971657551767e-07,1.0075193990018532
0.361862326320826,0.0338578401222564,0.0013272459556472,-4.6975024882884845e-07,1.0075043560094272
0.3608350719336331,0.0241440005770896,0.002447490144569,-9.12403102713282e-07,1.0075165463017666
0.3606575740641498,0.0297509046009315,0.0019394009044599,6.257232116697297e-07,1.0075154866811564
0.3612126903187423,0.0270640874913235,0.0022368282302586,1.6684582370671998e-07,1.0075120206562926
0.3653102848246488,0.013747588105731,0.0023041150842568,-7.583767454080521e-07,1.0074564152696188
0.371104616590818,0.0012279239235561,0.0003046198236193346,7.720811057454947e-09,1.0073823948192968
0.3723781352599166,0.0007008677897897271,0.00017627516492380602,-3.684426906686061e-08,1.0073663782272306
0.3708217485716211,0.0018547501343279,0.0004527042870289953,2.393430372580824e-07,1.0073867007665385
0.3724983172718392,0.0012430253391315,0.0003083138331868278,-7.486980378472292e-08,1.007364788518843
0.373776708492951,0.0006959991919965969,0.00017511213329264607,7.1943504343736324e-09,1.0073477759301444
0.369991140729793,0.0030267530635562,0.0007164719702218765,4.134361897925798e-07,1.0073970762769149
0.3648215523735563,0.00862327390034,0.0017229407296121,2.9273109088833364e-06,1.0074611499762118
0.3653174507262355,0.0113944903344673,0.0020746565608869,3.75000406330246e-07,1.0074566924988018
0.3664071741069302,0.0071579959562617,0.0014917124969035,2.5096709825103345e-07,1.0074424790340917
0.368022167364848,0.0063285652789018,0.0013561672569342,5.299860103875008e-07,1.007423283641683
0.3697082692503648,0.0049565940188571,0.001105875139438,5.564993247003791e-07,1.0073999282754602
0.3672772617500879,0.0125353467362369,0.0021992954795023,5.5634195511002225e-08,1.0074353489272
0.3669646558969519,0.0381768510168587,0.00044633167785376266,3.844911007760689e-08,1.007436734298247
0.36803133023691,0.0387614702062982,0.00030779725507352763,-9.179402871929068e-08,1.0074224984225786
0.3681812981024529,0.0392964513246593,0.00017725251678826353,-4.2688336551684304e-08,1.0074203797261951
0.3651649247276796,0.0161892368765337,0.0024596538527464,-1.3574393139112388e-06,1.0074570200307689
0.3662810225669902,0.037248483743154,0.0006566571866933655,1.0766429934949289e-07,1.0074464804526453
0.3632100399322097,0.0356994468324253,0.0009831676357249226,4.082912156740967e-07,1.0074855920832402
0.3648835245347151,0.0367892491801234,0.000758015733658353,6.258308559869501e-08,1.0074641870812104
0.3650724995132783,0.0188806544660749,0.0025459837135806,-2.849152770489504e-08,1.0074596222798162
0.3630364956541842,0.0227081424883568,0.0025088922118555,-3.793803123501264e-07,1.0074869654195089
0.3651602336188856,0.021478957170497,0.0025412671603352,2.463879772162714e-07,1.0074584230135484
0.3625968748212824,0.0313241894744542,0.0017303186064073,-1.140165123648085e-06,1.0074918016178167
0.3637646444940168,0.0333019155989645,0.001422103908627,-2.474356543159532e-07,1.007479330851741
0.3631233750628167,0.0252139763064272,0.0023797026533892,3.692354293261124e-07,1.0074838125520331
0.3628271892632828,0.0290848604976877,0.0020199500948775,-3.181442981752643e-07,1.0074856859696537
0.3635363782991023,0.0272567147146477,0.0022154539178197,4.400735244184764e-07,1.0074822818377378
0.3671970368000918,0.0149297683421199,0.0023903796343237,3.819070276212394e-07,1.007434483353466
0.3687348414516595,0.0137916210822464,0.0023074065811486,4.1007645643127565e-07,1.007415666025556
0.3739365032067676,0.0012331305068968,0.0003058310173868684,3.451468688836435e-08,1.007345684898663
0.3751751513585247,0.0006916665418403806,0.00017406511996335763,-2.2987812508885384e-08,1.0073295049761195
0.3720730965354389,0.0019920389081251,0.00048442153802452577,-2.417465201680709e-07,1.007369891621334
0.3714592535697784,0.002713852975445,0.0006466917858761179,2.921514893940301e-07,1.0073791585347271
0.3734950545002558,0.0020054220038828,0.000487303998816758,2.24360754119134e-07,1.0073517592274166
0.3713379103886678,0.0040763089523775,0.0009342310564503408,6.373773647266689e-07,1.0073801190481946
0.3676272170115236,0.0092661477236353,0.0018152916052027,7.719032759711117e-07,1.007426857634442
0.3693129950775967,0.0072048469237315,0.0014984906548675,1.667233635974893e-06,1.0074032180111887
0.3709899127807765,0.006245084374828,0.0013390501248849,9.732945162352885e-07,1.0073835196707128
0.3693476598369987,0.011805351013059,0.0021212231488372,-9.73500110764563e-07,1.0074054585887324
0.3753807057606582,0.0012136087026749,0.0003012014171950056,-2.1712077150058042e-08,1.0073270015038756
0.3765735001478959,0.0006896999269143027,0.00017352258662272133,7.157744748092287e-08,1.0073105879846784
0.3767565802720592,0.0011932009562316,0.0002961232159339327,1.992234387411251e-07,1.0073081183066035
0.3779718617346359,0.0006905238761906751,0.00017337114374229188,1.1948118705430108e-07,1.0072922652879936
0.3704197476193154,0.0137914472072526,0.0023077254456588,9.804058753965715e-07,1.0073892631486585
0.367486154110606,0.0370854376780962,0.0006920856726570641,-5.441434992167083e-07,1.0074287511511744
0.3683552821698156,0.0379869360788879,0.0004895902738277025,-5.292593946574555e-07,1.0074178558440956
0.3691125661996216,0.0387504139763579,0.00031017498561850026,-1.3312492122589665e-07,1.0074077601399392
0.3695801199128777,0.0392934120031581,0.0001778120809126932,-5.0553350757149075e-08,1.0074016518449591
0.3672371463449858,0.0174570493398329,0.0025104470600848,-1.0192396190517342e-06,1.0074318466916734
0.3664858451904882,0.0359192768133999,0.000937473814390826,-9.47846669247026e-07,1.0074418213544976
0.3651516685303038,0.0348928133010649,0.0011377887526432,-1.2421861703527096e-06,1.0074587050078254
0.3680156619709709,0.0356481499646178,0.0009905182910394312,-2.1843124956301837e-06,1.0074204881136677
0.3671379477061361,0.0202338483134117,0.0025554646015851,-9.395992972932868e-07,1.0074342594550412
0.3652277067626897,0.024014662818589,0.0024518780011137,8.455149244925808e-08,1.007456179320882
0.3674965719421396,0.0229684018240733,0.0025001520759038,4.84920328217799e-07,1.0074304381346175
0.364428030480828,0.0306761175670605,0.0018220662784882,-1.0701422122924063e-06,1.00746586902896
0.3654952040635534,0.0328153193205438,0.0014984484645985,-9.170382505131732e-07,1.00745459079495
0.365260347364931,0.0263084206401687,0.0022994163258833,-2.257566063820651e-07,1.0074579843821558
0.3652354162225656,0.0286407008370716,0.0020730244487344,-3.999997219231237e-07,1.0074593223978472
0.3694325011173687,0.0158964704374202,0.0024477468205814,1.0358903512340487e-06,1.007405667308024
0.3713741376374839,0.0152311048465115,0.0024089192027057,-6.427890169950397e-07,1.0073807999494246
0.3749391018193559,0.001976179739173,0.0004804102605770319,-1.441443871634748e-07,1.0073326630792268
0.372869790319252,0.0032435122347626,0.0007618159814853088,1.3723457330465997e-08,1.007359688340398
0.3743493125314551,0.0028482102174919,0.0006760426355993633,-9.184109916569265e-09,1.007340807113247
0.3728172958011495,0.0047932309939,0.0010743702655231,-5.977957348487604e-07,1.007360819005215
0.3705114748559363,0.0090793116460846,0.0017907931238818,7.332668620998677e-07,1.0073928577616311
0.3722515313109441,0.0073602137140173,0.0015260333397217,-9.930347559973178e-07,1.0073678572895088
0.3713144311296601,0.0116415889905119,0.0021032094427394,-6.363001989295159e-07,1.007379397857835
0.3764581252546115,0.0018778526650814,0.0004575757106193821,2.820236941343521e-07,1.0073122912902646
0.3781218726692082,0.0011815727554864,0.000292913846022966,2.540812236022816e-07,1.0072904793596749
0.3793703025133086,0.0006931640543400374,0.00017374698017998705,3.1361053213415575e-08,1.0072750794637966
0.3779196252771374,0.0017650810651803,0.00043120950249062295,5.35563695406258e-07,1.0072934383313557
0.3722237166120135,0.013582575812627,0.0022895594931239,-2.280708638346968e-06,1.0073685217160486
0.3704147953479421,0.0387309813521172,0.0003145106352155966,-1.114728573412939e-07,1.007390852149568
0.3709788813514793,0.0392919941932839,0.00017806018268893978,-4.2848629664101935e-08,1.007383814852733
0.3688800669744603,0.0370533085657073,0.0006978717078369776,-8.945413703637216e-07,1.007410011494626
0.3696928530875502,0.0379565737723727,0.0004961762330368474,-9.310205470891777e-08,1.0073999968914
0.3693525747384784,0.0186980140330396,0.0025424248595522,-9.928707692563645e-07,1.0074042298557435
0.3670970394293439,0.0338515270133428,0.0013294356960502,-2.706156330369196e-06,1.007433288616273
0.3686711380758019,0.0342338871946701,0.0012605356625118,-1.1445653648176442e-06,1.0074172784982436
0.3694990018624568,0.0355888175123321,0.0010029500684416,3.7953195728214e-07,1.0074058582436722
0.3692312638140728,0.0212199654854974,0.0025430926337008,-1.738086855398032e-07,1.0074057146107676
0.3695299541890126,0.0231514492407436,0.0024909456023592,-1.4773720858105145e-06,1.0074063395055737
0.3672561150195446,0.0254185241508477,0.0023686212219791,1.559469897554726e-06,1.0074337639724285
0.3688997688192584,0.0245762563977865,0.0024199623223325,-1.2770265498503195e-06,1.0074107595408373
0.3667328301821567,0.0306985780337904,0.0018219199166019,-9.684624360160545e-07,1.007439232782524
0.3671766199072432,0.0279453002798341,0.0021490541472463,2.653088175315008e-07,1.007433199222225
0.3795210936179947,0.0012071176552648,0.00029875804399999585,7.570533919899509e-08,1.0072733025310987
0.3807688335148308,0.0006967577349541116,0.00017457870778587903,-1.2408189387897422e-09,1.0072578369537095
0.3716965424470247,0.0173998552911435,0.0025100810156865,4.686894718302844e-07,1.0073727919249462
0.3730857051593947,0.0154966434043529,0.0024235517115587,-2.2594596416164486e-07,1.0073546202940664
0.3756993412785083,0.0030127010516481,0.0007115709414503439,2.851371346481757e-07,1.007321652753678
0.3745805552037113,0.0043112511157944,0.0009823226170628376,7.178930062075288e-07,1.0073371210012354
0.3739472014801906,0.0069385158197249,0.0014577237593452,-8.003601750817848e-07,1.007342032917549
0.3730135958278345,0.009590736419954,0.0018595817849552,1.1563799952045278e-06,1.007360809906572
0.3730330458005379,0.0120027387006818,0.0021419688822822,-4.183147314096018e-07,1.0073594780218142
0.3772736153830789,0.0028569656897575,0.0006774892746501706,6.856304651053478e-07,1.0073023357126325
0.3791241577113381,0.0018067463335822,0.0004405055826408049,1.34567655205147e-07,1.0072773771635093
0.3785136808702375,0.002536715141082,0.0006065634459314907,6.88273639367713e-07,1.0072853273539637
0.3740362991058086,0.0133948135930412,0.0022743669796005,-8.905771907758229e-08,1.0073451915228453
0.3722347149373135,0.0387732734466559,0.0003042564551766763,-2.992542463002159e-08,1.0073681015288736
0.3723776026942132,0.0392914277991116,0.00017810249843130743,-4.986147751124983e-09,1.007366029774054
0.371231523172848,0.037962497479708,0.0004949905716009341,-2.418529806490425e-07,1.0073809433004153
0.3705759513197136,0.0367408354604459,0.0007657886173597484,1.8859516388710198e-07,1.0073902341678276
0.3736692450631264,0.0387796912794409,0.00030278674162897366,-2.7517001775882237e-08,1.0073494093877284
0.3737763362847868,0.0392915662639829,0.0001780690837501041,-7.583249575062598e-09,1.007348078023571
0.3713800469062091,0.019980981320893,0.0025533916234355,1.2633724796077055e-06,1.0073778852500503
0.3686538766600064,0.0318561442242711,0.0016519969559137,2.2693397640966604e-08,1.0074135019571584
0.3700691841046732,0.0337402244998994,0.001347443357657,-3.0770530826821025e-07,1.0073957721892122
0.3708157144473502,0.0352968177509534,0.0010590357407927,5.100585500322281e-07,1.0073879069220582
0.3711988091171251,0.0224217710584883,0.0025182236892211,-3.708782839212435e-07,1.0073815759762883
0.3707104782337935,0.024659197306107,0.0024153951823286,-3.084559760581312e-07,1.0073859578633442
0.3694756749894508,0.0266977938188065,0.0022674529293372,1.0090815883747357e-07,1.007403266658293
0.3689479576131535,0.0292777921664202,0.0020017340820658,-6.119823984632637e-07,1.0074109404910112
0.3809242685918126,0.0012091530188265,0.0002991908458466388,-2.153311311160891e-08,1.007256008106764
0.3821674581792938,0.0007005687174642433,0.00017565240974978872,-7.960434498416293e-08,1.007241054878739
0.3806003057266948,0.0018276685847392,0.0004452022034883419,3.8078737496803854e-08,1.0072604427590397
0.3732688386884247,0.019086173902469,0.0025457882962802,-2.10649300329411e-07,1.0073523163721652
0.3741963444100105,0.0172879609665693,0.0025060285550023,-5.874035575789214e-07,1.0073435273449307
0.3751004954328593,0.015189982600256,0.0024049091939741,-7.620398856026831e-07,1.0073308072145195
0.3766192837745294,0.0042414764062695,0.0009671987597571544,9.88073836935761e-07,1.0073122886067447
0.3759148925199496,0.0063752713446292,0.0013626256357375,-3.923106276208994e-07,1.007319667817854
0.3751053382175545,0.0092003913300546,0.0018045141733394,-3.865642599564492e-07,1.0073313791631835
0.3745825070695398,0.0114362349992146,0.0020819512946201,6.460638401668903e-08,1.0073363536611806
0.3782803492689193,0.0038275196077281,0.0008834412984008297,8.2423231309917e-07,1.0072897944021797
0.3797640271820858,0.0030086436550491,0.000711251089193,2.0919491760374706e-07,1.0072706033015548
0.3758426710745161,0.0131630480240083,0.0022542919508969,-3.136488545115768e-07,1.007320960520355
0.3726293437787005,0.0380952659514093,0.0004643157582805098,1.1446365368624789e-07,1.007362609121517
0.3719628721139042,0.0371225458658334,0.0006830935351355494,-3.257113873461208e-07,1.0073706812197365
0.3720261237176832,0.035775798240945,0.0009663382652257532,-4.287699944083945e-07,1.0073691056756973
0.375044054972772,0.038762862522921,0.0003068187929132441,9.212835606894189e-08,1.0073321074720478
0.3751751205521454,0.039292868245773,0.00017778188389199772,3.2085407782670176e-08,1.007330493872071
0.3740212879178717,0.0380677212436932,0.0004706585939466502,-1.2601624329557354e-07,1.0073451324926277
0.376421090999294,0.0387749274048343,0.0003040351407650861,-7.032399861881136e-08,1.0073143661551678
0.3765739476858435,0.0392960760272614,0.00017700005370773384,-2.2944822011456982e-08,1.0073122936305965
0.3735657514435515,0.021387685653727,0.0025439330244938,-5.592859258911827e-07,1.007351697987792
0.3706471245202394,0.0312986888203777,0.001735426601812,-8.721456655664483e-08,1.0073870840702208
0.3719432650140958,0.0335566341031769,0.00137916405321,-6.083376975141899e-08,1.0073728243036248
0.3727106922893433,0.0239241667270975,0.002457847337352,9.35503193952038e-07,1.00736365566236
0.3720166276344372,0.0263332453439269,0.0022976937932846,-2.107599524736484e-07,1.0073739134907134
0.3713221573663181,0.0286736641160837,0.0020715808476232,2.1155867967731567e-08,1.0073801221941874
0.3822930152233947,0.0012166967831341,0.00030128313346949816,-2.152765103482416e-07,1.007239312139914
0.3835661685224293,0.0007036704080950365,0.00017666693523887202,-6.60699597819651e-08,1.0072236109352966
0.3820003579942448,0.0018298830313646,0.0004461249504733561,-3.1831203101307306e-07,1.007243082094041
0.38120949674998,0.0027174442078205,0.0006467664298709735,-3.320707110696638e-07,1.007253467993921
0.3753669740530904,0.0194561076403968,0.0025517438278007,-4.929047539528868e-07,1.007325670392572
0.3763552582311767,0.0170856407892776,0.0024988683152816,-2.683060072828144e-07,1.0073144042214317
0.3771846261013363,0.014838024434748,0.0023831160847081,-2.552009363915745e-07,1.007304195472601
0.3777523169797758,0.0057543320578503,0.0012548719151734,7.46438804096718e-07,1.007296734905343
0.3771589648291497,0.008365231122372,0.0016813483505263,-1.1850158571568984e-06,1.0073040811366345
0.3765507555480545,0.0109236773984594,0.0020250972561572,6.455544397562081e-07,1.0073116685099792
0.3794300440758542,0.0048377514894372,0.0010848661985403,5.700712753700569e-07,1.007275901308953
0.3810787346670756,0.004010800787857,0.0009210001792901744,-4.0587854796558045e-07,1.0072564396435553
0.3779264179082947,0.0125700731552005,0.0022009159257561,-3.855073434039956e-07,1.0072944397716166
0.3733471015000392,0.0368070279003323,0.0007523651342074704,5.8883658901142216e-08,1.0073542676933178
0.3734488184056863,0.0350305224433243,0.0011113785404233,8.055121428324309e-08,1.0073524318941447
0.3754803591529028,0.0380123278841624,0.0004835019272078386,1.890144601826844e-07,1.0073267662547911
0.3747223934036917,0.0371740800108724,0.0006719999608845649,1.9430967660926697e-07,1.0073363004674811
0.3778472410692655,0.0387843358346093,0.000301766763276996,1.3371359724668278e-07,1.00729681374292
0.3779727331103975,0.0393018093475249,0.00017566951225127578,6.758530820992552e-08,1.0072950804252607
0.3767325834376984,0.0381528770301668,0.0004511000862385019,-9.741120636695323e-08,1.0073102606316482
0.3792625480206046,0.0387927086705247,0.0002998356550850664,-1.9128818097198347e-07,1.0072779394598312
0.3793713317452864,0.0393093728887458,0.000173773086157542,-8.539788354134767e-08,1.0072764317524552
0.376840018652517,0.0206500214809879,0.002548518661606,-4.704506759841436e-07,1.007309230882545
0.3756152081915851,0.0216355256974172,0.0025382727912037,7.600326258529661e-07,1.0073259773411507
0.3748021301980203,0.0237527430895881,0.0024652124494574,7.656179686269802e-08,1.007335652666104
0.3728108841616404,0.0309337063194564,0.0017882445987753,2.2726256994018859e-07,1.0073587409408444
0.3737850057413981,0.0328206806472822,0.0014985716594952,-1.0561875727482062e-06,1.0073489956949764
0.3742019209076463,0.0258878589154394,0.0023324335081249,5.677157539439398e-07,1.0073432871159145
0.3736095878674627,0.0283984689802178,0.0021019013713435,6.434508316839614e-08,1.0073506609192835
0.3836696602048155,0.0012301691201724,0.0003047572114095345,-1.526592644183651e-07,1.007222108554693
0.3849649341696373,0.0007054038659864506,0.00017727549479175023,-3.0876975506147814e-08,1.0072053037986315
0.3832341380702413,0.0019683260047864,0.00047831511493902384,-2.2509367379591795e-07,1.0072276388097896
0.3825881408648705,0.0029822450610788,0.0007061540369594862,-4.797128348847917e-07,1.0072362854837802
0.3850891451532225,0.001248471021739,0.00030935391188707074,-7.961001362846875e-08,1.0072035216522484
0.3863637253036736,0.0007055591425886753,0.0001773353127377023,2.264688933453122e-08,1.0071870453674616
0.3777273987144915,0.0190597859852876,0.0025478109629955,-8.724165201889038e-07,1.0072977435600574
0.3785557943016719,0.0166821780041177,0.0024830135181431,-3.198312166359393e-07,1.0072877424259958
0.3793277052004072,0.0143378337724299,0.0023489291728469,-2.128313812403614e-07,1.0072777007872529
0.3790537834200715,0.0071798302434147,0.0014983943809245,1.2307996312204306e-06,1.0072792066683112
0.378514121886341,0.0101339392235532,0.0019277176246354,-8.548531493616368e-07,1.0072844142188984
0.3806346376085376,0.0060717081324438,0.0013124031500864,-5.400779966343316e-07,1.0072631989177625
0.3823120835367417,0.0048513858837372,0.0010874618379434,-5.107754344916755e-07,1.007239853041562
0.3800880100025501,0.0119298753972022,0.0021380637237278,-9.887635802989466e-09,1.00726781949781
0.3748521371928839,0.0357868561602399,0.0009631794913301348,-1.1413455562357749e-07,1.0073349694114766
0.375061804798326,0.0337767550395582,0.0013403267872286,-7.065809296156242e-07,1.007330425613299
0.3761533979676206,0.0368852929782966,0.0007354613884459565,-3.214899006933796e-07,1.007317793847168
0.3806295247626695,0.038803593508,0.0002967833746476234,-1.3487554653463006e-07,1.0072607112608
0.3807697116301641,0.0393155039943353,0.00017195412651677962,-5.934161490483501e-08,1.007259062122023
0.3819768418762071,0.0388297778731808,0.00029040118218911587,5.481047087134082e-08,1.0072439018866766
0.3821680239592078,0.0393181386763008,0.00017127637765723832,3.412114584840035e-08,1.0072415110158517
0.3781268630776397,0.038160657868062,0.0004493611355186106,2.657628857462072e-07,1.0072931622454475
0.3775115124424568,0.0373123711428718,0.0006414097035536165,3.650748560927454e-07,1.0073013724227549
0.3795063335442649,0.0381827129548134,0.00044410600736393416,-4.77291814102378e-07,1.0072748027148182
0.378090404776975,0.0208226066343554,0.0025468896407988,-2.214785773180043e-07,1.007290803843762
0.3791444563154328,0.0201351220789582,0.0025511469434456,3.152080767964691e-07,1.0072793610025257
0.3775547074434587,0.0221608862546794,0.0025232385341483,-3.887502838665335e-07,1.0073006973992946
0.3765491293667102,0.0235354456850033,0.0024740532322271,8.723025447311942e-07,1.0073126463240512
0.3763682818574866,0.0253132058166051,0.002372252241201,-2.41711851597012e-07,1.007315124910984
0.3753202044327866,0.0309196691279053,0.0017938818314916,1.112421873062896e-07,1.0073298791963905
0.3758004327249949,0.0277334130101257,0.0021730208274939,1.8322196811998266e-09,1.0073226583416215
0.3833830643805946,0.0388434853459654,0.00028745245303450254,2.4438801706892576e-07,1.0072267109734028
0.3835663643595964,0.0393185374759547,0.00017149594141481624,1.1428501014823641e-07,1.0072244500911616
0.3845733964880131,0.0020394046331361,0.0004949237963689416,-4.0460848511173765e-07,1.0072102735266657
0.3839522302020558,0.0027940376753019,0.0006641165848858972,-1.8875521125528265e-07,1.0072195792992595
0.3837986098473264,0.0040826859612935,0.0009358467704119806,-1.5980561533076253e-07,1.007221154709974
0.3867752246257737,0.0012630171571856,0.00031267836785403965,1.218417761459234e-07,1.00718184552902
0.3877624713227644,0.0007035910425277228,0.00017666213420317227,7.083263200306886e-08,1.0071688546817208
0.3860228148833013,0.0020627760791722,0.0005002431217226414,3.513517496333241e-07,1.0071916043704692
0.380038356902939,0.0186029408329189,0.0025409032762122,-4.588751679427974e-07,1.0072679356620915
0.3807707866128394,0.0162140496589195,0.0024620034673432,-1.8460193871458766e-07,1.0072598257976195
0.3814813846033991,0.013825133522645,0.0023105523413082,2.44224033255823e-07,1.0072503289070698
0.380821398775883,0.0089907056352381,0.001775347878206,-6.880582832425801e-07,1.0072554156822515
0.3821339108010027,0.0069511890669216,0.0014571475423101,1.479600544671007e-06,1.0072399785168034
0.3834883633185675,0.0060249053743994,0.0013016345695188,6.271999309602461e-07,1.0072232435681274
0.3823305968409602,0.0114778146913493,0.0020877484777989,-7.274468203605592e-07,1.0072375842269488
0.3814390751156954,0.0196750217574248,0.0025504215297251,6.23848454685168e-07,1.0072510143817783
0.3803750454464622,0.0203393195733698,0.0025501156758979,5.474188474419104e-07,1.0072619897666448
0.37637930708194,0.0350474585890557,0.0011068549577944,-1.434145788952244e-06,1.0073146926366332
0.3764921211354424,0.0329789935510323,0.0014733982900923,-7.541328274263168e-07,1.0073088673363673
0.3776879823166786,0.0358970604153814,0.0009406227980636078,8.604431492107318e-08,1.0073002873407777
0.3822155595091118,0.0382652616110436,0.00042440460020854977,1.822674641199111e-07,1.0072415175701117
0.3808991640727324,0.038183728983755,0.0004433096883569834,-1.8370465269388529e-07,1.0072570503528748
0.3789287974549432,0.0370222665072091,0.0007056294952405151,-2.9344560923242015e-07,1.0072823182782014
0.3802787754693262,0.0373443702283292,0.0006340979200626345,-7.947941900489925e-07,1.0072641636789703
0.379491075730072,0.0218509639661892,0.0025313823860587,2.354796834809972e-09,1.0072738101997991
0.3774204937343003,0.0315643800923724,0.0016984770117032,6.617522642937414e-07,1.007305924362732
0.3784873936400569,0.0242421296482098,0.0024420026392279,3.955880118377409e-08,1.0072881323006455
0.3780933627287094,0.0268492272687858,0.0022544628829042,-1.0463841648977088e-06,1.007293968104331
0.3775813052987275,0.0291509553831971,0.0020141545426301,-5.216959688442252e-07,1.007298189898294
0.3836198250912888,0.0382730706387947,0.00042315847608464624,4.484146884012508e-07,1.0072237355609748
0.3847931127365393,0.0388178413669378,0.0002938576019829904,7.191694624772043e-09,1.007208198575558
0.3849646954117752,0.0393170346185295,0.00017202915208807014,4.012161287829758e-09,1.0072058356586588
0.3879556436850145,0.0012270017754353,0.0003039874804970591,1.490348853609081e-07,1.0071664388087174
0.3891610645801914,0.0007004305823571844,0.0001756971694849954,5.0904266331846514e-08,1.0071508556922724
0.3853141752099427,0.0032014296112668,0.0007525659241832937,-2.574641392039044e-08,1.0072006686383623
0.3851366659517806,0.0046421121619769,0.0010455978062503,2.505310904178381e-07,1.0072026847036903
0.3874597701330367,0.0020378103969418,0.0004940375507205911,6.889581902025538e-08,1.0071724898188217
0.3867921604656634,0.0028392599560643,0.0006736365872567078,6.366823580849195e-07,1.0071814503590142
0.3823199217039815,0.0181219818985623,0.0025303702098562,-3.7737112847675245e-07,1.007238861466832
0.3829666507001282,0.01575543376725,0.0024386465852957,-1.9884225954478545e-07,1.007231623149339
0.3826746055134099,0.0198776643174561,0.0025507492769691,8.20671657841116e-07,1.007233096179391
0.3837620870475721,0.0191877741450459,0.0025464243934845,1.1259861215125492e-06,1.007221517859031
0.3836605446089711,0.0135339911552096,0.0022863862566566,-2.3761379357929202e-07,1.007221514057875
0.3849777117511743,0.0152989807948424,0.0024126170027746,-2.0173554133525453e-07,1.0072058856551094
0.3834249243410834,0.0087781795544807,0.0017469133596355,-1.1600870094682165e-07,1.0072249435762988
0.3848484711445508,0.0068047632753551,0.0014336933825722,8.100056620153542e-08,1.0072051797051338
0.3846085451602556,0.0114321135538069,0.0020821107000963,-3.153354070258561e-07,1.0072098331055328
0.3817874460077788,0.0214332102494598,0.0025400555240104,-5.504753004476789e-07,1.00724694094937
0.3829983547675937,0.0375108664277807,0.0005972132166342268,1.0233476049625806e-06,1.0072330915141807
0.3781196609846832,0.0336578553001133,0.001361923411802,1.080763095513248e-06,1.007290494906741
0.3790510238454829,0.0353622945686769,0.0010447596397152,-5.009270667653101e-07,1.0072797120826391
0.3816719276599696,0.0370691244499615,0.000695153288393917,1.3949173951127141e-08,1.0072481751853963
0.3803966720954306,0.0359725849106975,0.0009250147148783112,-1.403646034955937e-06,1.0072609989935444
0.3810429876409648,0.0238221980680055,0.0024624290221282,-3.637432636255991e-07,1.0072564558487465
0.3793763647104509,0.0310741059415543,0.0017689643752937,-4.038540254321147e-07,1.0072775274301975
0.3803289794029017,0.0261491624445413,0.002312977672687,-6.323980139172199e-08,1.0072639386009838
0.379710935707031,0.0285465443816566,0.0020846631456058,-4.493978523567738e-07,1.0072708452497812
0.3841948493506024,0.0373042304020362,0.0006435928882105366,-1.605916065403471e-08,1.0072145378678443
0.3849629060290775,0.0381966071047805,0.0004409218269424648,-1.0142315160573049e-07,1.007205498556141
0.3861688898596667,0.0388006790228888,0.00029785712165842824,-6.988432379726437e-08,1.007190012502855
0.386363035605659,0.0393126605903613,0.0001730271605478998,-4.3766958971387215e-08,1.007187319635492
0.3875431788657046,0.0388100185079964,0.00029541764533503353,-1.9549300301434665e-07,1.007171435434448
0.3877614912968793,0.0393058649840669,0.00017448779940907127,-8.448662310601347e-08,1.0071687864841048
0.3892705111993422,0.0012050632807963,0.0002984655018342012,1.0234329570104677e-07,1.0071495157866983
0.390559541596338,0.0006988522016918579,0.00017529715256884952,-4.931875996056337e-08,1.0071339695347858
0.3889138931235247,0.001890955440115,0.0004602000144712554,3.069162417710095e-07,1.00715429670039
0.3907224102038404,0.0012156162954759,0.0003010056332322185,-1.016638977721814e-07,1.0071318602531718
0.3919580924256378,0.0006993482051964026,0.0001754457016077679,2.0676957750152723e-08,1.007115754310033
0.3866513040802062,0.0041972887309041,0.0009581502495395448,9.590574420777426e-07,1.00718327043943
0.3864322294485549,0.0061950042687259,0.0013309494666615,6.456894606008217e-07,1.0071839341702982
0.3881842620018961,0.0032474599847913,0.0007623996813815074,6.020291697323598e-07,1.0071634834799366
0.3921522473539558,0.0012059472483377,0.0002985133070361748,7.618680819726104e-08,1.0071132532315583
0.3933568032585672,0.0006993429717268684,0.00017543078204767162,-6.279500441509811e-09,1.007097798815439
0.3846034858275752,0.0175471806755166,0.0025132211663798,-6.207827126070435e-08,1.007208775350206
0.3850949008257709,0.0193959686704263,0.0025474739622563,-3.146724847887247e-07,1.0072008273195028
0.3841175213646891,0.0209960854027513,0.002547914523665,3.701582678552214e-07,1.0072167003679091
0.3856839786879775,0.0134216784978073,0.0022764629824472,-4.480302383389103e-07,1.007195667826782
0.386524421773809,0.016541838296152,0.0024736664181465,5.478945843931986e-07,1.0071825569474668
0.3865774945018169,0.0148760411416958,0.002384033445906,-7.177647633594289e-07,1.007183894103154
0.3859921094381633,0.0089454894438073,0.0017710952586415,1.0476063945239443e-06,1.0071921265399133
0.386741124003611,0.0116179153654163,0.0021027445092358,-1.393527803451683e-06,1.007183399518647
0.3834667256406349,0.0234929835128971,0.0024771649170962,-3.2160677670833794e-08,1.007224106695231
0.3832077618522971,0.0361823763898666,0.0008828532418079564,1.5314913600927707e-06,1.007230016958364
0.3804303340684863,0.0336806939427199,0.0013597336447749,-4.109617618106592e-07,1.00726283163492
0.3820132123208993,0.0351048395619015,0.0010980775318374,1.2502346845927009e-06,1.0072451851193722
0.3826965513777747,0.0257643055686439,0.002342708257685,-3.126866145684973e-09,1.007233053283369
0.3812421347266752,0.0306645459263317,0.0018252320985159,2.317676185182475e-07,1.0072510221962052
0.3819355740664655,0.0280135367788435,0.0021423236605669,3.112034108236796e-07,1.0072430587721186
0.3847523578655232,0.0360885568712136,0.0009018718150428606,-1.1179904094591306e-06,1.0072056778796183
0.3856196432485026,0.0371534027520404,0.0006760605204349132,-4.692213903958775e-07,1.0071964615540183
0.3863611006050801,0.0381679718607419,0.0004472748657155932,-1.4916242334122306e-07,1.0071872944490403
0.3889937245203186,0.0387843450350797,0.00030141857814719534,9.686027265891829e-08,1.007153630913968
0.3891601324309807,0.0392985939276743,0.0001762173272901592,4.023762348918404e-08,1.0071516718132296
0.3878594377517027,0.0381647276444207,0.0004478043734946159,-3.134795563873851e-07,1.007167421979159
0.3904511298441954,0.0387745251476605,0.0003040875529677734,9.608882484230288e-08,1.007134997683894
0.3905589494091181,0.0392927116001781,0.00017784089579804077,4.187770035060004e-08,1.0071337114998449
0.3935426319065669,0.0011820836939754,0.00029286915655555977,-2.3998964177060598e-08,1.0070956016606385
0.3947555390327513,0.0006968959139030848,0.00017482187158113943,5.955271104871142e-09,1.007079603037218
0.3903748747749851,0.0018844771626846,0.0004587141357520301,-4.4981618571226734e-08,1.0071365547901878
0.3896367710193986,0.0028616295218464,0.0006781305422216928,7.939479024390345e-08,1.0071459525883646
0.3916890489222636,0.0020288451831871,0.0004915078769360051,2.164154379026371e-07,1.007118948164618
0.3880483314033998,0.0050584664025995,0.0011251951699287,6.497210036344788e-07,1.00716586374305
0.3877401543535167,0.0073774916413676,0.0015291417727319,-2.61586116580126e-06,1.0071685427715904
0.3896079314241146,0.0043412007840197,0.0009877106489520435,4.766959911221116e-07,1.0071475292963727
0.393148217826849,0.0019693852410219,0.0004777825987520474,-2.1053291368180178e-07,1.0071004600402376
0.3865846457992117,0.0185321953826278,0.0025376191167392,1.4285838299918693e-06,1.0071822774585115
0.386410075711362,0.020718645051825,0.0025497236609202,-9.340221786508436e-07,1.007186539200376
0.3857652388473456,0.0229384455367573,0.002499521702611,-5.86942096654114e-07,1.0071940680477578
0.3875663387089055,0.013619530798344,0.0022933780770781,-1.4352337244093109e-06,1.0071716329335236
0.3885260795505335,0.0121668448249517,0.0021599232152479,-9.33788918923392e-07,1.0071620244006614
0.3883278919787887,0.0175025600604248,0.0025118095894333,-6.809213004844014e-07,1.0071616199387172
0.3881284931119688,0.0154437713880626,0.0024176692020715,-2.749219060209458e-07,1.0071635246620507
0.3885640699421516,0.0098490033090345,0.0018934724453183,3.762168738310749e-07,1.0071603979408346
0.3852573234303745,0.0254538253658745,0.0023668563365777,6.13165765912509e-08,1.0072020292813548
0.3838963850772278,0.0343024754191034,0.0012457642279901,9.612480978722765e-08,1.0072191292994075
0.3827385231393534,0.0326224438747095,0.0015350933185959,5.886055538020245e-07,1.007233986422303
0.3841778404443174,0.0275847563929112,0.0021854458635866,-3.209130299102644e-07,1.0072168570046978
0.3835289985541994,0.0296981814943167,0.0019490300345051,-1.0064509541740945e-06,1.007225712940259
0.3854280775291452,0.0345438842226949,0.0012019364955241,-1.2556640327564285e-06,1.0071967472969423
0.3863806324265139,0.035726185431238,0.0009748991533579244,-3.336181741998885e-07,1.0071858285644406
0.3871874369241614,0.0370418984344613,0.0007000836805574412,-3.029535022034112e-07,1.0071770182834128
0.3893719086905939,0.038104031647156,0.0004621330807716468,3.722950046130466e-07,1.0071488807935094
0.3885238010329918,0.0372136785022475,0.0006628194400439682,-3.7681480219584265e-08,1.0071590565847692
0.3918358985133939,0.038756014212025,0.0003087449665153327,2.137189222142436e-07,1.007117491165351
0.3919578898167188,0.0392895274381742,0.00017882921037415544,8.36406177930223e-08,1.0071159167107833
0.3907983934800997,0.0380564161102945,0.00047347135578419984,1.0349870317700785e-07,1.0071308086869752
0.3932163869972317,0.0387626679496106,0.0003074039622220569,-8.924253824281162e-08,1.0070992844658897
0.3933568683694281,0.0392899082208268,0.00017883006785861198,-3.7491379373385206e-08,1.0070972796085125
0.3950193070683636,0.0012210609786464,0.00030215130196929366,1.6320889554905182e-08,1.0070759657965291
0.3961541224182848,0.0006931628862385667,0.0001738874753616371,-2.1782297871322363e-08,1.007061686868654
0.3947581972270959,0.0018185349588983,0.0004431193711261984,1.7896307855954775e-07,1.007080136729778
0.3911197766069406,0.0031382605009701,0.0007385788480219245,4.6380467927745643e-07,1.00712672178127
0.3925225733979687,0.0029221450370837,0.0006912431247380337,-8.883045735044163e-08,1.0071095851790328
0.3896563342503643,0.0068131267814222,0.0014406347218648,3.501877554961661e-07,1.0071403027487886
0.3910021132626878,0.0049282615124887,0.0010996028247274,9.786384629920016e-07,1.007125453509227
0.3938851984985861,0.0030659750443372,0.0007221428189133502,3.631026787218804e-07,1.0070901261276155
0.3967231311034433,0.0012839998072632,0.0003170797969120122,-3.8624513925802224e-08,1.0070544365419545
0.3975525234451371,0.0006907362762267068,0.00017332836293878782,-6.195029173782318e-09,1.0070435898014154
0.3980026008765501,0.0012412173604272,0.00030717827183601986,-2.4722420500605253e-08,1.0070378946347294
0.3989508570108583,0.0006913288821442209,0.0001734537956013171,5.6736780824429367e-08,1.0070254478863436
0.3887862832354942,0.0198161808591775,0.0025547234238323,-3.748768175051427e-07,1.0071570255123588
0.3881806118618298,0.022386470164137,0.0025181720396288,-3.428582657295432e-07,1.0071653263096323
0.3874682950889763,0.0245982496912735,0.0024188254224783,-9.04794840388361e-07,1.007170821878974
0.3901860487573418,0.011544748051613,0.0020968029264958,1.5287629471088694e-06,1.0071399121872064
0.3900673850817783,0.0180731061747925,0.0025263650492258,-4.899815621164046e-07,1.0071383116493875
0.3897756073692753,0.0137618006239851,0.0023050990870832,3.885059473921343e-08,1.0071458079406834
0.3899881193663908,0.0162462282411437,0.0024608199433891,-1.967731021971764e-07,1.007140647586944
0.3907294722790144,0.0091853749934652,0.0018009129016555,-2.0728971782978098e-07,1.0071297104769938
0.3871487848672647,0.0263636871577367,0.0022956530103255,5.996856947398361e-07,1.0071780286404175
0.3860287411325444,0.0273912345641462,0.0022041014212488,6.030643022234295e-08,1.007190654556681
0.3850912590273759,0.0323874874734101,0.0015724275270453,-4.460189089168881e-07,1.0072020146427192
0.3857105961595273,0.0292301218294943,0.0020063027260903,-1.0092166765273129e-06,1.007195469863274
0.3869720561000696,0.0337790936652019,0.0013418944487533,8.941184971778037e-07,1.0071817034545247
0.3883049083135241,0.03564222169871,0.0009935953236246684,9.308811539460236e-07,1.0071634365949544
0.390022891067375,0.0367475718149754,0.0007653127230255428,6.740076390695473e-07,1.0071415182207792
0.3922769911081135,0.0380003355038346,0.0004866501868788157,3.8224010741090964e-07,1.0071120473812245
0.3914890020284,0.0371588271308652,0.0006755386998406,4.641201510523794e-07,1.0071218953278396
0.3946442523305821,0.0387667456768158,0.00030622655896861634,-1.2474547769070325e-08,1.0070809984975038
0.3947557590517093,0.0392939129962785,0.00017774951258065828,8.599290186848021e-10,1.0070795412868627
0.3935343315897794,0.038136384850753,0.0004554083673746949,-2.02566541759836e-07,1.0070948758086389
0.3961544655935063,0.0392998876454268,0.00017616794019179803,-6.636692880611933e-08,1.0070610502483397
0.3960626851852469,0.0387782961466608,0.0003033135707838569,-1.638410261772716e-07,1.007062306572282
0.3960505784088996,0.0020017110960319,0.0004850965046423573,-7.762787400107035e-09,1.0070627183038463
0.3954256393033848,0.0029582332591924,0.0006983425081411636,-3.4038720593629444e-08,1.0070711821170668
0.3927201799100955,0.004607754335566,0.001039637602734,-1.218543987783997e-07,1.0071049633422755
0.3918863516329001,0.0067490699581552,0.0014299206255252,-1.1148434583817897e-08,1.007118113499124
0.3946287167188875,0.0045841901688769,0.001034447184848,1.2208236418052832e-06,1.0070815502486632
0.3974413701704196,0.0019849424252092,0.00048147645035763177,-2.750268925352615e-07,1.0070454846736223
0.3991658175832588,0.0012064756340099,0.0002987162296285669,1.5991296350589417e-07,1.007022615878289
0.4003492777266443,0.0006947185897859758,0.0001741152612638462,2.472496799525449e-08,1.0070075841055617
0.3988035737435506,0.001887991309347,0.00045921447238955006,2.694649848009444e-07,1.0070271198539504
0.4005221177800755,0.0011875789196674,0.000293961382230492,2.3034941101674363e-08,1.0070053207408332
0.4017478562170687,0.0006989010000581447,0.00017516751359559848,-5.697215813951165e-10,1.006990546223857
0.3888283522381681,0.026263620929309,0.0023042905895949,1.095753490174452e-06,1.0071535480204747
0.3914470550387623,0.0197011125762279,0.0025544865786709,-4.712249167817733e-07,1.0071255829930543
0.39050498325757,0.0217388057395693,0.0025343621099427,-6.719324505429136e-07,1.0071365884332957
0.3899350193591416,0.0242455346669981,0.0024404833546402,7.834670447415439e-07,1.0071435817541323
0.3917418283436543,0.0110221292525962,0.0020351412015656,-9.330881681413522e-07,1.0071148273077764
0.3917388751225139,0.012820559400555,0.002223874990542,1.7759494816487797e-07,1.0071185766466184
0.3917372950872524,0.0173722925424865,0.0025088190738049,-6.699779561725259e-07,1.0071183743281524
0.3918045744614662,0.0151467230020499,0.0023997457761853,8.094569320869949e-07,1.0071159846339233
0.3929429734646032,0.009619059456623,0.0018623435249311,6.631369590613585e-07,1.0071044273929084
0.3878121988988403,0.0282258396707563,0.0021235397601644,-1.0081066128448125e-08,1.007171650506762
0.3873412139996979,0.0311562420060736,0.0017524581266495,-1.91210122270508e-06,1.007172734586346
0.3886984328938376,0.0332729811271321,0.0014275029055743,4.873730390459943e-07,1.0071579433151887
0.390213905702615,0.0349577583139709,0.0011253439642195,-7.376442244272295e-08,1.0071387790222337
0.3916518372510969,0.0357822621899611,0.0009644922061240264,1.471975411649795e-07,1.0071197699218486
0.3987675301449565,0.0388093672921372,0.00029512784674419305,-8.129838203963315e-08,1.0070283601897068
0.3989515346774117,0.0393099339717168,0.0001731463440827649,-1.5843295970675233e-08,1.0070260070284045
0.3975530238255962,0.0393054407905694,0.0001744459604346906,-1.0318214428250732e-07,1.0070431561830206
0.3974314267964212,0.0387749406872424,0.00030370365063628313,-2.495698542851094e-07,1.007044831924697
0.3929768411031519,0.0368141987245652,0.0007510350904335431,-1.621546837959812e-07,1.0071026227945985
0.3950273931462677,0.0380729692052485,0.0004697785246116924,-2.8293669868384393e-08,1.0070756376348788
0.3943637966016278,0.0372352722164133,0.0006584032026641652,-1.700075730083201e-07,1.0070843569022134
0.3965525086764279,0.0380043552847996,0.000485205359728605,-6.169441449169152e-07,1.007056497025082
0.4001768416246681,0.0388245312438603,0.000291517921085322,1.4900170033646906e-07,1.0070110899285212
0.4003499806867105,0.0393141788119766,0.0001722251055355244,7.563982771065711e-08,1.0070089891879654
0.3969224288581659,0.0028945971889119,0.0006851802851219135,-4.685916876223753e-07,1.0070528799543028
0.3962522433096582,0.0043697004990979,0.0009921088464728291,-1.4096044659367848e-06,1.0070632242766766
0.3940204367888297,0.006945075276471,0.0014629159455688,1.8353672673541872e-06,1.0070892011367152
0.395612047719559,0.0060305854951234,0.0013041424167083,-1.4740274600870804e-06,1.007072277113721
0.3983009303452857,0.0028791132906449,0.0006817641975717011,1.8091142244634978e-07,1.0070342304251092
0.4001486789100034,0.0018132344331071,0.00044179129594938953,4.924820084628016e-08,1.0070096662129515
0.3994917703474591,0.0026140787740066,0.000623394821261122,4.253651919296539e-07,1.007017898841787
0.401971989411741,0.0011140724300559,0.0002763416326942924,-3.8356452725023365e-08,1.0069878378557855
0.4031465380699605,0.0007021613461329144,0.00017601464635963454,-5.606654316951711e-08,1.0069730800656869
0.4015207625377837,0.001849844441932,0.0004502354603503256,6.45699498168238e-08,1.0069933758939502
0.4032984455681371,0.0012282176538653,0.0003039805154063512,-1.251368501936189e-07,1.0069710660321236
0.4045452339011411,0.0007042426820285182,0.00017679561604949027,-7.880649601641098e-08,1.0069555939814778
0.3898379966546573,0.0278175494925297,0.002165629056614,2.087171674606354e-08,1.0071453001980908
0.3907836038324015,0.02641281634523,0.002293560117643,-1.0176684938875971e-06,1.0071326039028108
0.3931437873569102,0.0185339234591132,0.0025372660156709,-2.685237249692165e-07,1.00710145434473
0.3935510939281323,0.0202840631037009,0.0025537327660925,4.7786059431697314e-08,1.0070990169585936
0.3923212104918827,0.0214805099378134,0.0025382407622988,-2.5501108153091084e-07,1.0071119364139405
0.3919856188313887,0.0232912343688052,0.0024810353965445,-1.5190035431058662e-06,1.0071124470141015
0.3918298473879765,0.0249915554786058,0.0023947561197224,-8.847430111206269e-08,1.0071179584176022
0.3933474344514643,0.0115903610705341,0.0021001700266788,-1.8064467722791053e-07,1.007096680668174
0.3936318490856694,0.0139030912288592,0.0023155771288302,1.8045419542123759e-07,1.0070923320908316
0.393942492996541,0.0165549904041446,0.0024779003498317,-2.9962864802762064e-07,1.0070893651437824
0.3946368394087634,0.0099023701039172,0.0019018451736909,-8.616527157757879e-07,1.0070803971683713
0.3897617566448014,0.0303624283220881,0.0018626913965157,4.702573233707594e-07,1.0071405721175013
0.3906493715777089,0.0327121745832671,0.0015151851687349,-3.103664361151374e-06,1.0071316887225898
0.3919319777718884,0.0337976612832192,0.0013341735314407,-1.3359304712559252e-06,1.0071158495855268
0.3932381547546065,0.0351252755921845,0.0010917581567306,-8.984079229448587e-07,1.007098764191776
0.3990660587540012,0.0382280140484086,0.00043284073305480337,-1.1150664505046425e-07,1.0070250009074682
0.397840740826254,0.0381663993743003,0.00044739029632767934,-2.6919995435636645e-07,1.0070394731083108
0.3945178294762113,0.0359803354913626,0.0009239055792965088,-4.317568944891346e-07,1.0070818708838516
0.3958686951023212,0.0368177431698089,0.0007499385342257986,-5.744147431206917e-07,1.0070651152866634
0.39718301979533,0.0372466243573098,0.0006555873057054495,-7.640243338667143e-07,1.007047200672574
0.4015715690732009,0.0388142708246669,0.0002942289479048224,1.339763106618937e-07,1.006993041832292
0.4017483044219954,0.0393165985505476,0.00017183906990326337,5.2590888492790595e-08,1.0069908161931895
0.4003934419196375,0.0382386288485148,0.00043041946368213465,2.890849504794984e-07,1.007008460476279
0.3977950197845157,0.004175097534638,0.0009534289283639468,-8.231703440167342e-09,1.0070407482143349
0.3971417873297289,0.0061307397736692,0.0013213258894339,-2.834132989368322e-07,1.0070478336240265
0.3962382695616414,0.0085227414936198,0.0017086579125854,-2.552948642568385e-07,1.007062235751009
0.3992822199521675,0.0038374161634935,0.0008846408577298264,2.6273920808362944e-07,1.007021657018251
0.4007939429092055,0.0029819120810187,0.0007051110815999548,4.393107279741054e-08,1.0070024155800077
0.402911503788382,0.0019040918171523,0.0004630359088030621,-4.161024325877058e-07,1.0069757046450052
0.4021633986724914,0.0027498553093983,0.0006537502923126542,-3.26265235017238e-07,1.006985891944459
0.4046712198975721,0.0012307343891181,0.0003049179159150852,-1.9110592602704898e-07,1.0069539886976286
0.405943890588597,0.0007055045421624888,0.00017729856203775615,-3.0951358441749406e-08,1.0069374980871582
0.4043927822711444,0.001861239426288,0.0004536758609997743,-1.82455087613831e-07,1.0069581096724534
0.4060559017666789,0.0012320093444247,0.00030544933948797214,-7.948173834338816e-08,1.0069359786602954
0.4073425005739236,0.0007066147504317935,0.00017770145256322187,-2.9246503461445693e-08,1.0069196401184712
0.391620041275051,0.0283715568893791,0.0021063768958438,-1.3296368861407054e-07,1.0071188288379498
0.3927838607602267,0.0264958131293106,0.0022864718298998,-2.406780152112234e-07,1.0071053234474423
0.3950405602794697,0.0187450899639587,0.0025415587981768,-8.756571621674327e-07,1.007072847970063
0.3952316997060353,0.0206304145127551,0.002549555648926,-8.722445124417617e-07,1.0070712161485935
0.3941173101865182,0.0223872307075034,0.0025172557474666,-4.979716608736974e-07,1.0070857947547251
0.3934816393897872,0.0246270752304546,0.0024171839950669,-1.0461092149557869e-06,1.007092856523643
0.395183920368107,0.0124813438503826,0.0021927584785892,-1.2009487786153442e-06,1.0070732484089902
0.3957363139824389,0.0148467335349168,0.0023815428399342,-5.118774493338223e-07,1.007066681404428
0.3964435940362941,0.0171924441539159,0.0025041766344826,-3.7303616940174893e-07,1.0070598305587255
0.3965403836941252,0.01114243391878,0.0020526734666108,-3.189395943422722e-09,1.007058624206885
0.3998196846049565,0.0374444828285921,0.0006113067371886787,3.553889315945295e-07,1.0070165418058243
0.3923289236457482,0.031171511446354,0.0017542619031737,3.1257482817423456e-07,1.0071102927487026
0.3935096736995545,0.0330369855735773,0.0014607686477738,-1.1797690073190344e-06,1.0070945040739394
0.3949164971624508,0.0339667723696846,0.0013042291727596,-9.443957868995852e-07,1.0070775103975391
0.3985805808828471,0.0370327412761274,0.0007031643523839833,-4.94380088400188e-07,1.0070309592993425
0.396110370597339,0.0351375375230482,0.0010889377803432,-1.2724450165536295e-06,1.0070612448326643
0.3973471689049636,0.0359761621824146,0.0009238499944840144,-1.4446119963409136e-06,1.0070444541085644
0.4009957196020628,0.0372967466425958,0.0006442296323017003,3.064122099938655e-07,1.006999775107044
0.4029314523203702,0.0388170267826514,0.00029370619865737,4.1619784141668936e-08,1.006975199034508
0.4031466049237503,0.0393152900799351,0.00017226463253525311,7.05706946191694e-09,1.0069722736736626
0.4018234549350227,0.0381378853438927,0.0004539148604701615,1.465340590332236e-07,1.006989663467593
0.3988253677719685,0.0055825684664814,0.0012232170576562,-4.091470147806706e-07,1.0070274780558728
0.3982981003932916,0.0078214835030279,0.0016001877230601,-1.5129582672101216e-06,1.007036335738153
0.3978504653316615,0.0099563980511764,0.0019041010535101,-3.464877427887089e-07,1.007038693171854
0.4004862885545705,0.0047917268341713,0.0010756473518424,2.8158558290805504e-07,1.007007127977416
0.4020066863871254,0.0040383734035382,0.0009262180835307688,-5.520618193620216e-07,1.0069885750948322
0.4035645894575337,0.0030094751127777,0.0007117090046524117,-5.518954584689894e-07,1.006968238823532
0.4056337471988137,0.001977588671566,0.0004806722296717153,-4.471530613999093e-07,1.0069407672044284
0.4050525300853446,0.0026867994357879,0.0006405905879684661,-4.77001508397814e-07,1.0069497623407426
0.4074749556354511,0.0012071960813309,0.000299678114046971,-8.079025566670098e-08,1.0069178307910025
0.4087410970187902,0.0007080066077591826,0.0001780519320057857,1.7165687427694774e-08,1.006901300839919
0.4071976126110672,0.0017856673222899,0.0004366319130240794,5.5797456832250674e-08,1.0069221836065012
0.4088968103854609,0.0012342359641973,0.0003061365024373806,5.6181502871703615e-08,1.006899267872308
0.4101397126064713,0.0007094555871899589,0.00017836881748697092,1.1817916873804818e-08,1.0068830882668522
0.3938214990234777,0.0285247521778773,0.0020890844718235,2.660111497572583e-07,1.0070903597984149
0.394870940328435,0.0264082543086673,0.0022929433988936,-3.896879216442045e-07,1.0070773028139832
0.3972060922775707,0.0197023412942468,0.00255402665121,-5.016101490254957e-07,1.007047642130681
0.3965403511077561,0.022130711588517,0.0025252426518101,-4.671107288200974e-07,1.0070574226016449
0.3957095578474817,0.0242664598626023,0.0024370799454003,-9.380016327051604e-07,1.0070662282015717
0.3985284272151022,0.0175738265785511,0.0025159008228485,-2.137360096165706e-07,1.007031434049866
0.3972562284896316,0.0133123580467799,0.002265798703553,2.2463272295299017e-07,1.0070472752188566
0.3978704213293189,0.015529234971568,0.0024235661288674,-1.1401512988528098e-06,1.0070400284007046
0.3986160932217688,0.0116435666490905,0.002107333544035,-5.46419967415678e-07,1.0070293201013785
0.4000518459553691,0.0362353607889124,0.0008703024325728198,4.89406366746066e-08,1.007012202291145
0.3949698944492104,0.0313027410150838,0.0017373614785537,-1.617438733092198e-07,1.007077279012651
0.3963103697862329,0.0330744473010926,0.0014550292340716,6.548764390168515e-07,1.0070583461460452
0.3989564274417121,0.0350776479754116,0.0011016463227021,-8.112189352251984e-07,1.0070259662464298
0.3978065151207383,0.0339541757523719,0.0013087230776519,-1.60906315018568e-06,1.0070378749401527
0.404304304989044,0.0388176658039858,0.0002934768790050157,-1.2366010929390713e-07,1.0069568302889638
0.4045450286839191,0.0393113340190625,0.00017315763768579223,-5.1848282979025065e-08,1.006953745834379
0.4015737478376229,0.035875575055285,0.0009443956251148592,3.430895989440389e-07,1.0069922975756815
0.4024008277995468,0.0371571459315883,0.0006747280176949447,3.5325489250465175e-08,1.006982057726945
0.40320732982505,0.038138056237032,0.0004539668317347572,5.9425625970165275e-08,1.006971464568635
0.3999880459453704,0.0069905106100262,0.001468736054761,2.756345638045291e-07,1.007011804079119
0.3997446664193793,0.0097459426231945,0.0018779953939633,-1.7545007127565547e-06,1.0070126403659108
0.4016065049470284,0.0060506788824873,0.0013094674039009,-1.1264553247264649e-06,1.0069949202619493
0.4033083440873631,0.0048531140579408,0.0010876426310811,-8.074740957258085e-07,1.0069716741160195
0.4049656197418849,0.0040200640228152,0.000922837506252144,-3.612644812724187e-07,1.006951565715444
0.4064324365610746,0.002992873520358,0.0007085452559260319,-8.96764257229967e-08,1.0069313808974236
0.4084379044657711,0.0019581779960148,0.00047640348929865137,-1.5957826433036218e-07,1.006904503092411
0.4078740706228539,0.002657970805086,0.0006344112093179309,-1.8738430499967242e-08,1.0069133701829058
0.4102703613027211,0.0012142315043122,0.0003013080762846439,1.8406251841931384e-08,1.0068814926845977
0.411538359278481,0.0007106968787591063,0.00017865825430526505,-7.3652268485182305e-09,1.006865106771831
0.4099822156371538,0.0018049608408882,0.0004410049534014985,2.1516794785469394e-07,1.0068857829817492
0.3961901607247693,0.0284441081948512,0.0020977994648295,-2.0241447673904547e-07,1.0070609569409503
0.3971633841064228,0.0261716484439216,0.0023112070432991,-2.058482380371874e-07,1.0070480260147268
0.3996763007503947,0.019590042787724,0.0025524997866501,-6.225134616006233e-07,1.0070188206544943
0.3988198613059376,0.021734945236806,0.0025340786698194,-5.840552547120254e-07,1.0070277169185493
0.3980274668346745,0.0239624319429723,0.0024534080529529,-6.159039129293221e-08,1.007037704146727
0.3995841130283854,0.0162200220563512,0.0024597922850464,-5.348105521201317e-07,1.0070177972474488
0.4006104589394013,0.0177372630652494,0.0025202989552645,1.7377343259224028e-07,1.007006164960565
0.3996589549467786,0.0140123627084499,0.0023237052213376,-3.9051000537931844e-07,1.0070161537835225
0.4008369674966117,0.0116605341259064,0.0021093189972115,4.531708688829593e-07,1.007000551520635
0.4116456594651358,0.0012306379511826,0.0003052158464684072,1.4409719348998347e-09,1.0068636429707112
0.4129370322344857,0.0007113522709660833,0.00017877074007722842,3.928858653076772e-08,1.006846611426752
0.4005511923042377,0.034348390558593,0.0012388957457702,1.1117866243806344e-06,1.0070073016242471
0.3976680195341714,0.0310914670030249,0.0017668144768202,-1.054442113457832e-06,1.00704258956876
0.399410929829014,0.0328801852526284,0.0014914079223978,1.1483913491365688e-06,1.007020857802038
0.4057214982910841,0.0387899679408251,0.00029978657920152395,-8.537803164324716e-08,1.006938242784303
0.4059435994972368,0.0393068577737945,0.0001740669090634703,-4.41891372288386e-08,1.006935404840223
0.4047451690443234,0.0380535261958451,0.0004730403705600092,-4.458896296907599e-07,1.006951027291198
0.402229681734881,0.0340208307301809,0.0012964171494714,-1.2432286654896487e-06,1.0069809199203874
0.4032160623052337,0.0356920386764759,0.0009804153310603734,-4.844362477526834e-07,1.0069696017316334
0.4039860243903925,0.0370017459066065,0.0007080072714048842,-5.127497911360707e-07,1.0069614851703337
0.4072201015137073,0.0387912405160084,0.000299413786827611,-9.837380190140729e-08,1.0069190253704423
0.4073422464600923,0.0393030358700291,0.00017490205604830277,-3.3466434345139896e-08,1.0069174505074474
0.4019555551516731,0.0088925062167704,0.0017626079463372,-3.1836997565812933e-07,1.0069843420655664
0.4032075745319184,0.0069121949058675,0.0014517012901735,9.467685455731324e-07,1.006970892343718
0.4046306517836234,0.0060158529178246,0.0013011372059059,3.961472797395e-07,1.0069538102287885
0.4061741538159378,0.0048265442938076,0.001081427391288,2.1103559890616046e-07,1.0069341349888317
0.4077556011628498,0.0040070748656866,0.0009194494783355052,3.4928718886851613e-07,1.0069150836676677
0.40920176190264,0.0029900460177137,0.0007076740341329502,2.9794045292328304e-07,1.0068952557750157
0.4113123169191745,0.0019077299618413,0.0004646612508041161,-1.509978712924073e-07,1.0068675109826837
0.4106542186670873,0.002655617477742,0.0006335722822210682,1.2458743952574814e-07,1.0068772393527796
0.3986064072061481,0.0281231356525613,0.0021329596249138,6.684859758754269e-07,1.0070304270195811
0.3995369837851084,0.0258371787537841,0.0023363243650997,1.279459043008965e-07,1.007018728643544
0.4020346344519057,0.0194899979696025,0.0025520558921909,3.655722696595182e-08,1.006988692996681
0.4012152857831195,0.0214948494994147,0.0025384510232572,-3.031952396464014e-07,1.0069978526791763
0.4003946628620273,0.0236334243215543,0.0024688464534573,-1.883137703144937e-07,1.007007373426407
0.4013395877202982,0.0157320870377245,0.0024346227022341,1.9645227376470693e-08,1.006993539651407
0.4027993756929812,0.0175445801861998,0.0025141885632987,-4.545329293883138e-07,1.0069775316475356
0.4033224400663897,0.011440506899109,0.0020843392237057,-4.288161922261891e-07,1.006968956728281
0.4021370575768226,0.0136770751399158,0.0022968903824287,-1.2039754468418552e-07,1.00698505516317
0.4130637403598008,0.0012327901853517,0.0003056056293756866,9.5417416461759e-08,1.0068450356963998
0.4143357102785076,0.0007112397292801066,0.00017864633561505677,1.3008685013715567e-08,1.006828745386528
0.4127907538775116,0.0018521182462465,0.0004518566396649292,2.766484739132682e-07,1.006849158096655
0.4144877681164834,0.0012478134834839,0.00030913019468080074,4.115076137001508e-08,1.0068268088579495
0.4157343793257973,0.0007105203442787614,0.00017835913317333044,5.077424081502711e-08,1.006810769592678
0.401310685916052,0.0319527012192989,0.0016355992948874,-2.915662214756501e-07,1.0069944100916022
0.4002322910684693,0.0299998443526662,0.0019129824924828,-8.77608740681642e-07,1.0070103601928986
0.4028660762405938,0.0319701990778749,0.0016325241047746,-1.6430826855318918e-06,1.006971879102713
0.4061836393931557,0.0379955095341668,0.0004863501875128979,-1.997497868405823e-08,1.0069322691735827
0.4052790519641281,0.0371806946865928,0.0006690019928610571,-2.868304601358288e-07,1.0069438014118322
0.4040964928131448,0.033782139711128,0.0013385881009377,-1.1877747849495408e-06,1.0069597075933718
0.4051554537415235,0.0357471496237783,0.0009698839837582011,-1.9706811963072e-07,1.0069474878364395
0.4086151513454094,0.0387678570939381,0.0003048341368814867,-5.2542090812227176e-08,1.0069014623031671
0.4087409032192067,0.0392998972418711,0.00017555640686665354,-2.2693696495929443e-08,1.0068998015862576
0.4076768677898513,0.0379457889563256,0.000497711768976446,-3.400093506878956e-07,1.006913544832906
0.4099965232856579,0.038775226968033,0.00030302815993980353,-4.67165988128439e-08,1.006883909318489
0.4101395342608276,0.0392973013285138,0.0001761417624760642,-1.0737553907695678e-08,1.0068820664041835
0.4046186634453965,0.0087774264136955,0.0017471140069743,-1.891975698388544e-07,1.0069539928214215
0.4060006356121953,0.0068773975691074,0.0014454127983413,1.054625885402584e-06,1.006934316789835
0.4073877489258385,0.0059837821403963,0.0012941515020726,7.637248417892339e-07,1.0069177849338764
0.4089671093449344,0.0048280281942574,0.0010807333649422,4.671817608862946e-07,1.006898015788085
0.4105447286771653,0.0039916301497016,0.0009161084535474593,3.35950794227499e-07,1.0068789552741284
0.4119976403543427,0.0030464214476606,0.0007195810231785479,2.3126981064679706e-07,1.0068592428472736
0.401066975045289,0.0276742029345101,0.0021776993936856,-4.664170896324681e-07,1.0070004423006542
0.404269218270348,0.0193305144757305,0.0025506405419441,2.619980846124245e-08,1.0069593312081555
0.4019541207948935,0.0254618003557725,0.0023631115237681,-2.3085108614448257e-07,1.0069880735949115
0.403637167271656,0.0212427406630369,0.0025426004711424,-2.0408804187827249e-07,1.0069672411975077
0.4028118758381275,0.0233108336422059,0.002482812843379,-2.7362892305841e-07,1.0069771501896876
0.4036464324346752,0.0155896667138197,0.0024268029423142,9.104133535377022e-09,1.006965685544042
0.4049430853149395,0.0173447514432608,0.0025076721843306,3.494153982421275e-07,1.0069509036398314
0.4058906897916572,0.0114058589259283,0.0020805763482904,7.843703583373115e-08,1.0069372828124683
0.4046966077007869,0.0135425615069376,0.0022857700074852,4.8174655788028935e-08,1.006951759333904
0.4140574385519101,0.0018711273073856,0.00045604428135071097,-3.1211489043693494e-08,1.006831852450318
0.4134145616196161,0.0026538021964657,0.0006330293224522377,2.513672999376128e-07,1.0068412356953542
0.4158629928644734,0.0012315114582248,0.0003050058655385001,1.318026605365671e-07,1.0068091894848454
0.417133026192909,0.0007091761616925024,0.0001778784950359346,3.42042928090456e-08,1.00679303961734
0.4155887186762428,0.0018549623600659,0.0004521019147754999,3.832656018969722e-07,1.0068132543379775
0.4026457096884597,0.0296556010681667,0.0019570433407939,1.3586510784008886e-07,1.00697813262766
0.4045956628056465,0.0312203446361173,0.0017463398595084,3.418878838008022e-07,1.0069520405508376
0.4067637149384992,0.036896221730934,0.0007314501633732272,-4.943131324696028e-08,1.0069256099899404
0.4059064805848186,0.033501432660225,0.001387573987222,-1.3954064038471573e-07,1.006934924072654
0.4068390471099213,0.0351948880197554,0.0010758572144417,-6.483632037609792e-07,1.0069246883498124
0.4090476803497688,0.0380001940108064,0.0004850035211848758,3.4006713899585815e-08,1.0068957738664306
0.4082396084927201,0.037165962615519,0.000672033210039293,-6.325193936485385e-07,1.0069056597596011
0.4114149700179382,0.0387748104023352,0.0003031902664318662,1.685590853857664e-07,1.0068664338821829
0.4115381291948276,0.039294753739284,0.00017689821725046077,7.473357650303967e-08,1.006864823266758
0.4104048492803524,0.0380655817894326,0.0004699095713011922,-6.264995853088477e-08,1.0068788740023704
0.4128358531488399,0.0387787405008054,0.0003025243229653057,-3.737174510692258e-08,1.0068477087130796
0.4129367190597833,0.0392918132146747,0.00017771870388364144,-2.9415307790655686e-08,1.0068463713705085
0.4072535919062831,0.0086137173268951,0.0017248398382408,-4.898948937519595e-07,1.0069205958714005
0.4086929527183017,0.0068929539467888,0.0014486182202069,3.1239032385812184e-07,1.006900094471004
0.4101822225335268,0.0060480286180303,0.0013055992461585,3.953812242519543e-07,1.0068825809785773
0.4117374886347555,0.0048327096345763,0.0010811953120741,3.527164605256704e-07,1.0068620921703264
0.4132324307453317,0.0040158637165901,0.00092079229412924,4.180879455350985e-07,1.0068435464157153
0.4034884555064184,0.0272348235246107,0.0022199205584605,-5.0549463905577254e-08,1.0069683427875484
0.4062802018505666,0.018930696651513,0.0025461422561656,1.1208944055227224e-07,1.0069319447080736
0.4060124912798263,0.0208138254595458,0.0025483138032847,-2.584852538981193e-07,1.0069362784543838
0.4044208064321703,0.0250806675824847,0.0023884607482988,-4.712808361315154e-07,1.006956519849049
0.4052427088223231,0.022953634927961,0.0024972057677013,-3.167388061940865e-07,1.0069461597755185
0.4060093906042508,0.0154685356166531,0.0024192034891848,3.87492683815101e-07,1.006934779631984
0.4066538930195592,0.0172046457886469,0.0025014483300116,-1.0454926296280792e-06,1.006926465360034
0.4084442580424682,0.0114978513193836,0.0020911616556216,-2.2541859033527945e-08,1.0069047028071962
0.4071736356459228,0.013674223210193,0.0022970879747897,-1.914830283597916e-07,1.0069203477575044
0.4172431971683958,0.0012275120758543,0.00030386474427974964,7.86051924622879e-08,1.0067916615847496
0.4185316559543707,0.0007077280810829982,0.00017741353140573036,2.1069428746365473e-08,1.0067754093156962
0.4147611720417004,0.0030064264150811,0.0007107998292963971,4.174462621080668e-07,1.0068232805606043
0.4169072869959814,0.0019135582082433,0.00046541809979992873,2.4166069089754832e-08,1.006795436276522
0.4162688682084107,0.0026526658128885,0.0006324310008403836,3.899388473365715e-07,1.0068047290510616
0.4050118162806542,0.0288833832797895,0.0020477765264981,-5.312977783498192e-07,1.0069476899497871
0.4066828505840954,0.0308899213964319,0.0017936467265723,-3.2289607020991626e-07,1.0069244754623303
0.4082425595928527,0.0357889816238747,0.0009607716729780864,-7.723953590146589e-07,1.0069046199345342
0.408120083679023,0.0334750087408456,0.0013935067332198,9.319647304841192e-08,1.0069094945963712
0.4097168155017884,0.0367369316242876,0.0007652935147164292,-3.504205412948698e-07,1.0068880414670045
0.4117932463952271,0.0380977956204668,0.0004626906402493727,4.1079765105631356e-07,1.0068617355788645
0.4111208511752028,0.037149943884466,0.0006753022932305914,5.143973708909881e-07,1.006870601924644
0.4142148866952406,0.038782018815736,0.0003016787728916497,-9.661605355626656e-09,1.0068305652576528
0.4143353529426681,0.0392886971313659,0.00017842375729254192,-3.3806811261134607e-09,1.0068292111388144
0.413152493060951,0.0381210040232442,0.0004575465418764521,-1.74985992520652e-07,1.006843588565242
0.4099392112975683,0.0085863059983319,0.0017214086581042,-8.473441649580463e-08,1.0068863473245118
0.4114108610178794,0.0068820988098921,0.0014475250712235,-4.8570530084058015e-08,1.006865346874893
0.4129019248382313,0.0060748122165758,0.0013106318950514,7.123650820577259e-08,1.006847054791331
0.4144727753512902,0.004874510921964,0.0010895221065807,2.5327024649200426e-07,1.006826473655256
0.4058619760449285,0.0267565240556634,0.0022622065182824,-2.993542172525465e-07,1.0069381307574063
0.4078047071214797,0.0181459406124797,0.0025307639098513,-8.679912329700349e-07,1.0069127709088257
0.4081891589606033,0.0199354354711486,0.0025539979178006,7.93447709729695e-08,1.0069092973208125
0.4074841772035183,0.022242180017858,0.0025214421505211,1.7592284340413813e-07,1.0069175553870136
0.4067091867560083,0.0245110866385541,0.0024237691561859,-5.805648365006876e-08,1.0069273830653926
0.4110117997231707,0.0115074931291212,0.002092126762769,-4.184845646058583e-07,1.0068725772147238
0.4082555328142186,0.0161113148850214,0.0024566888959809,-2.999504419633323e-07,1.0069051543158591
0.4096591400540736,0.0138261372080477,0.0023093394960388,5.221274237585517e-07,1.006888861048043
0.4186660585497504,0.001208243113888,0.00029905875342908463,3.938470623285565e-08,1.0067736288697866
0.419930339523702,0.0007065001379594514,0.00017707964237754454,-1.3733109145764783e-10,1.0067581574739184
0.418325841695188,0.0018465666626684,0.0004497436691402209,3.0972645159900333e-07,1.00677838691816
0.4201048610638084,0.0012246750799539,0.0003029533183967888,2.6989737456694944e-08,1.0067560545503584
0.4213291065551622,0.0007039547754321615,0.0001763385200528895,5.0119994092107275e-08,1.0067399309826748
0.4161630629302854,0.004003465409774,0.0009184006393253884,6.700556531779849e-07,1.0068061506653625
0.4176026491798202,0.0030631447194306,0.0007227731242593531,6.114741067887721e-07,1.0067874223778068
0.4214890787022808,0.0012282909404186,0.0003035695093984286,1.227277251451611e-07,1.006738003609379
0.4227278590588953,0.0006991707561740565,0.00017518997411917217,-6.910297453806719e-08,1.0067228753639257
0.4074633832429422,0.0284414974292353,0.0020978419279032,2.05450163481758e-07,1.0069168785111076
0.4155587035378432,0.0387612458140568,0.00030672947928457123,1.2015042218153978e-07,1.006813689972332
0.4157340507755601,0.0392861575577807,0.00017910001084435,3.9356238357662906e-08,1.0068114793626863
0.4092692027777481,0.0305679698602224,0.0018399548772131,4.91235513963663e-07,1.0068957637195195
0.4098288399872066,0.0349112256834063,0.0011310991911024,-4.616739134167464e-07,1.0068855577869789
0.4100605317281623,0.0329292708421381,0.0014819643441024,-8.100221594768844e-07,1.0068827984861235
0.4112299769951835,0.0357933608406114,0.000959539181245986,3.4866837310232765e-07,1.00687011639822
0.4124993057845901,0.0369262940153411,0.0007246559875290396,3.49937978306694e-07,1.0068520529881333
0.4145453728143037,0.0381640196638246,0.0004476933570413513,1.6563017914508385e-07,1.006826270289461
0.4138520250898861,0.037296742729099,0.0006437531543737323,8.989848540199291e-09,1.0068343009991008
0.4125787931413479,0.0086619988382124,0.0017326396033073,2.873816540690052e-07,1.0068519642987208
0.4141523956095276,0.0069867948097532,0.001464981691844,-6.612129551057491e-07,1.006829929308887
0.4157586267795414,0.0061399397069104,0.0013229578172723,7.606487754421948e-08,1.0068100163023566
0.4134539352195831,0.0114821481579549,0.0020887862302026,-5.4122636821685424e-08,1.006840875828681
0.4081863549681093,0.0261606814673828,0.0023114485766888,1.826411106488666e-08,1.0069078967816765
0.4095778866830903,0.0181163242269728,0.0025299054837225,2.171024436145538e-07,1.0068870155125074
0.4102116607822654,0.0198692675188809,0.0025518946446282,-4.966981367119493e-07,1.0068818917849482
0.4096599670442059,0.0217608908450538,0.0025325383906,-5.704400719527572e-07,1.0068882851357082
0.4089153022416538,0.0238884246948277,0.0024569064345758,-3.6851494178484144e-08,1.0068981476492005
0.4121802046965039,0.0139986827114846,0.0023231930430208,1.094300927473967e-07,1.006857881848081
0.4108918728446075,0.0161625313447008,0.0024590307681202,1.498715827528673e-07,1.0068733699017127
0.4228741147154819,0.0011885088205361,0.00029419671450223324,-1.850436399920913e-07,1.0067210580790598
0.4241264994957908,0.0006932580248635598,0.0001739482182185247,-5.8519267456544914e-08,1.0067047540299396
0.4196255783916555,0.0020017973101897,0.0004853931531028654,-1.0012891468900165e-07,1.0067615837649149
0.4190261962902328,0.0027884241236553,0.000661834528325417,3.126213645673878e-07,1.0067704374725523
0.4210909534495082,0.001969724889601,0.0004776448963274142,3.7810812785086156e-07,1.0067432071534783
0.4174074958218861,0.0049744920885122,0.0011094745331795,4.6375590017916565e-07,1.006788638710281
0.4189692575671842,0.0042308013809307,0.0009646003627708688,5.473802340024539e-07,1.0067709515881245
0.4225661372767078,0.0018968813761473,0.0004609104415183763,-3.3401318105591705e-07,1.006725146993657
0.4097607623597192,0.0278796198249686,0.0021579680614769,-2.863516805282989e-07,1.006889005851057
0.4169226012315974,0.0388559540780533,0.0002842433238359016,1.317458505143459e-07,1.00679640853449
0.417132776286686,0.0392849425752862,0.00017966402442943236,7.45876677716231e-08,1.0067937841445334
0.4158279420095328,0.0380857162998014,0.00046595025545128087,1.2107262555612912e-07,1.0068102276054516
0.411072730123677,0.0314702316742139,0.0017103605339438,6.762044108236413e-07,1.0068746320717723
0.4113080027456815,0.0292793985545834,0.0020003505225366,-1.1429372028259263e-06,1.0068679357509718
0.4116315098078992,0.0337023247499078,0.0013538758590244,3.825901662983129e-07,1.0068614672689702
0.4125825397144137,0.0353334450862597,0.0010492007507011,7.38665392019565e-07,1.0068514137479103
0.4139238254523897,0.0358747811724163,0.0009439579799794215,3.105272942862766e-07,1.0068327222009208
0.4152414472205615,0.0369588381095584,0.000718999728498453,4.27023250541588e-07,1.006818253901006
0.4145444185307785,0.0138840187966248,0.0023141168952353,3.5991084464540765e-07,1.0068267653212288
0.4153113915906829,0.0088683830662963,0.0017616074522752,1.1330925631747857e-06,1.0068171687729308
0.4170446393735768,0.0071319919451624,0.0014901757700209,-2.802251594873739e-06,1.0067939463926316
0.4159614669214745,0.0115797864543387,0.0020987855467862,-4.811401075453505e-07,1.006810994247704
0.4103856178847422,0.0254818439915061,0.0023624209890798,-2.565126839937294e-07,1.0068795459504898
0.4120274145672305,0.0185216175933417,0.0025414232215783,-2.912668237077665e-07,1.006860404826934
0.4116944762240642,0.020889198218786,0.002548912855791,-3.709318486291839e-07,1.006863739078664
0.411042595993236,0.0231884515743127,0.0024884548035768,-1.772062500209955e-07,1.0068709070470467
0.4136510582521996,0.0164013661363836,0.0024718322946704,6.908101177566945e-07,1.0068405584073308
0.413989286923251,0.0184934015210169,0.0025400894739713,2.9897703947233976e-08,1.0068372078812402
0.4157239537720131,0.0159207378750529,0.002446498152566,-6.397313981372924e-07,1.006811496325282
0.4244784311918064,0.0012344133370679,0.0003053305949101229,-1.0217644031872437e-07,1.0066999922625686
0.425524986182978,0.0006873790499263143,0.00017263856403666668,-3.1054642157122866e-08,1.006686283764974
0.4239932679390676,0.0019318725868825,0.0004691808939521308,-1.1058390910680473e-07,1.0067062488951903
0.4204593901876485,0.0032623049745781,0.0007642743420323274,5.874569848053716e-07,1.0067506544808174
0.4219509234693121,0.0028260669436392,0.000669722969740568,-1.87552017937426e-07,1.0067334421846843
0.4189610950595995,0.0064668586878641,0.0013836337031891,6.894394070807062e-07,1.0067652780834646
0.4203587188639185,0.0048295836915437,0.0010803699030932,1.0211419248664097e-07,1.0067506597694846
0.4232309735346755,0.0030415488949815,0.0007166156077389924,-3.82194399053708e-07,1.006715284771557
0.4118952314754112,0.0270437177087731,0.0022377824756052,-7.521094757776445e-07,1.006860362400671
0.4183354308022034,0.0387543773220431,0.0003087907572749621,3.070651956109357e-08,1.0067785655935444
0.4185314675575645,0.0392849496910474,0.00017973870919099213,8.003425794803234e-09,1.0067759972943795
0.4172654412840986,0.0381295472430795,0.0004561313214188428,4.04137289038261e-07,1.0067920644034876
0.4166189455088925,0.0371883469659488,0.0006681204172127858,2.3030583607362562e-07,1.0068005422838335
0.4126841684658084,0.0311507964307826,0.0017567637192753,-4.002395243766167e-07,1.0068476356579714
0.4132614605612325,0.0285332794007018,0.002088155477931,1.1481019036382513e-06,1.0068416454521696
0.4139083231979855,0.0335345791863181,0.0013839388167072,1.310533504599427e-06,1.00683831134368
0.4154597961150055,0.035002265650511,0.001115366105815,1.2689733718212966e-06,1.0068154422929705
0.4166708042077614,0.0359350044112436,0.0009326927759606904,6.126105831588031e-07,1.0067983739587234
0.4167114240266354,0.0139306671728311,0.0023174972983501,-7.440830803527796e-07,1.0067994540790333
0.4178595423294872,0.0096367980372555,0.0018664248061453,6.857090478540738e-07,1.0067863259216403
0.4178586944112575,0.0121794228338126,0.0021606265628747,-4.157259813901077e-07,1.0067857158414886
0.4199631233139916,0.0087376043391205,0.0017383766089729,-1.6846807642181523e-06,1.0067581976288364
0.4125134601845129,0.0247298693333336,0.0024118116466351,-3.629866687925582e-07,1.0068526135632003
0.4135689109526042,0.0202126300379401,0.0025525547633985,3.541655901042315e-07,1.0068387110724029
0.4130612353425592,0.0223792697826497,0.0025164557501459,-7.086667838151893e-07,1.0068446574649228
0.4153938169950894,0.0177977221331693,0.0025225126702793,5.116961389126071e-07,1.0068177860346232
0.4149956768402532,0.0193689357861799,0.0025517252318663,-4.0616315005760806e-07,1.0068224501647949
0.4167844099414955,0.0172870828915028,0.0025059249777687,1.0798772548299205e-07,1.0067968558585805
0.4175571965540015,0.0157732365240442,0.002437831890704,-1.1820540240661628e-06,1.006789717240088
0.4259483715174465,0.0012291282520479,0.0003044540869968421,-9.839177607531429e-08,1.0066809971190078
0.4269233214423328,0.000683297303051812,0.0001717546775951595,-5.92137551410069e-09,1.0066684713569387
0.4253829665422644,0.0019478299721568,0.00047299833587761546,-4.040998142332853e-07,1.0066884690064155
0.4247977783444105,0.0029063060057879,0.0006874433030998039,-5.076913176147993e-07,1.0066962544499278
0.4221566700007342,0.0043815254950929,0.0009955150597483144,-2.523096150700236e-07,1.0067290764133463
0.421224308823855,0.0066053786605123,0.0014081038677362,-6.594586876673267e-07,1.0067441434067612
0.424026416162714,0.0044672124537145,0.0010117623165577,1.461025697695186e-07,1.0067068683270788
0.4141215165996885,0.0263704736024224,0.0022958305120303,8.147842215637331e-07,1.0068344159632785
0.4150002947741685,0.0280528188111598,0.0021392947466802,3.481833757602563e-07,1.0068202921019362
0.419809272902742,0.0387568304204605,0.00030829299619999955,5.154421944868468e-08,1.0067592579177018
0.4199301076745181,0.0392853408047913,0.00017970171792226137,1.9893114872218345e-08,1.0067577133439585
0.4186869837800921,0.0380715978906304,0.000469592545285156,-7.176269222499515e-08,1.00677388274
0.418089092822508,0.0368326287660612,0.0007464235728004361,2.506695045538468e-07,1.0067820403642938
0.4211784201348541,0.0387480032400813,0.0003104266532007187,-7.838437355549978e-08,1.0067414218743411
0.4213287327802595,0.0392856777553304,0.00017958173540275524,-3.499053236569678e-08,1.0067393985072968
0.414922984358375,0.0303849650189704,0.001863585370445,-7.438816448124794e-08,1.006819866277209
0.4158586889868198,0.032890528116088,0.0014859857513927,-1.160394656860499e-06,1.0068108532430884
0.4170747908051614,0.0337668907543043,0.001341547955225,7.965978342087654e-08,1.006793711014044
0.4183865033050258,0.035109296405809,0.0010949157069833,-1.626496650518117e-07,1.0067778499549276
0.4189622760375431,0.0140395533170473,0.0023271318520942,6.247602477306713e-07,1.0067741727447206
0.4198724432219932,0.0115352698768959,0.0020958029051793,1.9502010291477084e-06,1.0067578587907358
0.4216906262006996,0.0092843989107543,0.0018135063454137,8.076755387332289e-07,1.006732790742893
0.4145138295927458,0.0240020899978294,0.0024526061976696,-8.109545635876726e-08,1.0068274953655398
0.4154680028323115,0.021499386191324,0.002539670786821,5.677939404172197e-09,1.0068144671966748
0.4168955078658984,0.0192716794387054,0.0025523845857993,1.1093180232351809e-07,1.006795460090457
0.4183457955376002,0.0176689730254359,0.0025188126471344,-1.5276854155973826e-06,1.0067757925577003
0.4192132112630197,0.016047524244406,0.002451824769275,-2.760719868754054e-07,1.00676731559361
0.4270975404931958,0.0011725913720027,0.0002911307193396774,-1.1296890107277624e-08,1.0066661164164126
0.4283216346053319,0.0006829662559640324,0.0001715748834229704,8.347595916223564e-08,1.0066501709552658
0.4267993035532367,0.0017888652139943,0.00043697831892251744,-1.3648093088653886e-07,1.0066701952924408
0.4284644931846303,0.0011526359506014,0.0002860722321470259,1.6598810908410186e-07,1.006648169820078
0.4297201248777689,0.0006854853544517388,0.00017197237812391935,9.630663707945089e-09,1.006633027770791
0.4299046691225858,0.0011594993633404,0.00028748674391491664,-1.5776968924571216e-08,1.0066306482485816
0.4311188404830409,0.0006874435638408334,0.00017259317629198613,-7.089792187813718e-08,1.0066156798284327
0.4262381453485573,0.0028211326088335,0.0006699899662533292,-9.423585951298064e-07,1.006678885610247
0.4257220334039178,0.0040359202488813,0.000925687385315402,-2.535856069662597e-06,1.0066873159955316
0.4231838891274387,0.006710925805033,0.0014276737476026,2.1865895330088065e-07,1.0067169886910872
0.4250671525651075,0.0057270482725105,0.0012518713818331,-2.6723379065089074e-06,1.0066985447094356
0.4158814913821866,0.0268630604308412,0.00225146752542,-2.527777584056391e-07,1.006810098584889
0.4157876805272479,0.0253713140993454,0.0023656217796966,5.594924538705672e-07,1.006808627458221
0.4167964491437051,0.0284115900267185,0.0021018128292839,8.729528181293697e-07,1.0067955712694323
0.420183785354856,0.0380605615871911,0.00047222368987937495,1.7019594983794058e-07,1.0067542706511337
0.419507812069987,0.037150106340676,0.0006767546863125479,5.2009256310806824e-08,1.0067632806543023
0.4196874644214306,0.0358269018630302,0.0009542133579614092,-2.7854227088972026e-07,1.0067605917765532
0.4225975308355068,0.0387694322527771,0.0003050705520781743,-1.0490444648544998e-07,1.0067231645275043
0.4227273659688314,0.0392862676475989,0.00017931707533388078,-4.1832434859347046e-08,1.0067215197749115
0.4216317183018288,0.0380607313514173,0.0004720874840682499,-3.186356366309855e-07,1.0067357317593697
0.4240206388106387,0.038762176067949,0.0003065792563048384,-1.363182315100536e-07,1.0067048077321283
0.4241259885742974,0.0392872881902519,0.00017883443708496675,-6.326719765690901e-08,1.006703338784933
0.4174356162478269,0.0307228850490932,0.0018179533501663,1.4608271341890751e-06,1.0067888300138812
0.4186373359685289,0.0329413648930807,0.0014762201154257,-1.8154794941072271e-06,1.006771680860564
0.4199575356357962,0.0339143381346778,0.0013126365675742,-9.65001129238384e-07,1.006756147851987
0.4207052458309643,0.0152995957987578,0.0024119185831886,-1.3574355852942342e-07,1.0067469947303536
0.4209022959764193,0.01347505539089,0.0022789571983584,-3.47581618109497e-07,1.0067438677172988
0.4236874470871147,0.0101584460479092,0.0019314132603016,-8.21081016673692e-07,1.0067093238588625
0.4222125456298048,0.0119587687350552,0.0021425426488253,-5.766054776746001e-09,1.0067298195044982
0.4168724802383686,0.0237686011694877,0.0024629567697795,-6.625828981140775e-07,1.0067956316833422
0.4180012951290432,0.0216403421415685,0.0025366381402931,-2.48438833802663e-07,1.0067838326828384
0.4192359463727589,0.0196072368519541,0.0025531657184774,-8.451581778018481e-08,1.006767847745828
0.4204955423905594,0.0174563968629422,0.0025141402766671,-8.958444127984222e-07,1.006751888131802
0.4220324537674231,0.0163780726617091,0.0024689537803532,-8.33911557830514e-08,1.006730860061012
0.4313521042464561,0.0011668952466901,0.0002894938038400135,-1.5749852327188918e-07,1.0066129223619953
0.432517619573276,0.0006866816918769882,0.00017264140163034044,-7.93172194914758e-08,1.0065976679718105
0.4281845084790506,0.0017438700684221,0.0004264145735895447,2.673514733299234e-07,1.006650983551527
0.4274587553406906,0.0025609527336729,0.0006125514427055788,3.6220346482140593e-07,1.006659956937446
0.4295648302063921,0.0017897481150578,0.000436740488492517,1.9038627609592253e-07,1.006635264243905
0.4309040177228596,0.0019350776583411,0.0004704768828555942,-3.161469480193324e-07,1.0066181993710606
0.4272680349068239,0.0036869214785078,0.0008547188014637774,2.085316009168371e-07,1.006662874837348
0.4266554753325648,0.0056850788426124,0.0012426803607584,-2.743046911014475e-07,1.0066697218125258
0.4255514895976872,0.0080894067446818,0.001640505747173,1.1698633949393005e-06,1.0066837675838618
0.4254221835919892,0.0108177816241445,0.0020131693585257,-6.143246523019952e-07,1.006690089945343
0.4177070308096148,0.0261290060677332,0.0023143826248,-3.9881421005733003e-07,1.0067822087891372
0.4190404773912288,0.0284468883978919,0.0020980424740825,-4.140336691355029e-07,1.0067688835356046
0.4209501007792232,0.0368301725417948,0.0007467177811040069,-3.145189764011323e-07,1.0067448071518603
0.4211794475738818,0.0351110732619827,0.0010935605807544,-7.015947309490556e-07,1.0067408136556515
0.4229826360089418,0.0380762377718787,0.0004683724854449614,-1.2042668071349206e-07,1.0067180303715804
0.4223254835235936,0.0371627129424758,0.0006736345950027211,-3.6219012297531525e-07,1.0067266784826503
0.4253036857910008,0.0388568749474486,0.0002836453457398396,3.499942609095962e-10,1.0066884748329572
0.4255245823016154,0.0392883835945842,0.0001785347139676884,1.860660135231692e-08,1.0066856775342166
0.4243706756728445,0.0380644542965111,0.0004705378650353164,-4.612875042347573e-07,1.0067003039629137
0.4266833427684089,0.0387663369859336,0.0003053593304499775,-4.1647727290711044e-08,1.0066711290768724
0.4269231524459219,0.0392892361009136,0.0001782864718678334,-2.5539267460661327e-08,1.0066681415943306
0.4201094592081374,0.0312532190351076,0.0017450267659769,7.7589608078917e-07,1.00675614709501
0.4214192372848049,0.0331613989859788,0.0014405252044701,1.183372433143393e-06,1.0067388455003985
0.4227590737848682,0.0144022788811966,0.0023536777791177,-3.630274469143578e-08,1.00671826795679
0.4242423972060595,0.0123251619287536,0.0021787461722292,-1.0657072100548908e-06,1.0067038574718092
0.4192088474743032,0.0239038616735814,0.0024563285239879,-6.857571980259371e-08,1.0067656944950991
0.4203269859659633,0.0217911554766422,0.0025325596287155,-1.4997225980729908e-07,1.006753255005247
0.4213492745742642,0.0198129872605655,0.0025535433335793,1.1453443386163505e-07,1.0067406339665796
0.4225121057544094,0.018107159450252,0.0025291138436456,1.8824689293000096e-06,1.0067231532368035
0.4237841965890647,0.0164774238110708,0.0024728885716519,-3.612418042328196e-07,1.0067042564390611
0.4327276168323552,0.0011854668552495,0.0002942237808736185,-1.5188764938310388e-07,1.0065947955098016
0.4339162735827826,0.0006840924703470808,0.0001721868029460088,5.9411704818213534e-09,1.0065790178104623
0.4324562940000024,0.0018909296669035,0.0004604863519369533,-3.2614172638233145e-07,1.0065986595994367
0.4288521619106968,0.0029399677583321,0.0006971414166835841,7.458212673140992e-07,1.006643700450658
0.4303352395646217,0.0027499255209046,0.0006543411526477656,-3.070967907897403e-07,1.0066266173518597
0.4317732000554055,0.0028906679203555,0.000685395856879752,-3.7216535075675866e-07,1.0066070455324083
0.4285219828543579,0.0049436312279946,0.0011055272574219,3.882046089166437e-07,1.0066473067079469
0.4278021586674945,0.0076275450830985,0.0015698061570263,1.510818553378035e-07,1.0066563799734978
0.427136326305166,0.0101274283586259,0.0019270837946581,-3.3515845110477775e-07,1.0066631339678784
0.4264653914531728,0.0124167623577463,0.0021872371762352,1.1877258283088358e-06,1.0066761268518345
0.4203617894275293,0.0261372237738956,0.0023127592304823,-3.701286195475064e-07,1.0067532499296226
0.4214451309033396,0.0285132497086985,0.0020899690714542,-3.461411113386506e-07,1.0067388294681534
0.4224822441661802,0.0358259729045829,0.0009537929880254156,-7.076724568823916e-07,1.0067238134138623
0.422755493494038,0.0339273658076573,0.0013130647355156,5.005114000124664e-08,1.0067201307768467
0.4237262821327255,0.0368348555616677,0.0007450438909339802,-9.080498977090936e-07,1.0067083201388505
0.4257412263554751,0.0380816905136721,0.0004664708406989819,2.173108936622099e-07,1.0066831555104214
0.4251086616036524,0.0371539365621739,0.0006747501334408955,-1.359958023256749e-07,1.006691462699099
0.4281897221146394,0.0387904008120593,0.0002994537564326708,-9.139576814407913e-08,1.0066520428519856
0.4283217121550284,0.0392897109296041,0.0001780588453769914,-4.245277659479248e-08,1.006650367477832
0.4272250414152056,0.03802016150901,0.0004806938794967739,-2.961682683249683e-07,1.0066643122427068
0.4227765866832751,0.0310586123491524,0.0017723420658297,-4.85100990678497e-07,1.0067230820705737
0.429605291956364,0.0387602742466406,0.00030666848573823686,4.609536698683216e-08,1.006634522253692
0.4297202684333225,0.0392898255420067,0.00017799306682660514,2.2027669047321442e-08,1.00663330755804
0.4254657611752117,0.0148628355264738,0.0023863503483131,-2.834007298267612e-07,1.006688979706267
0.4219652886567707,0.0239466125754201,0.0024559539522854,-2.010418176488743e-07,1.0067334672031978
0.4225934661475082,0.021489525523918,0.0025385158318857,-3.5197782948644506e-07,1.006724924431393
0.4230621908035779,0.0197785962167658,0.0025524877779845,9.254007678198124e-08,1.006717808297474
0.4243489761725139,0.0187395682998225,0.0025449735042012,-6.560163133103136e-08,1.0066993578316534
0.4256949635384391,0.0174300501693209,0.0025112872833763,-4.974043905710389e-07,1.006685260367748
0.4341862815225448,0.0011133781184216,0.0002769950620046254,1.4400446648735672e-08,1.0065754717280395
0.4353147373983025,0.0006819021836338784,0.00017156224423871367,9.188965224466931e-09,1.0065603788825743
0.4355139288790345,0.0011788854256062,0.00029272148639761984,5.541237063189824e-08,1.006557605402645
0.4367130732812218,0.0006821764223874482,0.0001715115045851324,9.208967802824929e-08,1.006541461902454
0.4339593928095542,0.0018533199710189,0.0004519498636249177,3.592410958903092e-08,1.0065784239573567
0.433273492005971,0.0029109447071406,0.0006893416833855674,-1.612286079912544e-07,1.0065877983007387
0.4305008299383645,0.0042325177833366,0.0009672826409837944,2.6318020853265982e-08,1.006624891562552
0.4324930172396524,0.0043242507250711,0.0009840975835959853,7.220434157132532e-07,1.0065990434218142
0.4298199259318776,0.0067395712577033,0.0014266436324862,1.736824768074177e-07,1.006630938243516
0.4291344844183284,0.0096193376080628,0.001862063833986,4.222139200697588e-07,1.006641528058518
0.4285610695696946,0.011991853294702,0.0021435571558718,-3.519582967758235e-07,1.0066489028119645
0.4279302802090863,0.0142171013015454,0.0023408125017458,-2.587892800029235e-07,1.0066582181658397
0.4227901345673353,0.0264899591760171,0.0022845147433256,5.845550391578733e-07,1.006720764536429
0.4235001961359247,0.0284428281034059,0.0020964366761367,-5.165000786615735e-07,1.0067133272530897
0.4239566574936195,0.0350896573119194,0.0010984632045302,-1.4656006986087566e-06,1.0067042814227756
0.4241047013470654,0.0331980753723452,0.0014351519535512,-7.016357653072072e-08,1.0066990717478386
0.4252890069542582,0.0358664444556155,0.0009452928850711916,-2.0990285841389705e-07,1.006689310232563
0.4265048731544022,0.0368377318050838,0.00074403970637351,2.472213447767218e-07,1.0066736206316114
0.4285773187944368,0.0380839637378293,0.00046591607456815794,4.77006635031768e-08,1.0066468851478565
0.427897516891475,0.0371188274252934,0.0006826724574084187,-4.81438413043452e-07,1.00665505390464
0.4249130859279819,0.0317160983080168,0.0016727314308488,1.3010747379845204e-07,1.006697367424276
0.4250128594178092,0.0294200220201451,0.0019836513466722,-1.3514993899015631e-06,1.0066926357292585
0.4309814286059225,0.0387521431502353,0.0003088654046870128,2.9092416620667253e-07,1.0066175231464831
0.4311188321949923,0.0392894722300988,0.0001783245105608675,1.1275674771556053e-07,1.0066158005478032
0.4300342701497426,0.0379953105464574,0.0004863508306264629,6.980135752696102e-08,1.0066295083364885
0.4241372211649553,0.0249112322112613,0.0023978992847279,-2.470092883661021e-07,1.0067027951160532
0.4274604731628548,0.0164278189511201,0.0024698701849365,-5.330817782758944e-08,1.0066614101170317
0.4243385758227492,0.0229030392598349,0.0024971059965079,-1.8510591599232e-06,1.0066992789654698
0.4245071313725706,0.020743748710425,0.0025501980223183,-1.8749546247925038e-07,1.0066987891948342
0.4260435487446617,0.0194311680680924,0.0025540664885288,-8.357558520596162e-07,1.0066816044757505
0.4272073947519376,0.0182128063213751,0.0025331200130982,-7.836535919831375e-07,1.006666832999799
0.4353483572943513,0.0017936421331472,0.00043810207205945937,-2.367209908067823e-09,1.0065601862902034
0.4369142528072434,0.001161321233051,0.0002882849876019095,2.12032389745455e-07,1.0065390020684213
0.4381114120565502,0.0006856238542936086,0.00017202786404682326,7.392459027954503e-08,1.0065240537491964
0.4366603293810462,0.0017232258950034,0.0004216353391814928,4.004728045299922e-07,1.00654244767712
0.4382704000111515,0.0011744168484477,0.000291052336565818,1.615056707466857e-07,1.0065220944965552
0.4395098566138887,0.0006911978220342863,0.00017324111637664598,1.300804387969886e-08,1.0065064221153506
0.4347200614757753,0.0027444219499564,0.0006530345378903753,9.88982447469204e-08,1.0065684856377912
0.4341239130738183,0.0043246711327776,0.0009834207511728026,5.10167127996515e-07,1.0065773018638942
0.4318834817992765,0.0065116015247256,0.0013884450245318,6.084110730494518e-07,1.0066065698222604
0.4334757523126433,0.0062763377181912,0.0013478801544653,1.005770455799224e-06,1.0065846123110944
0.4308558897044063,0.0091210820819615,0.0017930672846895,-1.563820975089701e-07,1.006615997759055
0.4306097655808357,0.011505381499195,0.0020913651536034,-2.62920688446456e-07,1.0066220353686697
0.4300016025238033,0.0137207060352467,0.0023023454683536,-1.7697260932974333e-08,1.0066292291418897
0.4294028093225107,0.0158880000674433,0.0024446393166568,4.477865884357963e-07,1.006634481003433
0.4253317840126768,0.0270550328863325,0.002237289581704,-4.416524702587976e-07,1.0066907282993949
0.4257924006403123,0.033995087674958,0.0013033438492593,3.3694740856063335e-07,1.006682139545539
0.4266451667008374,0.0352873978178902,0.001059846314084,1.1145832146965732e-06,1.0066732399062388
0.4279358009194182,0.0357528068612505,0.000969662651951229,-5.151218467648471e-07,1.006653454421922
0.4292871407348553,0.0367557644801554,0.0007621928850415157,2.124766800764631e-07,1.0066390572916923
0.4266875760303212,0.0310226673250944,0.0017751252352247,-4.7916433845799045e-08,1.0066712454392803
0.4270528547308794,0.0286127968113324,0.0020778716083969,8.3469503829408e-08,1.006667641728466
0.43235436978318,0.0387695816099348,0.00030524508213586186,9.711147890950233e-08,1.0065999778814498
0.4325174301975619,0.0392887424334431,0.00017880918602215337,4.2696572309164773e-08,1.0065978090936158
0.4314071282428992,0.0380144949218325,0.00048251277596975394,7.3823669102925e-07,1.0066125637155223
0.430670097669814,0.0371590782634826,0.0006744012990930004,8.07120167527915e-07,1.006621871347476
0.426174878731282,0.0245230147044371,0.0024233678276995,3.41639371264676e-07,1.0066754896839225
0.4288353090162839,0.0179474156233767,0.0025271772151126,-3.400258632907081e-07,1.0066424217649352
0.4267034109421859,0.0218396703171487,0.0025329498483547,5.960811325439082e-08,1.0066701693209863
0.4280799840600804,0.0198336047526755,0.0025538997472178,3.499745552420926e-07,1.0066536932863686
0.4306999404115799,0.0175505510953408,0.0025159549262345,6.995209396857686e-07,1.00661853055412
0.4361155917396321,0.0026954763144502,0.0006421860618383361,3.1581635528470735e-07,1.0065508116087054
0.4380162401323733,0.0017647520770306,0.0004308944585282986,2.559678794084521e-07,1.006524595078414
0.4372406899394118,0.0024661520692518,0.0005911017082484869,6.907859932238324e-07,1.0065340088766097
0.4396389080008292,0.0011726149788156,0.0002904264578382143,6.780120817902661e-09,1.0065048925187838
0.4409084275502173,0.0006973710464281081,0.0001749104316546614,-1.018092091728413e-07,1.0064896992582248
0.4393718306080768,0.0017520281946342,0.0004276228144472148,1.358489144455391e-07,1.006508441820172
0.4411397491294854,0.0012086780313397,0.0002993491746739307,-2.0930012325709657e-07,1.0064867220859437
0.4423070855409446,0.0007030146113348912,0.0001764171519981521,7.019633354314654e-08,1.0064714491667073
0.4356405169176103,0.0041123771758439,0.000940962090293776,-6.607881351072499e-08,1.006557127346689
0.4351277309543287,0.0060101271664021,0.0013004276720698,-5.569747640553512e-07,1.0065660376365848
0.4328706711977342,0.0088136755748135,0.0017494058954736,6.711607175314677e-07,1.006592108741609
0.4345810935792637,0.0080785674230071,0.0016393718311212,-6.090335629605247e-07,1.006571980297255
0.432626418177398,0.0109405320641378,0.0020261263245144,-1.1234284291511122e-06,1.0065942249471884
0.4320690883001328,0.0132486050408522,0.0022627191478786,-4.7089794161574116e-08,1.0066026199334053
0.4314356987956674,0.0154742856495652,0.0024220129358499,3.999416178825733e-07,1.00660976464062
0.4276967645702222,0.0263016408354692,0.0023008466942954,-4.980859916195571e-07,1.006659529504853
0.4278661878570489,0.033504531014338,0.0013878394596181,-4.95783461684828e-07,1.0066550253523407
0.4293903305881767,0.0349099880564493,0.0011339300598596,6.391986867227884e-07,1.0066382149468414
0.430819087184136,0.0357504636983882,0.0009702188711258236,1.1500250399759368e-06,1.0066207104035942
0.428565752272835,0.0304349906987554,0.0018568369903009,1.1339779335133326e-06,1.0066487731185036
0.4291602769031019,0.0278142377970757,0.0021625242809679,3.3810326894615935e-07,1.006641398436578
0.433782673279675,0.0387665147212039,0.00030612037271616647,1.3968217162334653e-07,1.0065819376400065
0.4339160649062955,0.0392883087497943,0.00017907507068472508,6.028779709647047e-08,1.006580177486482
0.4326540229207465,0.0381530188580273,0.0004510389257475762,1.679842602447721e-07,1.006595673286994
0.4320911488234924,0.0368119306244134,0.0007508813992056703,6.0417091105424e-07,1.0066037794655218
0.4352039092188837,0.0387673545107978,0.00030603156167198807,-6.61045627839256e-08,1.00656288092097
0.4353146950724033,0.0392884684195925,0.0001790852694113419,-2.764882879414941e-08,1.006561400878752
0.428510978414523,0.024002032817943,0.0024503807809027,-6.313097344895153e-07,1.0066467314258831
0.4301591191776412,0.0197724033084952,0.0025536835949395,1.2222177023314042e-06,1.0066272321146312
0.4295584323053023,0.0218100629842499,0.0025324359006431,-3.202919779425797e-07,1.0066362190881228
0.4319387983401532,0.0190603185127675,0.0025474659349246,3.088074596584664e-07,1.006603895289496
0.4328723162766468,0.0173348857441289,0.002508673610336,-2.1232725964398658e-07,1.006593883101094
0.4370933030516195,0.0037676351984659,0.0008704837367795346,5.494164704279112e-07,1.0065368101379029
0.4385965780616915,0.0029369724643037,0.0006956193867493338,6.856884887091653e-07,1.0065181410200843
0.4408062543826642,0.0017997560462913,0.0004390790407402116,-3.715016406302442e-07,1.006491327439768
0.4400246513621903,0.0026565511525296,0.0006331387719801071,-2.647348161425539e-07,1.0065019648616804
0.4425627425759653,0.0011353094371866,0.0002816468605722567,1.5281487664817866e-07,1.0064680440694007
0.4437057797251504,0.0007077397475780082,0.00017737132963055414,5.528861619546376e-09,1.0064540239824935
0.4421083416836236,0.0018951528451122,0.0004608875694824158,3.057843004297711e-07,1.0064735500551667
0.4438329829265628,0.0012349861990358,0.0003055201992836328,1.3139436888382331e-09,1.006452306152119
0.4451044879663413,0.0007116147356258844,0.00017832202893518803,1.1863097918131628e-08,1.0064359559047544
0.4367036089357677,0.0056232997957468,0.0012313386390208,4.0886115009481574e-08,1.0065422029828155
0.4361548093631686,0.0080069473572702,0.0016289652469067,-7.472570506561585e-07,1.0065484607692328
0.434791803835961,0.0102448267310778,0.001944439070613,3.761375119442541e-07,1.006567853219565
0.43415800527553,0.0127644389750767,0.0022188472878917,-6.453914548266545e-07,1.0065755508541658
0.4335684359435622,0.0151031930660196,0.0024002325502265,-3.0110160144297854e-07,1.0065838899231585
0.4299291086721101,0.0258226281586186,0.0023369329394592,-3.237766947818839e-07,1.0066289891195164
0.4298811607194469,0.0324105746879195,0.0015668224104248,-3.859584094858773e-07,1.006630379463133
0.4311375929457737,0.033753145064448,0.001341979892498,6.843578641313912e-07,1.006616239524152
0.4323382123427042,0.0351128757013807,0.0010945421505635,4.1047655397691713e-07,1.0065997500933952
0.4305366642281661,0.0296365345449493,0.001957077454874,-8.505493129239448e-07,1.0066215786641044
0.4308618674610712,0.0274408698742614,0.0021975171475162,1.158144450696685e-06,1.0066165065789825
0.4341388230506061,0.0380933937280133,0.0004649185759347763,2.358867504971307e-07,1.0065770725408056
0.4334621275388238,0.0371698916304833,0.0006725273999046126,3.3673972660009245e-07,1.0065855749882044
0.4336510363237552,0.0358419516653149,0.0009515982463614692,1.0522384635327369e-07,1.0065828105506534
0.4365833424343726,0.0387493858397474,0.0003101649716509545,-3.214319923993006e-08,1.0065449176485772
0.4367132892664818,0.0392887701314424,0.00017890347369605003,-2.222771250603612e-08,1.0065432339707392
0.4355614026480228,0.0380552020151647,0.0004736412128383245,-2.826384061973524e-07,1.0065582794114103
0.4379595966646878,0.0387668586526436,0.0003058676743414161,-1.868055517617545e-07,1.00652683053501
0.4381118601484631,0.0392887141624173,0.00017875361863512978,-7.291456756070224e-08,1.0065247165453302
0.4310032752704308,0.0237149505025096,0.0024653297861811,4.0759880535475326e-07,1.0066166821455127
0.4321506178583747,0.0212358811148841,0.0025461761379561,1.7191527053590153e-07,1.0066025869070343
0.433811997974292,0.0194078801341708,0.002552207454767,-1.4151282099804641e-07,1.0065783598176827
0.4348872569370736,0.0171853095880442,0.0025033483805075,-1.9952749995731478e-07,1.0065653788985578
0.4383856280240969,0.0049256167995107,0.0011015353349814,1.4298785481268186e-06,1.0065211596424144
0.4399509334950265,0.0040989293541828,0.0009388696640508876,-3.462194584360029e-07,1.0065042524658183
0.4413762388703933,0.0030579335444124,0.0007213324752396688,1.5742326719996564e-07,1.006483785873759
0.4435581383300741,0.001863596143595,0.000453581653345644,-1.0901754197078913e-08,1.0064561988524312
0.4427586063463562,0.0028009937596037,0.000664293915628414,6.136377512000023e-07,1.0064656350770418
0.44650322020604,0.0007146348426742852,0.0001791415946466702,-5.8665082345131677e-08,1.0064185086385695
0.4452092994230632,0.0012525832496121,0.0003095762322496078,3.17017796256791e-08,1.0064346328532368
0.4447847591948498,0.0020046444853092,0.000485973429770038,1.8801448371148106e-07,1.0064396745306183
0.4466291150686381,0.0012584862992061,0.00031121599495492264,-1.5276639386142298e-07,1.006416999001533
0.4479019801184308,0.0007163812897842533,0.0001797611348510076,-3.91281169427359e-08,1.0064008057873204
0.4378691912429289,0.0072801952092948,0.0015153248844596,1.445469228318152e-07,1.0065247085548563
0.4369345268045407,0.0100930371070982,0.0019248704128872,-2.550581278372755e-07,1.0065395922734213
0.4363364137797657,0.0123283142810104,0.0021768775990452,-6.388548328679754e-07,1.0065468178977002
0.4356438537773207,0.0147524358138492,0.0023775988713698,-9.449212994172448e-08,1.0065554658284792
0.432296034286918,0.0257760600293002,0.0023411739191333,1.98328426236976e-08,1.0066008092559453
0.4318954849081232,0.0313822959336361,0.0017231760738217,6.923476920028704e-07,1.0066030428484556
0.4327239839418714,0.0330492016267426,0.0014595210816907,-1.4303123793472017e-07,1.0065940895398229
0.4338996351452456,0.0339417574050154,0.001309051443933,-5.179238482451442e-07,1.0065783664358754
0.432864795552685,0.0283925334074736,0.0021049192720929,-5.198374557660005e-07,1.0065925170538927
0.4348959040546716,0.0368174304530561,0.0007497515489616775,-1.2197156121931464e-07,1.0065670690793136
0.435089555282612,0.0351373812891656,0.0010891524109173,-4.150780433791335e-07,1.0065638432216537
0.4370156584468092,0.0380030618821368,0.0004854806564560465,-7.529382296481922e-08,1.0065394355328403
0.4362928788897592,0.0371382721907832,0.0006794669882424948,-1.696684489225229e-07,1.0065486331824456
0.439386574235986,0.0387796290781925,0.00030264030743572674,7.871810087119977e-08,1.006509306601175
0.4395104558556973,0.0392881303033027,0.00017887416572946225,4.8940238595458256e-08,1.0065076540053606
0.4382671179635295,0.0381490338465971,0.00045169611100514384,-2.8195139664959617e-07,1.0065227833668964
0.4335537741259832,0.0236631260167741,0.0024683812831591,-7.564638014894501e-07,1.0065844276730314
0.4346911707449557,0.0214334528571372,0.0025423738643799,-1.944458444249302e-07,1.0065719105708106
0.4362603090235623,0.019341082325007,0.0025537269133569,-2.479111532617015e-07,1.0065491487286549
0.4371456183795346,0.0167153278138525,0.0024849848290423,-3.9011377770306435e-08,1.006537595865766
0.4413010696806328,0.0046181762739582,0.001039558848631,1.0381276621736037e-06,1.006482992928213
0.4400214349711543,0.006398325890382,0.0013701484277581,3.927812901878012e-07,1.006501830447433
0.4426498073748355,0.0040540401418833,0.0009280942237522408,7.95171380509069e-07,1.0064659773353457
0.444094296546328,0.0032045771034818,0.0007525312137071176,-1.3393361113517206e-07,1.0064493240588652
0.4461544999746725,0.0020264990619301,0.0004911289756213609,-4.7198669269135e-07,1.0064227100431709
0.4454975758032741,0.0028309085439588,0.0006713111172723091,-2.507428598458693e-07,1.006431782205858
0.4480518721447238,0.0012443074849242,0.0003080348166350716,-8.661960305194393e-08,1.006398841285337
0.4493007317483751,0.0007165150721479727,0.0001798633657142495,-3.2930762486861477e-09,1.0063827892999966
0.4476334418515638,0.0019635383588784,0.000477071479394929,-4.2909820919025474e-08,1.0064046324887992
0.4494232290673433,0.0012516376962621,0.00030993192700944967,-1.5875605567905137e-08,1.006381213628517
0.4506994201643318,0.0007153622611475507,0.00017960525199253797,-7.665231231566588e-10,1.0063650048802977
0.4392121160996827,0.0092624647714279,0.0018138732949121,-8.909967679557964e-07,1.0065112973874653
0.4385058979802097,0.0118810650606663,0.0021327083181756,5.503113643498696e-07,1.0065216795838527
0.4378528503174342,0.0142443725300793,0.0023412153834072,-2.2446019603709465e-07,1.0065281532402468
0.4408081469016687,0.0387709489957433,0.0003047931008486573,-5.898698691643543e-08,1.006490407967532
0.4409091363985761,0.0392874978903442,0.00017907336195933606,-2.5537422981510212e-08,1.006489200937168
0.4345564145089829,0.0260612534367216,0.0023194454370314,1.1611808666301873e-07,1.0065708215137523
0.4341761273843976,0.0313508922398388,0.0017290187380966,-3.930216009571642e-07,1.0065732490881028
0.4354188955961336,0.0331582419076501,0.0014411991283467,3.224291173689146e-07,1.0065595698932044
0.4354984870941543,0.0284260453232906,0.0021000114071351,1.5019335417941038e-07,1.006561917333266
0.4364343743433188,0.0358210798597707,0.0009552666729586018,-5.264954811871734e-07,1.0065464197922358
0.4367067031372666,0.0338879767640998,0.0013194936844021,-3.196972300709289e-07,1.0065420644258245
0.437691272556986,0.0368843900575954,0.0007351350548006011,-6.73892237732116e-07,1.006530520648537
0.4396922308124248,0.038174395232454,0.000445733685381597,2.2798642057667658e-07,1.0065052863292543
0.4390540604853566,0.0373057174253585,0.0006420491371470057,-8.5649944481219e-08,1.006513705441986
0.436629793686869,0.0214728443177981,0.002540998305524,9.494049724783718e-07,1.0065454991206335
0.4378383530345403,0.0204960590511183,0.0025526721598462,8.008021196998559e-07,1.0065313724721547
0.4360456931247735,0.023718274800649,0.0024660957409591,-4.721294406492976e-07,1.0065519007879518
0.4394116938534262,0.0160922350006595,0.0024561353362126,-6.000647881556669e-07,1.0065098772720258
0.4388179723909174,0.0186767905755685,0.0025432799104809,-2.777327313291312e-07,1.0065166052090777
0.4392712265121329,0.0206127928770382,0.0025516465818047,3.963117499340626e-07,1.006507799335555
0.4420817048858695,0.0060207376251209,0.0013046733098506,4.4859252728205634e-07,1.0064767021438976
0.4412923967464479,0.008675188090766,0.0017312860607974,2.823832847088725e-07,1.006485465399029
0.4438957860801586,0.0049491446639509,0.0011050497802373,-9.725104386832542e-07,1.0064530342516191
0.4453536225488509,0.004220942860287,0.0009630422790172388,-4.954228585864612e-07,1.0064338743137469
0.4468519681447764,0.0032353858826156,0.0007597782849349585,-4.019626611299074e-07,1.0064142274776111
0.4522183111369711,0.0012485842177513,0.00030921494987769363,1.1003955210745246e-08,1.006345741020188
0.4520980120892915,0.0007137934033109194,0.00017920991805645884,2.363817561825525e-09,1.0063473392778155
0.4534965282967081,0.0007129514819919397,0.00017897332140825518,5.844248718320571e-09,1.0063293177620647
0.4507977779103047,0.0012403962407477,0.0003073041106439601,-8.947639232334086e-09,1.006363754772722
0.4489825018912272,0.0020046835770175,0.0004865869618311713,-2.791840727480284e-07,1.0063863510330622
0.4483069693294628,0.0028089282068517,0.0006668615039014097,-4.584145442459563e-07,1.0063956956075004
0.4505448772911016,0.0018728935989091,0.0004565417764513008,8.333602978974775e-08,1.00636755067014
0.4406389104962904,0.0113782139886325,0.002077663562585,5.697558328772286e-07,1.0064926792989406
0.4400752065438739,0.013697523601716,0.0022995383817797,-4.692409949711907e-07,1.0065005505570863
0.4421872891251373,0.0387506143633833,0.0003094979818678905,3.1494334235297955e-08,1.0064726506067745
0.44230793074365,0.0392879711568101,0.00017887208376177782,7.21272387525641e-10,1.0064711375671582
0.4411750295297466,0.0380600111682398,0.0004719838135328972,-3.190543976366591e-07,1.00648566542979
0.4435627663323684,0.0387642772967313,0.0003063324645182028,-9.368712463509344e-08,1.0064548593690494
0.4437067917332163,0.0392908666312846,0.00017813610693868058,-3.4520929416629185e-08,1.0064529384845142
0.4368255792345268,0.0262794567137101,0.0023021196241816,1.5641626409067998e-07,1.006540606525016
0.4368613654459831,0.0311092926008666,0.0017638234769589,-6.382639006174673e-07,1.006542625733376
0.4375322046772984,0.0283488098687222,0.002106981131778,-1.2934641613389566e-06,1.0065344363722
0.4379299321386173,0.035061028403924,0.0011037781574616,-1.5547857469908976e-06,1.0065262519181422
0.438085535958553,0.0331619441602952,0.0014405806423539,-5.305499769367358e-07,1.0065212815889917
0.4391811150772211,0.0359542068120735,0.0009277976830397544,-3.645641133758148e-07,1.0065118887184938
0.4404770010532232,0.0369187701695426,0.0007269723261913006,7.318634797494516e-08,1.0064951056925229
0.4384351425419134,0.0224201709032256,0.0025170279822705,-4.6896050298167286e-07,1.0065219404802574
0.4382194428907421,0.0247077587132122,0.0024102621690847,-4.518432260482866e-07,1.006523530778667
0.4405153133543029,0.0217348015972872,0.0025375581998404,-2.6588265752843477e-08,1.006498066039187
0.4416323111764343,0.0155049044018672,0.0024240585077141,2.927251920413496e-09,1.006482449517893
0.4410883748565438,0.017738495302491,0.00251807471817,-4.816631529341291e-07,1.00648663723648
0.4407493512400697,0.0197361300753754,0.0025542948224206,7.174522788857423e-07,1.0064927807346924
0.4419306665075064,0.0209066535376339,0.0025485898886853,-3.0968921615239285e-07,1.0064800132035323
0.4536391231109331,0.001236579571148,0.0003062686415048366,1.3977158960567416e-08,1.0063276604820224
0.4548950362492773,0.0007133269553895853,0.00017916107400554727,-5.494159661002788e-08,1.006311771077218
0.4550142748194412,0.0012282870003382,0.0003044574515209561,-1.0781057079864106e-07,1.006310234499395
0.4562935918913547,0.0007144695086811501,0.00017944377517955908,6.17280482291564e-08,1.0062931336645708
0.4428343341898886,0.0106968710794758,0.0019968251634101,-1.0052963248508115e-06,1.0064650418438292
0.44379578250556,0.0068818726380018,0.0014491330680263,4.784762287899292e-07,1.006456436807478
0.4429658798358014,0.008294515189557,0.0016750243263557,6.189000597456199e-07,1.0064616935258677
0.4450997496535818,0.0061874676337297,0.0013326417617607,-2.298042857624751e-07,1.0064371009222777
0.4466823590649868,0.0049181733339852,0.0010990937344348,-3.06693982551796e-07,1.006416786755999
0.4482287484855347,0.0040328604096443,0.0009251400870743014,-3.637278692237935e-07,1.0063978583221764
0.4532255445009758,0.0019193965003003,0.000467034196460514,1.454123845548641e-07,1.006333125235752
0.4518465378197083,0.0019370628668015,0.00047131409811332657,-4.8965123845873715e-08,1.0063499968555
0.4497451405417755,0.0030234234946309,0.0007150669687106423,-1.2102268510946464e-07,1.0063775670368795
0.4511925786475848,0.0027005379054552,0.0006435998491991369,1.8357834312828267e-07,1.006359367478468
0.4563921778208978,0.001220887639691,0.00030258566308110827,1.3164980140609018e-07,1.0062918319739274
0.4576922115243468,0.0007157168798538449,0.00017962954240453077,-9.735549249898564e-09,1.0062755650637871
0.4425537446712821,0.0130539980549484,0.002247367549186,1.8114158128767365e-08,1.0064685979264552
0.4443291316097549,0.0116875928187193,0.0021110985186914,-4.733398645776306e-07,1.0064452186627435
0.4426294822071988,0.0379926720642788,0.00048742585666830426,1.345548391870351e-07,1.0064672029675947
0.4418829005661135,0.0371591662140296,0.0006743505059782997,-3.141340560114829e-07,1.0064759962071
0.4449875791892545,0.038764807082361,0.00030613765990257106,8.46890735172161e-08,1.006437264726891
0.4451055921212696,0.0392966466658444,0.00017671534828612924,3.9603152725383124e-08,1.006435757091865
0.4438691457833781,0.0381361900996611,0.00045466000297869207,-6.425020002790295e-08,1.006450817348291
0.4389435619866364,0.0316771994823653,0.0016788568776045,7.15309231942562e-08,1.0065187081039435
0.4394033728601426,0.0269811333040524,0.002245571218444,5.022227298465727e-07,1.0065118889277984
0.4390045337205763,0.0293717543740974,0.0019877891653706,-1.5840137955493828e-06,1.0065137319420712
0.4397451285972043,0.033969261235417,0.0013066298017504,-5.608432805049843e-07,1.0065030744780683
0.4405465384792165,0.0353395438749218,0.001048740560971,6.132400306889769e-07,1.0064946370054388
0.4419174901332438,0.0357871304573882,0.0009622103398760008,-7.933343101849978e-08,1.006474714593985
0.4405263864478495,0.0241984893997514,0.0024419068081637,6.777618668045709e-07,1.006492386609187
0.4417639791837279,0.0265433815446117,0.0022809454410627,-2.699651938496917e-07,1.0064792228341153
0.443717546907003,0.0150517885466777,0.0023946559587276,1.241994844759989e-07,1.006452933167521
0.4422751617778437,0.022512417324861,0.0025130249004952,6.190404701776481e-07,1.006470525261273
0.4434762083026374,0.0171077872464057,0.0024973564078288,-5.121367416974696e-07,1.0064556636096318
0.4429082921203776,0.0193727459758368,0.0025519104279666,-9.255646949154176e-07,1.0064630586960972
0.4432838220821329,0.0211595910078617,0.0025440264239628,-1.3322460715063748e-06,1.006456764001162
0.4465042111922379,0.0393039133585059,0.00017492172956258623,-4.362567368689223e-08,1.006417509952745
0.4464069849514338,0.0387830796132704,0.0003018462361165859,-9.97687645182376e-08,1.0064188568065715
0.4578183463829495,0.0012375151351037,0.00030647724804728403,-3.148194739103042e-08,1.0062739012804174
0.459090879046968,0.0007164248772408179,0.00017986590872979885,-1.626367065880238e-08,1.0062573391715797
0.454718714156841,0.0018527014715214,0.00045166928611227046,-2.948930423140828e-07,1.0063140968354725
0.4560950833365231,0.0018151423136466,0.00044295484618922233,3.017242909377776e-07,1.0062957289653471
0.4450084339210614,0.0088597302151847,0.0017599874750059,-8.886170401875248e-07,1.006435218622463
0.4464328298458947,0.0069998294869375,0.0014674139114023,6.146377977446816e-07,1.006417830416187
0.4479262273424005,0.0060990238716931,0.0013156809910378,1.9608645791929973e-08,1.0064006528243297
0.449435449028686,0.0049226233148808,0.0010995232408612,-2.8531051881544824e-08,1.006380751974475
0.4539804948231148,0.0026917168335569,0.0006413547431650445,-7.197558269462665e-09,1.00632461548059
0.452523916424811,0.003053505093424,0.0007213399730074383,3.765736545784917e-07,1.0063418764870216
0.4510404838279643,0.0040627321376918,0.0009306121406656412,4.1754380537599777e-07,1.0063610246537824
0.4575422564023243,0.00186615674519,0.00045458554175910906,-9.150261932782404e-08,1.0062771728454736
0.4450265355352155,0.0135230182488265,0.0022865447860155,5.822260687297462e-07,1.0064383266357486
0.4463031376290903,0.0115500469976571,0.0020962489247223,-1.1092231674217095e-06,1.0064186492677196
0.4433113995735481,0.0367589770507994,0.0007620153704470267,1.4008654865167732e-07,1.0064588403751624
0.4453590897090809,0.0380746193892981,0.0004687801448972824,1.2324619187471096e-07,1.0064324418424897
0.4446825058611734,0.0371907821870268,0.0006676869724241438,3.342652837817637e-07,1.006440762827532
0.4405693121535218,0.0312749528665132,0.0017375409024191,-7.612028866765265e-07,1.0064915147549758
0.4410894930691831,0.0286586604651374,0.0020730974716832,1.5179988638309145e-06,1.0064874322659223
0.4418338984756277,0.0334991561566017,0.0013884981401859,5.541194680613196e-07,1.0064796175265374
0.4434601757263223,0.0349672309620475,0.0011215535658246,3.819619854778096e-07,1.0064572770657598
0.4428694246893421,0.0279658024123545,0.0021468035577172,1.0097841403373968e-06,1.006464216781752
0.4439543388262997,0.0264016842535252,0.0022916769397321,-6.634098505622116e-07,1.006453687831019
0.4430849966501755,0.0244873211953732,0.0024246045477796,9.533051400549618e-07,1.006462960342225
0.4458966939504658,0.015971315972746,0.002450150819848,-3.51292715430637e-07,1.006425438390407
0.4443135162705798,0.0225867872995886,0.0025104909536645,-2.682381520011217e-07,1.0064445871406666
0.4453092474291891,0.0184498544770346,0.0025374323679377,-6.837480636871372e-07,1.0064324734611232
0.4450059344204953,0.0204165520373989,0.0025531856255234,3.231271216310131e-07,1.006436535231198
0.4477737210263763,0.0387994099851149,0.00029772491795276905,-5.987631628473859e-08,1.0064019419840835
0.4479026563502438,0.0393100791950338,0.00017326330251290893,-2.208105881181196e-08,1.006400324133668
0.4466779844044869,0.0381559932999789,0.0004500963387778522,-2.003701770039171e-07,1.0064156169543417
0.4491231848189115,0.0388249134060939,0.00029147284153560577,-3.355483539309141e-08,1.0063849675348775
0.4493010379991832,0.0393138980021212,0.00017226890371209555,-4.5923612822559395e-09,1.0063826430870304
0.4592448452966992,0.0012447942082443,0.0003083147754161667,-4.3108315281251714e-08,1.0062554565610815
0.4604895508603849,0.0007162367281570055,0.0001799406808604437,-5.4772550563323615e-08,1.0062398263035268
0.4589511284614707,0.0018805724749693,0.0004581042971471364,-2.8334031864535385e-08,1.006259542351814
0.4606203803930819,0.0012439164239964,0.000308343054539645,-1.29949848592602e-07,1.006238052985459
0.4618881877442289,0.0007154767709668436,0.00017981581424844382,2.730466270894901e-08,1.0062213378781146
0.4567609138088025,0.0027096464693738,0.0006449673846052299,2.488078994309071e-07,1.006287233637575
0.4553328204066832,0.0030063342171991,0.0007103077396661701,1.861876723763581e-07,1.0063057507683095
0.4476478917662034,0.0087124727680936,0.0017401490465916,-2.704765606574037e-07,1.0064051260334053
0.4491300858630977,0.0070081839166172,0.0014689491849235,-7.199800674598957e-07,1.006384033518343
0.450626367292716,0.0061723475739943,0.0013291063497255,3.0335108885688415e-08,1.0063646854053732
0.4538717685448142,0.0040785788152303,0.0009339645370192444,3.3540068348808165e-07,1.0063263000291511
0.4523270646531921,0.0050175229549494,0.001117475175638,5.341558530587676e-07,1.006343224704192
0.458169066380992,0.0030499610644562,0.0007201816881009985,-1.2119293243116053e-07,1.0062699432298878
0.4473534701041273,0.0138099661835843,0.0023091669760688,4.1330147411231003e-07,1.006407182762821
0.4486069158266139,0.0115438527864956,0.0020947995568783,-3.568371153476272e-07,1.0063907231165308
0.4447765758612121,0.0359173500558936,0.0009361935855712208,1.8876818240396826e-07,1.0064397175839683
0.4461180329988444,0.0369759816774428,0.000715913381477402,-6.364632922292474e-08,1.0064231739504557
0.4428062301464922,0.0303937471690733,0.0018612870393086,8.819454843752377e-07,1.0064635443840764
0.443792414093393,0.032762226530851,0.0015059381893115,-2.49584668675535e-06,1.0064515416283992
0.4451354795960671,0.0337848792139023,0.0013355978333331,-7.535527782451764e-07,1.0064344985790925
0.4447143514878928,0.0285550421368772,0.0020848012209132,-1.3236837268966284e-06,1.0064398520066695
0.4457677949350773,0.026933714089916,0.0022456118359277,-6.240748865200421e-07,1.006427354846425
0.4456885187383496,0.0246792814009115,0.0024149380091492,-5.816310088344276e-07,1.0064290512144274
0.4486071603050085,0.0158801064028886,0.0024454567913894,2.2986924740119554e-07,1.0063935311061367
0.447779845275509,0.0179740727555997,0.002525694164496,-4.410887538244388e-07,1.006401344445077
0.4465519932606881,0.0222637538840335,0.0025209841802023,3.629838904244238e-07,1.006417395508394
0.4471713640366941,0.0200983192511033,0.0025536604712638,3.514317195654709e-07,1.0064090994508363
0.4505228879595965,0.0388335899156205,0.00028946216244362955,1.397935628132514e-07,1.006367565285306
0.4506994112254548,0.0393159218975118,0.00017190082243157836,7.147838421286986e-08,1.0063653779113524
0.4480551715547962,0.0381863369985813,0.0004426982456873779,-9.880988688370965e-08,1.006398065986156
0.4474711694202217,0.0373386406783311,0.0006353097217681045,-4.292651105105421e-07,1.0064053228767842
0.449394487856419,0.0382552506197616,0.00042646442047217134,-5.7383779112790807e-08,1.0063819896451764
0.4632867911013609,0.00071472587812779,0.00017961385627223743,-2.3869498668211388e-08,1.0062036840983393
0.4619884851747936,0.0012424695362683,0.0003080128919288883,5.343373230896776e-08,1.00621998620712
0.4603566332585411,0.0018793187849699,0.00045808182390235183,-3.198657246229074e-07,1.0062411916501837
0.4595929142484506,0.0027127753789542,0.0006460828492098632,-3.471596465834543e-07,1.0062518181340312
0.4617431150360675,0.0018782621254551,0.00045797014453396,1.128904689296242e-07,1.0062234484683492
0.4566644650390767,0.0041042443785427,0.0009385977613567148,1.3038939781137016e-07,1.0062877954092642
0.4552372191570045,0.0046307605485177,0.0010410816910464,5.215862874312112e-07,1.0063064676964772
0.4502243158024882,0.0088894519528067,0.0017650196843991,8.41035554229531e-07,1.0063708602443422
0.4519845123921955,0.0070948512971139,0.0014836743617843,-1.957362246050496e-06,1.0063472007454144
0.4539192173237697,0.0063849436480787,0.001368809909005,1.333356887443287e-06,1.0063200448468106
0.4594610447594091,0.0040550542035006,0.000929000338738596,-5.834461745744462e-07,1.0062540021172135
0.4578650445106447,0.0049954227091351,0.0011141454749564,-7.130327466788421e-07,1.006273176869106
0.4496635072975408,0.0137616468315226,0.0023050435259081,4.681801789237134e-08,1.0063781551693924
0.4509926088884137,0.0116027572301391,0.0021005059449291,-6.475565518981206e-07,1.006362657653259
0.4506962608563076,0.0158339407794049,0.0024430207294455,2.120090775104926e-07,1.0063645017626983
0.4463968358100696,0.0350771533284394,0.0011001906719418,-7.664380862790751e-07,1.0064180875056812
0.4476614576831991,0.0359754914268365,0.0009235998447297504,-1.2606352811351996e-06,1.0064012250994026
0.4454725200375739,0.0311167799525336,0.0017623909747507,3.729626257550985e-07,1.0064317600332842
0.4467201903130699,0.0329396891775631,0.0014764869122535,1.1731392604418492e-06,1.0064152539617002
0.4469226507663832,0.0284915827759825,0.0020922814237532,-1.360023287854122e-07,1.0064123855752696
0.4475895071164925,0.0262993042548015,0.0023003497276892,4.905932632180836e-07,1.0064024938444602
0.4482308101099189,0.0239917538453477,0.002451983285499,-3.200672463720102e-07,1.0063962353681093
0.4501675621935507,0.0177760107775258,0.0025209377526884,4.829161648969175e-07,1.0063723075719189
0.4495245555287507,0.0196684718386612,0.0025516580893119,-6.318451079519233e-07,1.0063792037096062
0.4488566083033907,0.0218172102280577,0.0025325790048254,-9.930275951498781e-08,1.0063885516317337
0.4519250724226133,0.0388161198314098,0.0002938000961803417,2.2283802090892752e-08,1.0063493212664858
0.4520977788922298,0.0393158531271099,0.00017204221648209258,8.606481339889611e-09,1.006346965195776
0.4507431157770167,0.0382538917038181,0.0004269957975423411,2.724228992933287e-07,1.006364751273767
0.4488627576051351,0.0370907889960069,0.0006901326957471747,-4.455233624106515e-07,1.0063882270981208
0.4501570395492328,0.0374725386990577,0.0006049874898793626,4.776259156277743e-07,1.0063734020020605
0.4634011912430546,0.0012417323047609,0.0003078664314298514,-7.369564953134873e-08,1.0062021133475312
0.4646853814638609,0.0007141046154432111,0.00017953931251183354,-2.1235973498287864e-08,1.006185366516286
0.4631109856395353,0.0018744897269048,0.0004571610833975733,-1.17036316324061e-07,1.0062056160589636
0.4610043879176605,0.003029060872555,0.000716241938805956,-8.908938721356018e-08,1.0062332141012076
0.4623519510076709,0.002711650867344,0.0006461884553363231,8.650476253728954e-08,1.006215782072503
0.4606311091604361,0.0048834217001035,0.0010917236724311,-1.6755279327208094e-07,1.006237176578325
0.4561479617728091,0.0062841597492724,0.001351872556154,-1.2866133545790023e-06,1.0063013965837018
0.4528811346028601,0.0094294783525077,0.0018389197683586,1.2072822773500373e-06,1.00633832022664
0.4549956229339589,0.0084677197206885,0.0017008699793724,-1.3413910124221284e-06,1.0063110949051457
0.4591523413707651,0.0060646539067153,0.0013111709581973,1.887554107446391e-07,1.0062583411485024
0.4577189867313982,0.0069322060493577,0.001457373160193,1.3475331149172525e-06,1.0062748168814517
0.4516989977420965,0.0171799327736588,0.0025013327304212,-1.764733337180975e-07,1.006351426860319
0.4517246277261844,0.013899702897722,0.0023158678352639,-3.006045441403179e-07,1.006349343575757
0.4528809515832652,0.0121668401416939,0.0021590560837084,-1.1868874268055749e-06,1.006336149250913
0.4525428854187287,0.0157239154933137,0.0024360146060679,-1.1797492267440746e-06,1.0063414528023034
0.4493078580158501,0.0351757096386302,0.0010822579487222,-4.658173613161163e-07,1.0063829905373722
0.4481190527024491,0.0338599398457446,0.0013252793665531,-1.500036092165921e-06,1.0063937996131729
0.4482163238597191,0.0308902926634856,0.0017927286666847,-7.283759857354908e-07,1.0063964094111115
0.4490911531935451,0.0282306524628466,0.0021212956278633,1.0056433299521532e-06,1.0063855198231242
0.4498566184190274,0.0258638650153234,0.0023344367448069,3.832939381175141e-07,1.0063738169989784
0.4505296890936136,0.0235727928973074,0.0024721108031379,4.569088654122347e-07,1.0063665697029816
0.4518689870212359,0.0190387816569549,0.0025478620404075,-5.85028203825671e-08,1.0063513614348605
0.4511287496374339,0.021307553905853,0.0025425948958042,2.975587535035468e-07,1.0063593911448647
0.4532928915389381,0.0388134474627119,0.00029431603171030125,-1.115813823390144e-07,1.0063310626156676
0.4534961929376676,0.039313446026179,0.000172524571822899,-6.093951294028143e-08,1.006328337793739
0.4521347470929689,0.0381774649327141,0.00044465343512720574,-7.434904260014119e-08,1.006346264461533
0.4513531593088064,0.0372497315698268,0.0006544604177851666,-7.748436996049389e-08,1.006355607552399
0.4504125298535202,0.0362345942847029,0.0008704897394507758,4.969104002776938e-07,1.0063693068975663
0.4546697592001482,0.0388219076133776,0.00029201573121375026,-1.5931070176919516e-07,1.0063128613122931
0.4548946939538097,0.0393098547750436,0.00017318707907328096,-7.453721769566181e-08,1.006310246679897
0.4648245802657669,0.0012393139503029,0.000307380924878698,-5.2972118460769854e-08,1.006183642721581
0.4660839602663061,0.0007135357588793442,0.0001795621828226619,-5.95104789020852e-08,1.006167682157221
0.4644089185089035,0.0019198854584147,0.0004676470653273913,-7.105408220175597e-08,1.0061891550663804
0.4662023066670765,0.0012353345640378,0.0003067230266204953,-1.223271551854033e-07,1.0061660469745697
0.4674825323581705,0.0007133123690242558,0.00017943007021650986,1.1035229852244104e-07,1.0061487867088663
0.4636929759138244,0.0030347925331723,0.0007175817187403566,-1.5170570486740723e-08,1.0061982134243712
0.4622089986954042,0.0040385381362132,0.0009256565210902502,1.0467627817069353e-07,1.0062175561955469
0.4603422437014288,0.0067949182035114,0.0014334574975485,4.148696290987909e-07,1.0062401463447186
0.4618729585617943,0.0061148732315786,0.0013183148311172,3.0218491744857776e-07,1.0062215655690565
0.456783507267799,0.0088701036727686,0.0017586336003791,-2.4834503817251724e-07,1.0062825025096516
0.4552462937025563,0.011369913180815,0.0020781410270808,1.3736055432848262e-06,1.006305492072362
0.4589726006797985,0.0086829583302061,0.0017336898813855,2.908217663629251e-07,1.0062578949055316
0.4532192932073862,0.0175271031256966,0.0025133892517069,-3.4394319485482897e-07,1.0063288498553942
0.454086569699894,0.0141280538517374,0.0023348806088882,-1.6257175056558717e-07,1.0063229930612358
0.454121075491264,0.0162190541344701,0.0024608350056048,-6.029419490059213e-07,1.0063211044567797
0.4537152328799864,0.0190659165256052,0.0025462838340709,-1.228557581433906e-07,1.0063259816918642
0.4510266979499773,0.0343454599052755,0.0012372021835831,8.200938718370327e-07,1.0063618458987875
0.4499492930317967,0.032820464381497,0.001501443996344,1.0429745641278095e-06,1.0063734253048435
0.4507848691858074,0.0297345983931627,0.0019458146107943,-7.824043919718467e-08,1.00636674349656
0.4513650149084823,0.0276010292019615,0.0021842189467888,-2.9197966524690026e-07,1.0063583075658709
0.4523286560627154,0.0254890687436343,0.0023631575743383,3.886613172836813e-07,1.0063448994260786
0.452758078649982,0.0229693799150723,0.0024974312427941,1.1149948488799643e-07,1.0063388704842762
0.4532233565581481,0.020779175714257,0.0025483214413015,-7.344487710320807e-07,1.0063321012559725
0.453563081112391,0.0381382995973498,0.0004534060506660057,-2.709810599155492e-07,1.0063274183038844
0.4527998643532507,0.0370738059713046,0.0006924087283917327,-4.28642683610047e-07,1.0063372868194649
0.4519267846133377,0.0359713662773374,0.0009242700513616168,-7.033254034844157e-07,1.006346825714142
0.452561514249256,0.0343825776318925,0.0012302551763352,-1.3247123847302998e-06,1.006338460334929
0.4561227499682351,0.0387998849242978,0.00029706615406058364,-2.1500942345491223e-08,1.006294847951743
0.4562932671341663,0.0393059057035648,0.0001739948469863171,-1.1807343535974316e-08,1.0062928179296835
0.455118059074674,0.0380215091248967,0.0004800689648869768,-3.6214581788215984e-07,1.006307326920413
0.4575720696658311,0.0387947706665414,0.0002985348857099848,1.8639141197378878e-07,1.0062770950944655
0.4576918953734136,0.0393020146745955,0.00017513210592715912,9.309152227522298e-08,1.0062757047547746
0.4676225894951408,0.0012381162584869,0.0003070952228641397,2.698786147746985e-07,1.0061468903891606
0.4688811341959996,0.0007135247781691822,0.00017915321748735008,5.897757591397505e-08,1.0061311124676773
0.4659021091646286,0.0018546466745862,0.00045294123465618223,-3.502886826654573e-07,1.0061700243063625
0.4651354105085515,0.0026740136575896,0.0006383937611115654,-5.411385807474149e-07,1.0061813811091966
0.4673067606830602,0.0018580312679296,0.0004535925157588004,5.440418647563485e-07,1.0061512080678847
0.4650184636316254,0.0041250909998403,0.0009447256611545162,-7.579533318435949e-07,1.006184295492082
0.463458247130586,0.0049767176151577,0.0011098863109159,-3.405386918504676e-07,1.006201196717649
0.4614630497558044,0.0087758474687716,0.0017473152053518,1.518354289401478e-06,1.00622750916421
0.4631341029271066,0.007219796265714,0.0015037462971023,-2.673671923069456e-06,1.0062066174779054
0.4577384490746957,0.0113974648474796,0.0020802175488992,1.533085599532335e-07,1.00627652036379
0.45657700078832,0.0135860057100947,0.0022907757544517,6.95027930829531e-08,1.006289480068666
0.4599778288169909,0.0113921686975033,0.0020794788363846,-6.80412237094552e-08,1.0062474354821538
0.4621097151073274,0.0114680385506936,0.0020874379695133,-7.454869867303876e-07,1.0062199899859852
0.4551883279516163,0.0179074362370022,0.0025258294332038,3.427444166004112e-07,1.0063080435489768
0.455850232457243,0.0157481666313282,0.0024376588955917,8.817718688933693e-07,1.0062996481327835
0.4550761996598406,0.0200770998707534,0.0025541646425,6.614853033691607e-07,1.00631010945747
0.4565649127195624,0.0192561588445175,0.0025489027700561,3.7409814238669683e-07,1.0062918485328425
0.4522492974484215,0.0322267706301933,0.0015947793850775,-3.229596847640834e-07,1.006341762047536
0.452891400870583,0.0292772721497493,0.002001167503997,-5.571376141035128e-07,1.0063359837577892
0.4531616487290913,0.0273864005009635,0.0022049683911704,4.613016138419059e-07,1.0063317349535188
0.4541821925940901,0.0263288055106338,0.002298237716823,6.056074829499391e-07,1.0063206991875908
0.4544351360835589,0.0244812109536065,0.0024241161220912,-8.414749656482597e-07,1.006315156064009
0.4547879392466618,0.022217115953974,0.0025209320382728,-1.0635812880876835e-06,1.0063111548611916
0.4542604741852467,0.0370457244560756,0.0006982771116927645,-3.5807597793864105e-07,1.0063187648773362
0.4535225806803616,0.0356710226398587,0.0009846353715007416,-4.761887956885576e-07,1.006326481580092
0.4540822105541821,0.0336982687067979,0.0013533915782727,-1.3455183776751245e-07,1.006321546172517
0.4565198580906296,0.0380549024751093,0.00047263320535773486,3.136711773135253e-07,1.0062896466853568
0.4556643759993896,0.0371693149587797,0.0006714390062958358,-2.267585251823921e-07,1.0063003179378815
0.4589618729061424,0.0387763609904004,0.0003033151549800017,2.485847237970277e-07,1.0062594851584146
0.4590905500851747,0.0392987841102854,0.00017625725171971257,9.863352177120835e-08,1.0062576491894717
0.4580231843095337,0.0379593392833785,0.0004948358908147392,2.3520149083889634e-07,1.006272068947694
0.4603373799822115,0.0387804442774335,0.0003026409967498942,-1.327333842040572e-07,1.0062411354898744
0.4604891927831555,0.0392961268035227,0.00017699118663482585,-6.198493971119966e-08,1.0062389792678044
0.4690011859149869,0.0012427901145871,0.00030786566717860847,1.3271573179590348e-07,1.0061296307672574
0.470279786283271,0.0007134663865222957,0.0001789789001030494,5.2206727041045563e-08,1.0061132752502235
0.4686145099088587,0.0018934850661184,0.00046130879866183465,2.220913039406602e-07,1.006134127290635
0.4664865458730208,0.0029750470349207,0.000704755946130378,3.114476139114661e-07,1.0061613619703336
0.467949299596845,0.0026618654613839,0.0006351361533691694,8.744468011540551e-07,1.00614284256592
0.4662929447671985,0.0045753504274337,0.0010316441095186,5.408623182477146e-07,1.0061624882921385
0.4650446575965707,0.0065146247307677,0.0013897773960645,-4.004356634021279e-07,1.0061789452793095
0.4639756558896048,0.0096764603267143,0.0018712839672374,6.162189932563185e-07,1.006196546781538
0.4638394808952334,0.0120554769798149,0.0021491709951423,2.4282245059938364e-07,1.006198960089386
0.4588276552880666,0.0135974368856773,0.0022923597497424,-4.7967157730176026e-08,1.0062616276713408
0.457712804492499,0.0152754749275086,0.0024102688747873,1.037369147268006e-06,1.0062732660255649
0.4609379111114924,0.0135970152801913,0.0022919962268309,7.123277354846594e-07,1.0062336849714235
0.462912516185283,0.0135367816896866,0.002285986691584,-9.714487291755272e-07,1.0062091722233262
0.4575725996102692,0.017532195956185,0.0025130395774311,-4.042105037086706e-07,1.0062764969566913
0.4569544564153611,0.0212407503216218,0.0025451733256258,3.65117396561065e-07,1.0062836816481022
0.4580293759729992,0.0195239474299959,0.0025504284750971,-5.475184030725806e-07,1.0062676155810069
0.4544420743325112,0.0311410194521336,0.0017555624154445,-6.466020156954891e-07,1.006314779958618
0.4550208247673906,0.0281793650560065,0.0021288426315547,3.85871463732684e-08,1.0063104803903336
0.4559409426216154,0.0261005253624957,0.0023167847483067,6.411829527511507e-08,1.0062963882476337
0.4564359040635461,0.0237517300685654,0.0024634517286427,-1.941119329971745e-07,1.0062890910221334
0.4554777040157916,0.0356085771569245,0.0009988033234622183,8.088929435279255e-07,1.0063044478377494
0.4559064532446799,0.0330136816885736,0.0014706189028994,6.572838109767618e-07,1.006299990139795
0.4571757469627662,0.0366658737021335,0.0007817853149886479,4.936490098197152e-07,1.0062831118817253
0.4593946785595091,0.0380150637697327,0.0004824320752670705,5.055200793315629e-07,1.0062540704353706
0.4586052573177787,0.0371605640309035,0.0006739475066062594,6.685672698009269e-07,1.0062648188956378
0.4617687450190649,0.038786057333976,0.0003010076667688835,-5.755072864865707e-08,1.0062230234053746
0.4618878277551754,0.0392935633088889,0.0001774580203170193,-1.9111972909156442e-08,1.0062214859405718
0.4606647531112803,0.0381582508316444,0.0004495440269306231,-3.127761357652214e-07,1.00623633598196
0.4632864852378032,0.0392912343280084,0.000178011131974237,1.4105699342340711e-09,1.006203434655869
0.4631877672726611,0.0387760723722373,0.00030337978424614946,-2.3863791827932647e-09,1.0062047221278383
0.4704278460673898,0.0012318442965501,0.0003050064603463736,1.2409408257226396e-07,1.006111645104801
0.4716784548800238,0.0007125660291300393,0.0001786834573145932,-1.7458657927058364e-08,1.006096423065897
0.4700193462125153,0.0019109078187954,0.0004650571262003319,2.882541251396336e-07,1.0061168413015562
0.4718102900849805,0.0012319609327089,0.00030507051988393734,-6.777961931912335e-08,1.0060947616128664
0.4730771011371571,0.0007110799628263776,0.00017841598752203267,-4.2230719518756715e-08,1.0060792716133933
0.4692656274861838,0.0031009423082012,0.0007316433705100354,3.528016846716625e-07,1.0061261147476903
0.4678088885874238,0.0039894617616205,0.000916819670336704,1.0982431913187417e-06,1.0061433429196056
0.4671444728381733,0.0060023953325304,0.001299865282918,-4.504138697892922e-07,1.0061571305876262
0.4662459583543051,0.0087174769617479,0.0017341734723196,-1.101265685691635e-06,1.006165074385163
0.4585342468490213,0.0230733157472965,0.0024929661581072,-8.326624129738297e-08,1.0062628404094722
0.4654492994282307,0.0112674283672197,0.0020657789736073,1.2754594222720378e-06,1.0061766635964633
0.4648347585711157,0.0131700809237793,0.0022555328615299,-2.932949248954328e-07,1.0061870532795167
0.4597753775980554,0.0159692620974175,0.0024519248035921,4.5348516156649626e-07,1.0062474560511132
0.4620243736937661,0.0156188772682974,0.0024321230816769,3.9223780293013926e-08,1.0062213125774828
0.4640371207094326,0.0151201853091618,0.0024007775707264,-1.805749229756244e-06,1.0061953038168665
0.4596175598739551,0.0186883531608111,0.0025427470101186,6.894395466946346e-07,1.0062505487145268
0.4593174238655347,0.020942824551309,0.0025490077197782,-6.104385535027125e-07,1.00625477960387
0.4605057797570949,0.0226815049967756,0.0025079614620017,9.478121873650462e-07,1.0062396196550667
0.4565262274594608,0.0301707832305716,0.0018887807685421,-4.3938421973443414e-08,1.006287884205643
0.4572760362616157,0.027681418150558,0.0021789940471968,-1.0142959725504829e-07,1.006284118967076
0.4579621821873609,0.0253987633485252,0.0023676242707147,-1.656422495768113e-07,1.0062715827349022
0.4573139734122913,0.0347764351387691,0.0011564834583899,-1.0221027651856073e-06,1.0062793018678062
0.4574818464527856,0.032597302569911,0.0015358053925719,-1.0570412775524577e-06,1.0062752820712644
0.4586373195706656,0.0358192249774036,0.0009553586976952396,1.9353425593799498e-07,1.0062647758242915
0.4600157965527539,0.036915083767283,0.0007276079047694795,-5.0163657134434814e-08,1.006245093105309
0.4621053679709957,0.0381635536053356,0.0004480148776757207,3.2974591459907077e-09,1.0062185221633688
0.4614047579335809,0.0372874524084782,0.0006460377074070548,-3.4328786164864695e-07,1.00622674768727
0.464557296234835,0.0387714064617386,0.00030457426484403527,8.669847994667024e-08,1.006187236941367
0.4646851808178767,0.0392894979977125,0.0001785080971610973,3.4439112119706174e-08,1.0061856631425032
0.463461224066922,0.0381358796610995,0.0004544342101459589,-3.458136616108324e-08,1.0062014693580068
0.46593402049423,0.0387678505165738,0.0003055393585319316,-3.912147678004499e-09,1.0061694979600624
0.4660839244856872,0.039288655887109,0.00017877258310435593,-3.328300515280791e-09,1.006167538071906
0.4715352960503745,0.0018617824312078,0.0004537552482612709,-1.702472158993517e-07,1.0060978594478494
0.4707291368690461,0.0027921206854364,0.0006638635189672353,-3.6858049021920925e-08,1.0061083364034489
0.4731946507429764,0.0012362810383957,0.0003062635326466892,-1.284378139151383e-07,1.006077703217508
0.4744757270727325,0.0007094552989757891,0.00017827648407786766,-1.098425960199929e-07,1.0060624235458593
0.4729617877136076,0.0018604877593866,0.0004537775250982266,-8.57846740784862e-08,1.0060811565046528
0.4706146302690833,0.0041098351557021,0.0009425592911481704,-1.6097034168973864e-09,1.006112193302333
0.4689654311714011,0.0048991826342452,0.0010986569903034,-9.683910027934518e-08,1.0061320703015717
0.4682605756867609,0.0075418712419347,0.0015576698705028,-8.819891117327611e-07,1.0061405777457435
0.4676086657722918,0.0104116012782867,0.0019624679577576,1.1719521293869767e-07,1.0061483033802137
0.4599326840835456,0.0247024084331323,0.0024119356910871,2.86602842516834e-07,1.0062462312105256
0.4667820844847682,0.0124630745321449,0.002191644904624,8.844500608448793e-07,1.0061600786302056
0.4659780073405695,0.0146307965510875,0.0023698179632637,3.145422584437751e-07,1.0061692556152553
0.4616869654925958,0.0178426131424003,0.0025237190107313,8.574580392893775e-07,1.0062231827561217
0.4633777195766814,0.0168536609662918,0.0024892810605093,-5.772921502833448e-07,1.0062029993511288
0.4650953489136898,0.0169111185261381,0.002491656101892,3.622110908065648e-07,1.0061775078834905
0.4615087990116214,0.024114032978071,0.0024443892269867,-1.953089220740657e-07,1.006225945005507
0.4616340126197227,0.0204337298179775,0.0025539855459828,2.507193505493567e-07,1.006226164615266
0.4624645965974667,0.0226490709744769,0.0025094161312163,-1.5876699088988413e-06,1.0062155389342398
0.4584899111407488,0.0313280780069313,0.0017280429112711,3.784010308774361e-07,1.0062658102339443
0.458890391920999,0.0291715799491319,0.0020126041415515,-7.444254614864407e-07,1.0062612149864505
0.4594329234290217,0.0268946711285817,0.0022516967567407,-9.754636317839655e-07,1.0062536176934982
0.4590907733936159,0.0335162728840711,0.0013847369355028,-3.82715962368947e-07,1.006254747975694
0.4600521415500413,0.0353869241698995,0.0010385443767126,-2.639204911557774e-07,1.0062441395391664
0.4614577843852377,0.0358484124332796,0.0009492498415902968,-3.944794481325404e-07,1.006225177388895
0.4628290383140204,0.0369375901773302,0.0007233780615399406,1.4951602975049883e-08,1.0062099876567994
0.4648355810998588,0.0381479079020863,0.00045178955637468246,2.2351808925969777e-07,1.0061834735183526
0.4642106223732488,0.037238174363221,0.0006570119909570366,2.2146171279157735e-07,1.0061919421742838
0.467360832397094,0.0387703551022874,0.0003049474467748846,4.492577058564055e-08,1.0061512655451192
0.4674827254562622,0.0392891729862564,0.00017867384467358166,2.09693494216561e-08,1.0061497308686973
0.4662453765744089,0.0381435851536561,0.0004528996409059473,-7.474250772557236e-08,1.0061657823649448
0.474612846620065,0.0012525441541042,0.00031054945704853137,-2.580805612798735e-07,1.0060606130770582
0.4758743578806427,0.0007077671209976529,0.000178110044798554,-4.0787671040367935e-08,1.0060440148948997
0.4721881915002005,0.0030557446312605,0.0007229842337813845,-1.51107103105855e-07,1.0060909694952362
0.4741875077285533,0.0019834135142906,0.000482643746532105,-5.758156221731808e-07,1.0060654013789267
0.4736597791109677,0.0026642238688462,0.0006361886482126523,-3.4989308092282405e-07,1.006074086997526
0.471823172779716,0.0050897714364933,0.0011339615153923,5.665752010514548e-07,1.0060956352772483
0.4701326475089864,0.0062574482234008,0.0013449989787108,2.978344950934403e-07,1.0061160605785726
0.4694662784754077,0.008963123021397,0.0017677278554667,1.9939462505231282e-07,1.0061218496521078
0.4688403305912217,0.011588645107635,0.0021023116977951,-6.422119074893388e-09,1.0061327809906493
0.4616521426424715,0.026052028605675,0.0023215890226254,4.7318788018506353e-08,1.006223050514998
0.4680937544258014,0.0138454903839576,0.0023125817543733,3.794907252996107e-07,1.0061429244911582
0.4672533428983008,0.0160813063287156,0.0024543752123799,1.0441804468696868e-07,1.0061528968321325
0.4639914975407272,0.018896074780252,0.0025450930138552,-5.333786606764583e-07,1.0061931333928558
0.4663584023027007,0.0183008316889323,0.0025359581397286,-1.7200019281961204e-07,1.0061655379169014
0.4629887919594207,0.0244850175792313,0.0024241611666929,-1.128006671670332e-06,1.0062053267138398
0.4638542652094345,0.0213356793112193,0.0025438990199926,3.914379600071433e-07,1.0061987157394794
0.4639065220212771,0.0230034856182383,0.0024954014829628,-2.102434563366581e-07,1.0061969042967045
0.4687809111880271,0.0387763152292481,0.0003034866316935695,-7.082318916048947e-08,1.0061327978943144
0.4688815531278473,0.0392918307512889,0.00017800343124032688,-2.3451418077757324e-08,1.0061314408097304
0.4602375350807337,0.0311427242937904,0.0017559404004354,-2.728765690622273e-07,1.006240255202682
0.4608839504299726,0.0283617186804328,0.0021073894932733,1.0000714834774934e-06,1.0062333245893254
0.4613931711315536,0.0334530458677701,0.0013972070257854,1.1592363194530193e-06,1.0062315452531243
0.463022285412985,0.0350002030448938,0.0011151320735234,1.2759903714604958e-07,1.00620696616224
0.4642818297838691,0.0359608185573652,0.0009260755861158974,2.897161197941526e-07,1.0061902258363495
0.4656535422736375,0.0370027430593954,0.0007095524259269538,1.2758054857036e-07,1.0061736817946392
0.4676460279020231,0.0381467514150088,0.0004522180278202282,1.2985862075344658e-07,1.0061471808280016
0.467024058159401,0.0373297605155089,0.0006369880861635621,-1.247076257055995e-07,1.0061556651357275
0.4626518140316632,0.0278310207035431,0.002161850033392,4.136275405855623e-07,1.0062106521239829
0.4760301138217198,0.0012360005646298,0.00030672802884664337,-7.141111220353201e-08,1.0060419871871302
0.47727300805795,0.000705768846804877,0.00017778196636686146,-4.300789246413713e-08,1.0060257376537567
0.4755564003905981,0.0020098479270536,0.0004885543276911419,-3.817965285771172e-08,1.00604831915375
0.4774000890772175,0.0012172503509057,0.0003025037693786584,-8.391450626890698e-08,1.00602406485391
0.4786716641986573,0.0007031486579537961,0.0001770461631911846,1.0826563792183901e-07,1.0060065029643357
0.4735255231896101,0.0041027003149138,0.0009406307810294696,-2.2102197476805919e-07,1.0060754983247815
0.4749178709302031,0.0032397307200641,0.000762043507649286,-8.471570202644186e-08,1.0060563275067904
0.4730747374280223,0.0062898250874887,0.0013506942658558,-1.9834965800566597e-07,1.006081922425082
0.4714032820845606,0.0075238152898619,0.0015532315363122,1.5910792662284216e-06,1.006097673638619
0.4708906207097483,0.0104873783119684,0.0019728652130643,-8.708688381444538e-07,1.0061047157701328
0.4702479705105534,0.012997228520766,0.002242066498447,-1.7622463866642248e-07,1.0061150001154646
0.4637591712934497,0.0262066091794894,0.0023088748940151,-6.554433974247275e-07,1.0061989832601022
0.4694632442577013,0.0153168549295826,0.0024133212929382,-1.4969139407815932e-08,1.0061246888189996
0.4686157752194599,0.0174947664730669,0.0025127263436494,-5.942293312993732e-07,1.006135130266409
0.4659337686870706,0.0205950138759578,0.0025511967770374,-5.590758240090198e-07,1.0061684410959424
0.4679295879919726,0.0194505049622828,0.0025511448865213,-1.4496387991646192e-07,1.0061436948803084
0.4647836366110702,0.024267792311086,0.0024372659410652,-8.05695072687598e-07,1.0061853984468707
0.4652611024422572,0.0225399402235691,0.0025139269148114,1.43932684779081e-06,1.006181338589328
0.4667067999923809,0.0222727401312637,0.0025206066030509,-9.13293666002542e-07,1.0061605942595655
0.4701576965792213,0.038762454379043,0.0003066351158069899,-2.7954643720191037e-08,1.0061148348992817
0.4702802970128302,0.0392969770809884,0.00017663790897279528,-1.6901761775379083e-08,1.0061132049222183
0.4691442255297047,0.038077365411936,0.00046793693209872976,-3.055227775056067e-07,1.0061282820544797
0.4715290442397115,0.0387811463794238,0.00030200361123988126,-2.73454258175533e-07,1.006097093374619
0.4716788360099347,0.0393030753427782,0.00017492455403890484,-1.0979941763422485e-07,1.0060949979346356
0.4625020425188357,0.0303809798895092,0.0018617131951199,6.988960720208231e-07,1.0062100910216003
0.463389635579427,0.0328958043589473,0.0014851140710257,-2.620045923561087e-06,1.0062016686968225
0.4647607071427338,0.0339227783877554,0.0013129879064424,-5.079278380618126e-07,1.0061857240019867
0.4659441136722884,0.0351295010170448,0.0010896206467365,-2.65193035865609e-07,1.0061697380886203
0.4671626882771114,0.0360005303242194,0.0009182066757696606,-3.3772951203213105e-07,1.0061527777203352
0.468481352552856,0.0369316233511781,0.0007244765136584162,-2.7646696812262644e-07,1.0061370133771093
0.4644172374636529,0.0283876906335065,0.0021034328955682,-2.5194738969770377e-07,1.0061876260494034
0.4770302658469088,0.0019230073376748,0.0004686891288041384,-4.1067347957737083e-07,1.0060289883748863
0.4763321708652615,0.0028217329083171,0.0006707275797107009,-3.471615333850346e-07,1.006039025533973
0.4787753362697428,0.0012121947563472,0.00030109751072797283,2.393492944998478e-07,1.0060050523632922
0.4800703014001639,0.0007000129416866426,0.0001759678582208103,4.104142074553311e-08,1.0059890037768422
0.4784941544332686,0.0018080172303714,0.0004421846355583928,4.805715765577139e-07,1.0060091824305355
0.4801956044603446,0.0012172654634127,0.00030193474114644674,9.395390518121473e-08,1.0059872989464542
0.4814689334635678,0.0006968912148425336,0.00017505761472192912,2.813527450156557e-08,1.005970540979466
0.4748271668350882,0.0050200770532031,0.0011188457939426,3.944223495285266e-07,1.0060561696040675
0.4763326613002891,0.0041878608557722,0.0009570740451081886,9.406542578756604e-08,1.0060399283089867
0.4745921488174508,0.0070664248060739,0.0014771381851255,3.297154932006027e-07,1.0060573654702447
0.4732227212699249,0.009215760748015,0.0018069162885413,-4.843928243396292e-07,1.006075784647125
0.4724821269825555,0.0120484845340892,0.0021510454803059,-3.867702132551017e-09,1.0060871202870958
0.4716916063529928,0.0145788927326868,0.0023668958166463,4.592305091714457e-07,1.0060970527291253
0.4658002401427026,0.0262506687316509,0.0023052137354989,-1.174638302778522e-07,1.0061717004563102
0.470878746364934,0.0169066405844921,0.0024923121820571,-5.9365822105363513e-08,1.0061065960759674
0.4700455005831027,0.0191286068753915,0.0025496808720818,-4.921966887982412e-07,1.006116189203109
0.4678177076466301,0.0213303313909093,0.0025423266077106,3.023812894531484e-07,1.0061486576732657
0.4690834363545741,0.0206041434509416,0.0025501484911323,-6.838538681007544e-07,1.006129636042345
0.4666162943741782,0.0240475562209311,0.0024510398665604,2.6768717344144133e-07,1.006161036021715
0.4678923225413531,0.0228544816221108,0.0025002494490776,-1.0376090469116796e-06,1.0061448436794822
0.4706051518659471,0.0380227472769075,0.0004803944579673514,-8.995347738224259e-08,1.0061092493355484
0.4698800454237953,0.0372149131817115,0.0006619920540474328,-2.5087881202346256e-07,1.0061184796572271
0.4729415436395578,0.0387944397984217,0.00029835579618202394,-1.2040011237343004e-07,1.0060797661660013
0.4730771808512898,0.0393072206375148,0.00017361342753800566,-4.192999948009237e-08,1.0060780492843466
0.471832365395265,0.0381615738372347,0.0004482486505929421,-4.909665741459421e-07,1.006093101055553
0.4743369329294747,0.0388145278068457,0.0002934049004387268,-2.9726325242709772e-08,1.0060624858386926
0.4744754820108434,0.0393078172760515,0.00017340720170126232,-4.8984019838204e-09,1.0060607817549274
0.4651691569273347,0.0311459283816511,0.001758071581726,8.36066438343818e-07,1.0061795960613449
0.4662473376638613,0.0331574509610317,0.0014406799702185,-1.1909514523891625e-06,1.006164362522746
0.4674673231292591,0.0339492858037437,0.0013065493005828,-7.311930232446754e-07,1.0061488858379712
0.4687280396752303,0.0351637619618779,0.0010826427977617,-5.20155172387582e-07,1.0061333268510906
0.4700397054408942,0.0358917166870067,0.00093981172191401,-4.762924137360621e-07,1.0061158116073632
0.4666653431961957,0.0284770612909863,0.0020937338803455,4.813219483625803e-08,1.0061587610861291
0.4777559319161901,0.0030690569574098,0.0007248071210172491,1.9052048937193917e-07,1.0060189053867996
0.4776993429155884,0.0046354661348072,0.0010429714362891,7.890620224337396e-07,1.0060196445911906
0.4799106278507638,0.0018363742225147,0.0004482798639332774,3.164161518812132e-07,1.005991032558095
0.4791764232407406,0.0026944514816717,0.0006423114360296992,8.9418358651264e-07,1.0060000197476242
0.4816199199292558,0.0012244751965794,0.00030334339009419634,1.0450561905188845e-07,1.005968753485691
0.4828675678239816,0.0006932884559114551,0.0001741449475542467,-3.3436171946467592e-09,1.005952671608748
0.4811594571700473,0.0019805644964729,0.0004810075535993655,3.07601436353315e-07,1.005974615383663
0.4764634843394031,0.006341101360832,0.0013588634379091,1.3888902992816025e-06,1.0060327241677454
0.4754875337247469,0.0091266611590229,0.0017947849903081,1.455313080968859e-07,1.006049288430382
0.4746976019585275,0.0115614475861467,0.0020974083735163,-8.477889387562119e-07,1.0060572853407004
0.473939603170282,0.0139190382717597,0.0023177443717475,1.9097758249047787e-07,1.0060674667258642
0.4731480883950687,0.0163004140275546,0.0024665493369427,4.134500138597663e-07,1.0060778935828507
0.4677910524032061,0.0262670036454783,0.0023036025208007,-2.009340647507697e-07,1.006144796598507
0.4723104233915779,0.0186235117017607,0.0025426245644962,-2.476728751064254e-07,1.00608772459026
0.4702941068646865,0.0208167904968506,0.0025477697133929,1.566581249615177e-07,1.006111555145616
0.4713658262126583,0.0201835140902192,0.0025522262296095,4.107210969233545e-07,1.0061004168666714
0.4695090892932657,0.0222844388273841,0.0025203182885307,-2.012576461659605e-07,1.0061219405758448
0.468811721405693,0.0243372620976283,0.0024342049859819,1.3318499162969822e-07,1.0061325613479168
0.4712947136677473,0.0369237234880384,0.0007258935956909315,-6.278948395996856e-07,1.0061001766575928
0.4732044661605907,0.0381770463603439,0.00044410475342843424,-1.7032009251279538e-07,1.0060762764603377
0.4726092151516356,0.0373438108933841,0.0006331436117584515,-5.323544500239577e-07,1.00608325417732
0.4745471410735842,0.0382312974724774,0.0004313083422687156,-2.2952642203457452e-08,1.006060308612798
0.4756950129001728,0.0387976719056841,0.0002975985716452034,2.1797975294655558e-07,1.0060457525509507
0.475873911989921,0.0393054719817464,0.00017411412017768452,1.0260721909779036e-07,1.00604353587483
0.4676872384690451,0.0313806837466995,0.0017260558694099,2.9619288558998697e-07,1.0061471608087984
0.4689436983476002,0.0330784608465914,0.0014538462972401,1.3752703864808257e-08,1.0061306442401086
0.4703088663797702,0.0339718559693851,0.0013024330289414,-2.307010898223797e-07,1.0061129995654563
0.4715452149459658,0.0351444221698492,0.0010869555973243,-7.737626797997463e-07,1.0060967959678535
0.4690067437550867,0.0285286631395624,0.0020876642555445,-1.0193783511180712e-07,1.006128931337295
0.4790412007273595,0.0041310397336757,0.0009446666378384696,1.32737664452799e-06,1.006000466532275
0.4786232557844499,0.0063771099100834,0.0013652379428388,8.727021180171869e-07,1.006009638109193
0.4805551255000772,0.0030770788584988,0.0007262368503399259,7.299580863331435e-07,1.0059831176777294
0.4830044749230486,0.001197909286703,0.0002969826215075676,1.2299549034566704e-08,1.0059510488551056
0.4842661667396991,0.0006892664156900423,0.00017299416953692038,9.177200932137873e-08,1.005934152368236
0.4826118117076812,0.0019234644940298,0.0004677451671772905,-1.1459118253771317e-07,1.0059560382313284
0.4819276961519025,0.0028154260345182,0.0006682600474133255,1.39742044029098e-07,1.0059659517055852
0.4775983956679794,0.0087160373319435,0.0017363661254778,-1.364025944851351e-07,1.0060226887262298
0.4790892775137207,0.0086014360250176,0.0017189704521261,1.1909646145006103e-06,1.005998486779152
0.4768929870333885,0.0111462515975734,0.0020505847847757,3.766426436938669e-07,1.006030992053275
0.4761821728501802,0.0133386546087109,0.0022693949655712,-5.78930709980336e-08,1.0060382094434208
0.4754392743448946,0.0156910207956304,0.002435184392619,5.18630800155596e-08,1.0060477864464537
0.4746299685766998,0.0180848440863593,0.0025314327261142,6.679895471116012e-08,1.0060579255824218
0.470088966528271,0.0263473405109708,0.0022966130369458,2.628137246196262e-07,1.006116621982072
0.4736927095534833,0.0196659886886406,0.0025517945425728,8.574049390959802e-07,1.0060709534892107
0.472618483757958,0.0203607105843961,0.002551260246807,6.336059745146934e-07,1.0060824078145036
0.4717199627571182,0.0218857796496908,0.0025305777979238,-2.76029802396128e-07,1.006095520019408
0.4709617407702326,0.0241330166555084,0.0024453369585818,1.583280732141927e-07,1.0061044345862118
0.4727994603086251,0.0359955944308541,0.0009190821333007092,-1.0892649046612749e-06,1.00608007337305
0.4739736669133888,0.037065108360222,0.0006949346918930188,-3.973749898998454e-07,1.006067008357534
0.4753096194609368,0.0373673260793681,0.000627587002392917,5.464660213391128e-07,1.0060516368046126
0.476008946024381,0.0381161416124943,0.0004581781014720547,3.941506451169725e-07,1.0060420286325258
0.4768149672729718,0.0387590095654277,0.0003071241971157304,1.542241395371714e-07,1.006031332707339
0.4772725811343504,0.039302276598165,0.0001752177850216273,4.785127916056393e-08,1.0060255599154757
0.4784513109074417,0.03877094852686,0.00030435823463977925,-4.1099461818774235e-08,1.0060103711234936
0.4786714451731783,0.0393014284052128,0.00017540827762663595,-3.2762648615524305e-08,1.006007188953675
0.4703110662639775,0.0313279358033299,0.0017339054563142,-4.616107639454197e-07,1.0061137413856682
0.4716898256532484,0.0330562170826262,0.001457437696518,1.1869296495517766e-06,1.0060942472392618
0.4732464203146406,0.033943126029688,0.0013099192871373,-1.5176924304180154e-06,1.006073742130072
0.4714426307383272,0.0284288953362413,0.0020987751346859,-2.1872425981650297e-07,1.0060993751732
0.4804025626114506,0.0050394033557528,0.0011211338453651,6.856174824559634e-07,1.00598349200213
0.4802071076259336,0.0070240984461585,0.0014724229637431,-4.566721669349418e-07,1.005987969470772
0.48194149583588,0.0041633359317231,0.0009507350191176808,4.4434870916055097e-07,1.0059659524673117
0.4843813710837046,0.0011702301963124,0.0002900344813344916,2.010669463322322e-07,1.005932717569051
0.4856647191118229,0.000685577756101735,0.00017192858274730808,-2.567203674224933e-08,1.0059169828591523
0.4840953043249013,0.0018321705860188,0.00044643985927957536,4.866486182888981e-07,1.0059366201166071
0.4833808963770397,0.0030569141073355,0.0007207364339407516,6.454871249119315e-07,1.005945809077035
0.4858060980669478,0.0011933118262984,0.0002954639272333315,-5.6222094945276814e-08,1.0059152048838902
0.4870632176922093,0.0006822991760893147,0.00017119847781329746,-1.4045962007779768e-08,1.005898718794428
0.4790338356121673,0.0107036639391317,0.0019970191117404,-4.872473141979158e-07,1.0060009788709865
0.4810215181861315,0.0093496957127645,0.0018271281092975,3.447600680385819e-07,1.005977032511683
0.4784506361445495,0.0127426431281266,0.0022158854394129,-2.037704015805667e-07,1.006009431963972
0.4777211469997743,0.0150152025195838,0.0023951245369603,4.200038007756312e-11,1.006018472390016
0.4770343181204283,0.017510996473913,0.0025142262322328,1.4383173087183205e-07,1.0060258683211691
0.4749417335887275,0.0198578528062412,0.0025521465243871,8.864911515215464e-07,1.0060527423288856
0.4760236395088258,0.0191417944179441,0.0025481425112952,1.3198529264001229e-06,1.0060408121700757
0.4723945828150606,0.0261051945279007,0.0023163264269539,5.754564529043837e-07,1.006086501538257
0.4739824162591465,0.021406321355168,0.0025412965564928,-1.7650225039523585e-07,1.00606725508984
0.4732081294473975,0.0237741158966206,0.0024631779583247,2.4836156817229106e-07,1.0060761873974169
0.4743828337192964,0.0351821890220339,0.0010807201376185,-4.677103014089261e-07,1.0060622045491885
0.4755168583647133,0.0361561298912581,0.0008858641220406263,4.048725050257212e-07,1.006047974765593
0.4765014849286166,0.0372679530603887,0.0006499162336904963,4.610060182011209e-07,1.006034944302341
0.4772405919869107,0.0381747295665198,0.0004450538480427993,2.431580273042178e-07,1.0060256463119237
0.4786151061547054,0.0381517193466781,0.000450347637251756,-1.7336261522220337e-07,1.0060078000644457
0.4798458892415856,0.0388428057797261,0.0002869155809943544,-1.7744676594114618e-07,1.0059914185896808
0.4800702344546604,0.0393048238646397,0.00017442745113712562,-6.198078229535464e-08,1.0059886432852485
0.4730076378343467,0.0310654485372059,0.0017698890674876,-1.0329265966148045e-06,1.0060791333676211
0.4748037757739845,0.0328779121200506,0.0014918598002627,1.5466306013654802e-06,1.006057393997666
0.4738766577442899,0.0280857398796684,0.0021370698960255,1.196506421726544e-06,1.0060686653391129
0.4820744504908575,0.0063626643510724,0.0013642599176006,9.022509940787896e-07,1.0059604250640657
0.4833082438839522,0.0046285288831606,0.0010410074217302,1.272041991924502e-06,1.005945470357373
0.483285357234866,0.0087279053800242,0.0017379068004638,-2.432348431169195e-07,1.0059497504763997
0.4855360558418864,0.0018142873043694,0.0004420592279363017,-6.710437323797885e-08,1.0059186366380146
0.4847929491125898,0.0026794668758409,0.0006375125341662942,5.738667505291747e-07,1.00592780346317
0.4846883914130838,0.0040775273542564,0.0009326182699925304,8.431510668659469e-07,1.00592869166365
0.4872559817202287,0.0011927871513646,0.00029534569754198226,-2.214858393185042e-08,1.005896312247233
0.4884616437801724,0.0006801747284310617,0.00017077716309346895,-5.0089470900126213e-08,1.0058810779277272
0.4868558234044928,0.0018705601055887,0.0004550068521619535,2.1823668255516856e-08,1.0059013910907757
0.4805297294927105,0.0119430120610286,0.0021389111695974,-1.1621787399582019e-07,1.0059833870636332
0.4824611761922691,0.0113506762195626,0.0020748744569483,1.00328371239413e-06,1.0059594305029564
0.4799501376193387,0.0143317790074243,0.0023482374176129,-2.2069182975714387e-07,1.005990510370738
0.4886533549982629,0.0011840700799757,0.0002934513185496804,-1.028132075087284e-07,1.0058786229190135
0.4898600243318653,0.0006801088778331998,0.00017078543400753663,5.0745119418749263e-08,1.0058622564952613
0.4900219272847122,0.0011891076179806,0.0002945814868823859,1.4079691383414718e-07,1.005860034641554
0.4912584243901395,0.0006823154168363515,0.0001711008625001068,7.673550970903836e-08,1.005844308019193
0.4793808201797152,0.0165852037855113,0.00247725195041,-2.663387597761723e-07,1.0059958284962751
0.4772990710927052,0.0193735968920443,0.0025505113302965,-1.419367278314617e-07,1.0060211728962618
0.4787757175788572,0.0187321179535198,0.0025443210224432,1.530573349651363e-06,1.0060040569508113
0.4762398747777577,0.0209622187973417,0.0025492007551188,-9.348000959893368e-08,1.0060394578965794
0.4746820186763682,0.0257074776720763,0.00234618391475,5.623533412574879e-07,1.0060579543848045
0.4754560199476667,0.0233374587028275,0.0024824126931391,2.0185207155765745e-07,1.0060478992386033
0.4760173785503774,0.0343594523777826,0.0012349822616837,1.0461614492993737e-06,1.0060423825414866
0.4770075734849154,0.0358151188981975,0.0009557742739163836,5.005528826672705e-07,1.0060286505278462
0.4778509680950627,0.0371213240978229,0.0006820744615179121,6.385309528453313e-08,1.0060178509677609
0.4792715443504726,0.0370132688250305,0.0007048399003636447,-9.90943834062576e-07,1.0059981248316443
0.4800395543713676,0.0381188084139191,0.00045732361615758913,-3.456132028812076e-07,1.0059888547914555
0.4812549307395306,0.0387552386314953,0.00030773278658760816,9.932911900925199e-08,1.0059738158150802
0.4814687137512373,0.0393091032903671,0.00017326354617495514,4.4765410432945925e-08,1.0059709677678488
0.4755486415574447,0.0299047833610215,0.0019250992711664,-7.004505638730154e-07,1.0060479003708938
0.476674979567773,0.0321340298576313,0.0016073307877582,-8.956938257285575e-08,1.0060310819259266
0.4762031013787386,0.0276550034639718,0.0021800248541689,-1.4805107290363026e-07,1.0060402602055858
0.4823651980735279,0.0387325355962901,0.0003133002410515943,1.297050438342446e-08,1.005958756398159
0.4828669998284205,0.0393095143015103,0.00017327239102849206,-2.202745296005497e-08,1.0059523944256796
0.4838984385862557,0.038748092027899,0.000309363186336598,-1.568293019134346e-07,1.0059392463934171
0.4842654018227053,0.0393058651513842,0.0001739958188510904,-6.813014170806692e-08,1.005934649977709
0.4845614491479244,0.0106766782223977,0.0019943701623833,-1.0673380254153283e-06,1.0059308695602591
0.4844314510103897,0.0062164274614315,0.001338734321626,1.155821837457594e-06,1.0059337758837088
0.4852226631850612,0.0085023098586182,0.0017035028718994,-1.1446273222191083e-08,1.0059238677946614
0.4862227276307219,0.0030668365581725,0.0007226077045083899,-1.392353916651485e-07,1.0059102139914122
0.4859940804638094,0.0048169902395976,0.0010781410400948,-1.4476418454972718e-06,1.0059130781219825
0.4883551059987696,0.001841362165235,0.0004483045179759101,-2.4819790825659984e-07,1.005882500736269
0.487673675146916,0.0028239931245408,0.0006694407126900731,-1.470349510925874e-07,1.005891422082088
0.4820374072267281,0.0136762181144727,0.0022982481177176,7.113211938878676e-07,1.0059639213759564
0.4838563189463942,0.0129088613515521,0.0022332851902667,6.949910811425556e-08,1.0059415827809135
0.4815810857868934,0.0160287060153507,0.0024524488968712,-6.758529109528378e-08,1.0059685443282886
0.4898463976077236,0.0018277977639338,0.00044530086584590223,1.9454520537119202e-07,1.0058625461244306
0.4914226617307689,0.0011711316226491,0.00029004908449094296,1.425008554423501e-07,1.00584232990568
0.4926569115370315,0.0006862411725950478,0.0001719083527463076,1.5108271227590334e-08,1.005827251511884
0.4911927216498881,0.0017558637753318,0.0004285201848317276,2.551519585614543e-07,1.0058452649950915
0.4810690769645777,0.018630075103712,0.0025431449140558,-2.803198267106951e-07,1.0059756663096076
0.478298932861565,0.0207280700023965,0.0025517475625744,9.201544070640092e-07,1.006013831214028
0.4798446354736586,0.0201612287602073,0.002554058821541,1.255122360162869e-07,1.0059942419221413
0.4776761963384421,0.0228892509834967,0.0024994912028156,-5.755457340737481e-07,1.0060191519952733
0.4769400727690955,0.0252783154554234,0.0023763885024191,-3.4318845025781252e-09,1.0060293833440763
0.4777001521196499,0.0339580790382526,0.0013060010193507,-9.702196947414222e-07,1.0060157115229222
0.4785945583783184,0.0356327034130557,0.000991447783542405,-1.1871733831068322e-06,1.006007305680623
0.4782788106072853,0.0321998052023299,0.0015969363423514,-6.18436151908143e-07,1.006011049508827
0.4799310646044294,0.0357894818545551,0.0009600306512421076,-9.19113844040277e-07,1.0059902905475842
0.4807163744632126,0.0369728162833923,0.0007134464174281034,7.712205122858606e-08,1.0059809731300202
0.4815773998087766,0.0379479731812066,0.000496457849290764,2.1093231217264066e-07,1.0059698624352684
0.4777832222674689,0.0296917906359189,0.0019536328042816,4.127039663084527e-07,1.006018162946711
0.4784419319043775,0.027246045469613,0.0022194849038037,3.682641268221073e-07,1.006010932266914
0.4829873111218667,0.0379719233514955,0.0004912978171037653,-7.319055668073068e-08,1.0059507872449374
0.4844566507498591,0.037982093828509,0.0004887417671179936,-4.28145220025081e-07,1.0059324199188249
0.4854837252910104,0.0387751390214827,0.0003027488620637685,-4.2718902897830945e-08,1.0059193156484094
0.4856640722500406,0.0393016859676532,0.00017486133296514507,-1.6113882762228386e-08,1.005916786555985
0.4858930530955601,0.0120666977930446,0.0021500800379047,-1.1655436155729412e-06,1.0059139260668453
0.4854535647635424,0.0138799763026736,0.0023126805223778,1.772240214771057e-09,1.005919942552674
0.4867108513663298,0.0096406601599111,0.0018661406359338,-9.07226780360236e-07,1.0059062463052375
0.4868018149275537,0.0069136454081556,0.0014577245859541,2.8821093260927266e-08,1.0059033331589389
0.4878188991778938,0.0043951934372175,0.000997747960149025,6.300633264360728e-08,1.0058876531418104
0.48911190534704,0.0029649373434641,0.000700077126891908,-1.6542296458294254e-07,1.0058720172592668
0.4839182470357906,0.0152552357486435,0.0024108071405409,1.2353032443201738e-07,1.0059411766218591
0.483137514493565,0.0176962563214499,0.0025193252108043,3.676025959881876e-08,1.005949504126041
0.4905757936848136,0.0027664206507671,0.0006573282883154448,2.264707244602546e-07,1.0058536067304893
0.4928213726306696,0.0011813124186757,0.00029236098984733954,6.9375577060425365e-09,1.0058251953666832
0.4940555232025236,0.0006906500434531444,0.00017305099226006248,-6.476196710228826e-08,1.0058101670808204
0.4925270871323585,0.0017674493081461,0.0004311015941650128,5.773334887002364e-08,1.0058284062550378
0.4918089084899193,0.0026250740725764,0.0006259010985382159,3.88627590545965e-07,1.0058371204049854
0.4827434106938579,0.0200078097723944,0.0025565901675786,7.211025586514559e-07,1.0059563903323807
0.4812205112235864,0.0206414602079017,0.0025514738903017,-6.824907033564322e-07,1.0059729060517892
0.4799485675003244,0.0221980170499006,0.0025247884160119,-7.504474613883305e-08,1.0059902584539229
0.4791725898020439,0.0248303240647118,0.0024052052935123,-1.7583719944379047e-07,1.0060009174190894
0.479424616680798,0.0313135101692327,0.0017318074966363,9.073321420702062e-07,1.0059964244239492
0.4798110824007366,0.0339016163106142,0.0013183535171143,-4.116449941178667e-07,1.005991708329096
0.4812617634294071,0.0354270044406828,0.0010324115133066,8.775662392364133e-07,1.005973780435791
0.4821945190725016,0.0368211973217355,0.0007461214573784626,2.886096279972353e-07,1.005961747411612
0.4805645286153071,0.0268908208354856,0.0022512140467652,1.130370424510835e-07,1.0059836857783937
0.479979983850828,0.0291289200943636,0.0020207415944394,-7.802758067451523e-08,1.0059918955586786
0.4837446771500068,0.036868852226864,0.0007360281611154918,-5.71796771439365e-07,1.0059413872528231
0.4849960492661703,0.0372185260834171,0.0006599846749420119,-2.925228897169688e-07,1.005925811601093
0.4857981547898177,0.0380381141658434,0.0004757364143866834,7.361868278766474e-08,1.0059154017414584
0.4865844938360086,0.0387702394984424,0.00030396551162103314,-1.30272470201015e-08,1.0059050937398553
0.487062871731046,0.0393004204270379,0.00017516507106815136,8.971107882038312e-09,1.005899330402321
0.4861928691886205,0.0155349377258663,0.0024256990973808,4.450087612718729e-07,1.005911539372484
0.487132870952861,0.0136975248732247,0.0022988776401961,2.243336142743019e-07,1.005895975985637
0.4877867477390477,0.0115034127838444,0.0020905352723979,-4.187528433042564e-07,1.0058890272804497
0.4883545937025335,0.0090871228061137,0.001790227200783,6.862704339736586e-08,1.005882872428497
0.4890498615015143,0.0063835791843432,0.0013667101772243,-1.1601036518456825e-06,1.005875569479173
0.4898689634938997,0.0042921867370484,0.000976663268948038,-2.599734568681474e-07,1.0058644311427152
0.4852505085294489,0.017365452608791,0.0025081430785989,-8.509138382390133e-07,1.0059215732213298
0.4846154229628987,0.019338040033002,0.0025511701454631,-6.505673441239115e-07,1.0059287333291669
0.4916445548913529,0.0038703055949179,0.0008919939460508425,1.757122991981764e-07,1.0058406297800424
0.4941873115157427,0.001195055002752,0.00029579966189216333,-1.7105889810156425e-07,1.005808562120322
0.4954542546916377,0.0006943036608909232,0.00017433850311189393,-1.293819066256508e-07,1.0057930585871648
0.4938216775072871,0.001831217261363,0.000445922089338805,-1.8895977244462518e-07,1.0058131594569086
0.4931043850911836,0.0029653310337193,0.000701753914764504,-6.875056333560096e-08,1.0058217737580293
0.4955659831748178,0.0012020049113928,0.00029804264092099004,-2.846923350508417e-07,1.0057915538174187
0.4968530863281953,0.0006963514870506047,0.00017501791793002978,4.3863157923197125e-08,1.0057746242367709
0.4841446239245326,0.02096535461637,0.0025487177860666,-3.3564776714906426e-07,1.005938043211716
0.4824968654887608,0.0222101561019422,0.0025249649493627,-2.46433847542101e-07,1.0059608369949604
0.4814618934893944,0.0244782022171452,0.0024252217315073,-4.858052860457361e-07,1.0059716534098977
0.4811297327666231,0.03134962623643,0.0017281249115967,1.205472688100247e-06,1.0059719302995285
0.481965230934567,0.0334392901156819,0.0013973562561696,-2.569156185558952e-07,1.005965746746261
0.482957343886352,0.035440293304256,0.001029324917923,3.67566476339707e-07,1.005950461900767
0.4827229540089722,0.0266357135331903,0.0022720290050596,-7.209041434032749e-07,1.0059547878342536
0.4818517412738079,0.0288477652890854,0.0020533983239337,8.774815090020086e-07,1.0059649116944265
0.4848761888032912,0.035779079471771,0.0009636108040667708,-3.811218515835327e-07,1.0059269519079248
0.486179769888895,0.0369363441947678,0.0007213410336533821,6.549844214380393e-08,1.005909891282723
0.4871113554130407,0.0379312712776321,0.0005001384426909905,-1.8953021233557379e-07,1.0058983024557149
0.487869051571525,0.0387301340123765,0.00031331530228902903,2.2988856451778723e-08,1.0058890854375784
0.4884615684450317,0.0393014664070854,0.0001749253434532172,1.5442759384178226e-08,1.0058817883474471
0.4873730653185139,0.0171475179484848,0.0025010164872699,1.4225066317646485e-07,1.005895791208852
0.4882971282260449,0.0151644258966354,0.0024040881209107,4.595082614039057e-08,1.0058838696749886
0.4890281841490345,0.0131053992381723,0.0022482442188915,-3.449795611665953e-07,1.0058727834064076
0.4896958748067495,0.0109249186148907,0.0020251947144674,-6.512191587763658e-08,1.0058652961407455
0.4903107346304576,0.0084351527329315,0.0016946951954518,-4.153921168942884e-07,1.005857260180831
0.4910555376941191,0.0058163651875265,0.0012669412713174,-5.799071046155113e-07,1.005849871689204
0.4865858989719003,0.0191185509440024,0.0025483160687732,-2.741763537321805e-07,1.005903316228948
0.4857585255079309,0.020901732066648,0.0025500386354442,1.174169974067676e-06,1.0059113756588032
0.4929049206099357,0.004845153964225,0.0010873768532393,2.9556983615997496e-07,1.0058255271905392
0.4952187999209249,0.0018706971086362,0.0004557112234276797,-7.142529714546116e-07,1.0057959564659364
0.4945069923500463,0.002691536516181,0.0006412298606217811,-9.425156885098964e-07,1.0058061477748292
0.4944531141217496,0.0040520692015022,0.000930377843616171,-1.321467981629629e-06,1.0058087769181527
0.4969840570637284,0.0012058040537856,0.00029903513385540187,1.1426201549779986e-07,1.0057727522765971
0.4982519139129764,0.0006953073859376311,0.0001744971059323302,9.698870810800122e-08,1.0057568183201795
0.4966656630665103,0.001850252996267,0.0004513335191332247,1.8168661449736396e-07,1.0057771906181
0.4847610781053739,0.0226768994688886,0.0025075719001452,6.885795507220101e-07,1.005930029995974
0.4837232772457178,0.0245662274419604,0.0024197132593824,-2.118038953141763e-07,1.0059424565326678
0.4829362506369527,0.0310713763351837,0.001768366495191,6.493820752996736e-07,1.0059501636298016
0.4838096956364839,0.0334985002011107,0.0013881007201142,-1.6408199003887237e-07,1.00594067085912
0.4848251267648212,0.0263797794586531,0.0022928318974947,3.246663461326408e-07,1.0059291387387346
0.4839111566462276,0.0286510625143692,0.0020743386649465,3.441497130436311e-07,1.0059400503604958
0.4856053571742331,0.0336891071481004,0.0013554195050307,1.0650207416022275e-07,1.0059177958868022
0.4866701251809123,0.0356305747242954,0.0009924109114583738,-5.28673199705495e-07,1.0059045770395876
0.4876267458801382,0.0370204994456477,0.0007031369847498586,-2.1753384715191997e-08,1.0058914777970465
0.4885101999241163,0.0379012884023833,0.0005070004792968673,2.465211168726544e-07,1.005881009542625
0.4894066300269458,0.0387829961138951,0.0003008477273912073,1.297686657982941e-07,1.0058697852068
0.4898601182045802,0.0393021250734611,0.0001748967330571998,2.7070634980746184e-08,1.0058639358986745
0.4909794984504274,0.0388721411771277,0.0002797048940982215,-3.0962414048933486e-08,1.0058495783181316
0.4912586206287875,0.0393014558999836,0.0001751355800646361,-2.5171691798283517e-09,1.00584605694578
0.4885547261224717,0.0189043373163965,0.0025458238015001,8.048907040316553e-08,1.0058794898076682
0.4894325025995645,0.0167952635265342,0.0024878211438378,2.2023040072600777e-07,1.005868967346072
0.4902458158826386,0.0146779058130361,0.0023720389485692,-3.757114962433473e-07,1.0058581093465315
0.4909799377217294,0.0125175536145524,0.0021949189677413,-5.544700010507855e-08,1.005848750117474
0.4916560580667155,0.0100941941037873,0.0019243631634009,-1.5128689050246526e-07,1.005839878676922
0.4923108330168677,0.0073051507481417,0.001519438100643,-8.869744965392753e-07,1.0058312969246055
0.4877395574488916,0.0209903629811735,0.0025491747764545,-3.650868664911994e-07,1.005890326172558
0.4866289444746675,0.0222593812741756,0.002521695135941,9.470613986379124e-07,1.005903390449066
0.498406589864623,0.0012060231401931,0.0002987154756138761,2.113530145836418e-07,1.005754802336038
0.4996505593096547,0.0006920858889583201,0.00017341837302548414,4.2503020163294367e-08,1.0057392085412782
0.4945140864177694,0.0062667503830488,0.0013479611123094,-3.078172513229545e-07,1.0058059563684951
0.4959090327042653,0.0030056995175384,0.0007110088585834073,-4.7572386957002795e-07,1.0057872909305086
0.4957792675572968,0.0045379437943008,0.0010251821501963,-1.0896801054033198e-07,1.0057879616805074
0.4980154593200043,0.0018982929841137,0.0004620541088986144,3.69016552256939e-07,1.0057593570808594
0.4973083693988279,0.0027973664530344,0.0006645330079251071,9.554339555095132e-07,1.0057682825332592
0.4863691414779443,0.0244421417789785,0.0024262714760381,-1.5442569057323616e-07,1.0059086488858482
0.4868111125831305,0.0265757171763173,0.0022755082578462,-2.951107042878445e-07,1.0059027058751284
0.4852085652696454,0.0310647195836238,0.0017712863867771,-7.837557612846836e-08,1.0059243404908855
0.4860749231370959,0.0283643904238572,0.0021052513096383,-6.725248260929454e-07,1.0059116251777918
0.4866475725842772,0.0321191407245138,0.0016108304316779,2.042403954195379e-06,1.0059065443866542
0.4873691941761741,0.0339122984414602,0.0013162528194733,7.690385187904995e-07,1.005897277556272
0.4882702719837602,0.0355680964890212,0.0010053799565291,6.336616322192772e-07,1.0058842276623468
0.489199696839708,0.036808107530106,0.000748897439766627,3.794132996070666e-07,1.0058725608409065
0.4900141216679334,0.0379466360815138,0.0004968926678570454,2.0419640428345886e-07,1.005861981673525
0.4924034569915418,0.0387829878977217,0.00030110234171214543,4.503654335770651e-08,1.0058320964778782
0.4926571403809541,0.0392999302283375,0.00017549655160349636,1.8860218036012345e-08,1.005828858884955
0.4914758537025366,0.0379978362947558,0.000485469814639904,-1.3940367840856554e-08,1.0058434484146794
0.4938862034417272,0.0387656027585951,0.00030568384213593803,1.6877230619603598e-07,1.00581373333913
0.4940556830615669,0.0392978779006102,0.00017621887485199533,7.703737738275855e-08,1.0058115995884915
0.4896674682620308,0.020742543996142,0.0025521540449213,5.160219017735669e-07,1.0058652028624195
0.4906475880023331,0.0185459043259375,0.0025400534590407,4.944310542853595e-07,1.0058534637709764
0.4914766920511508,0.0163316408976827,0.002467126451905,-5.516271438085464e-08,1.0058429055176976
0.4922722375634801,0.0141102871109732,0.002331418940853,-4.015311517729088e-08,1.0058329112092377
0.4930200746569459,0.0118641908472648,0.0021297642805791,1.7366250772699358e-07,1.0058232912149725
0.4937248775855015,0.0092706865968331,0.0018143777884398,-2.2501550608385207e-07,1.0058140585085429
0.4886567495552088,0.022960613511885,0.0024996804720984,7.267308039001737e-07,1.005878641583826
0.4907726940125322,0.0222167475746887,0.0025230334807542,-2.954386168947242e-07,1.005854100213447
0.4997849683238731,0.0012048615081783,0.00029806617038609704,8.083214507418071e-08,1.005737605253132
0.501049022557754,0.000690260269145362,0.0001730715182026449,-8.724775763361436e-08,1.0057223220831668
0.4993761085267038,0.0019361439557658,0.00047024519383043103,4.410639332109055e-07,1.005742697874448
0.5011712874230844,0.001198088539545,0.0002967117777241584,-2.100247357977607e-07,1.0057209140309522
0.5024475047273732,0.0006910337809927513,0.0001735059747902815,-5.39769779739593e-08,1.0057046179035432
0.4958256951501595,0.0085106995312114,0.0017044184225268,-6.317872414575364e-07,1.0057861380992843
0.4965760306529203,0.0059969157645099,0.0012990999634422,1.3344176171525026e-07,1.005780041159329
0.4971231779702236,0.0041010574390187,0.0009390524087157344,1.0840999539917888e-06,1.0057686398439076
0.498677830074846,0.0032176702038703,0.0007561115456218437,9.668488019433968e-07,1.0057510290212053
0.4885194467838434,0.0255500322872933,0.0023561750469865,9.55905140559051e-08,1.005880610017786
0.4881562831653965,0.0277415417437018,0.0021711190919877,-9.5090313732401e-07,1.0058869532793338
0.4875583936319271,0.0301102855843615,0.0018959432363272,-1.1415474893607062e-06,1.0058918663643623
0.4879133154678,0.0320734220956715,0.0016174236137841,-6.676828838025499e-07,1.005884710705034
0.488950074681792,0.0337320644780294,0.0013478180942923,-2.379588657751158e-07,1.005875573997651
0.4898986202595259,0.0355031399516355,0.0010182097127755,8.492256765540346e-07,1.005862742860724
0.4907449285108552,0.0368437151489262,0.0007417143069918023,3.5827389853883254e-07,1.005853022944711
0.4928355491596177,0.0381190545647049,0.0004578107895429317,4.107718061817106e-07,1.0058262405867386
0.4920256487826711,0.037183012245711,0.0006687984503682718,4.065798286062385e-07,1.005835922624054
0.4953177007379228,0.0387770703835044,0.000303269326731116,2.0224375080487078e-07,1.0057957599942966
0.4954542534315812,0.0392953554346167,0.0001771343870205102,8.32033770266408e-08,1.0057940459163544
0.4942922222390327,0.0381724022586249,0.0004460354044607522,3.083933142960699e-07,1.0058090577670702
0.4967420785809907,0.0387804849451684,0.00030258130784295133,-6.501169667847937e-08,1.0057768864306815
0.496852863458729,0.039292707485821,0.0001778527168385355,-2.9649994160548172e-08,1.0057754270134842
0.4920312277536566,0.0204030440125268,0.0025553524893366,-8.008782948901727e-07,1.005838823076863
0.4927302008772015,0.0180787530658836,0.002530291217941,-3.026342298060571e-07,1.005828268724876
0.4935774196778953,0.0157367170579557,0.0024372349722025,-1.4210739747433628e-07,1.005816856019443
0.4943530553566236,0.013475614424297,0.0022812884580292,-3.683779659157856e-08,1.0058065023569434
0.4951183894712236,0.011197965604577,0.0020567013018764,-8.66544160757612e-11,1.0057960586314627
0.4909684389799221,0.0243988186316425,0.0024301994889915,5.313350784550323e-07,1.0058491776908138
0.492539585500362,0.0225786322907141,0.0025121009377276,-4.388749482466509e-07,1.0058283844634726
0.5007457133920643,0.0019906194669025,0.00048295879162192894,-5.494617098777675e-07,1.0057259971718275
0.5001262418870753,0.0028210562956388,0.0006691224353129659,-3.170425024721849e-07,1.0057348787101257
0.502225813127306,0.0019454701070731,0.00047288650619912304,-5.0167344544426336e-08,1.0057077156047758
0.5026193178449815,0.0011984600821861,0.0002970015443026133,-9.960225446115081e-08,1.0057023229935955
0.503846158220423,0.0006924859967044722,0.0001739754420402529,-4.09428998150689e-09,1.0056865006082707
0.4972051929882633,0.0103163008954838,0.0019509459352384,-8.329244827221808e-07,1.0057681346854166
0.4979524315013828,0.007525550091423,0.0015548009624453,-1.946271861251068e-07,1.0057599950143743
0.4984885374331849,0.0050507489008586,0.0011264253757039,1.0974859657354365e-06,1.005754275526766
0.5001088502404881,0.0041504845205818,0.0009505557553856164,-4.3268167979076e-07,1.0057367690124135
0.4902115468187285,0.0269731863024632,0.0022450671210715,5.218406805432277e-07,1.00586198107583
0.489666804218936,0.0291798265215458,0.0020120444398309,-6.485756350214963e-07,1.0058668945727531
0.4894465880621138,0.0315771357233766,0.0016925597080888,-4.6918981747046196e-08,1.005869332313324
0.4905448200173973,0.033380473668254,0.001408613716922,-2.3013244991147306e-08,1.0058562052466546
0.4918523392746375,0.0355931777991437,0.0010020546874084,1.1651931554603617e-06,1.005839844518006
0.4934763833512071,0.0369389922842009,0.000723741140032448,7.420592266687792e-07,1.005819765861122
0.4956927828128405,0.0381123682778627,0.0004601802115954431,2.8319712139792325e-07,1.0057905567484868
0.494987749254849,0.0372276277730007,0.0006593781905885255,2.2557939245345989e-07,1.0058002099698888
0.4981264004683494,0.0387595363248763,0.0003074575233355644,2.358128929476844e-08,1.0057589889101295
0.4982515137239242,0.0392903422103497,0.00017837139654188367,6.261346318926491e-09,1.0057573146785386
0.4971271053300728,0.0380756061224278,0.0004684821074562993,-2.9360645441204965e-07,1.0057719455826672
0.4995044500152425,0.0387661551341397,0.0003058623175313856,-1.735016212911986e-07,1.005740838163285
0.4996501986920777,0.0392885551118407,0.00017872672101522217,-6.543753788445872e-08,1.0057387944237095
0.4922929573298802,0.0264371320442243,0.0022892759922346,-5.9206347600271925e-09,1.0058317852811147
0.4937496572070558,0.0212327049515157,0.0025442228740237,4.927881184139999e-07,1.00581358457823
0.4941117450187309,0.0194236678188051,0.0025511914203676,-5.959372349280683e-07,1.005808600098846
0.4949095434398691,0.017283315540922,0.0025057726437128,-4.473375102539742e-07,1.0057997325293184
0.4957239802010313,0.0150511686484473,0.0023968086021794,-3.329559252478788e-07,1.0057895872955387
0.4965046317796569,0.0127923248774714,0.0022217804507063,-1.5596175795900858e-07,1.005779339844856
0.4932812124869428,0.0244810802292347,0.0024245817423914,1.6833422398083206e-07,1.0058214123933933
0.494406778789455,0.0226827291233126,0.0025079512304653,2.9902009013448204e-07,1.0058077649233137
0.5016074714152917,0.0032689357677174,0.0007670586705151477,-4.22668520814619e-07,1.005715341412846
0.5032230831253667,0.002912836054437,0.0006897366087695451,-1.8106891322642381e-09,1.0056961647578833
0.5036360301183097,0.00199001085318,0.0004829733679988404,-1.7230661548996577e-07,1.0056889702238598
0.5040555379747343,0.001184563383775,0.00029377088718551,1.7347850241827198e-08,1.005683915166099
0.5052449430357657,0.0006920416823000386,0.0001737707477535793,5.57670856582656e-08,1.0056679120575251
0.5054256367051949,0.0012050123223772,0.0002985253073046216,1.5460139386969194e-07,1.0056655592324286
0.5066436802584666,0.000688929433001361,0.00017278600093586485,5.545846158851322e-08,1.005650018142044
0.4986955692386722,0.012140096854475,0.00215780834276,-3.779633601044934e-07,1.005751240239286
0.4994626264907936,0.0095371907299335,0.001850750116936,-2.4061185115427374e-07,1.005741599580013
0.500157246838819,0.0064898312312446,0.0013876091149218,1.848927414116792e-07,1.0057335482744802
0.5015353533172215,0.0048022065050607,0.0010765938075239,-2.978258884768029e-07,1.0057149135056982
0.4916653503588805,0.0285313566506002,0.0020877176132825,1.1994899450682147e-06,1.0058417284156589
0.4911564699952586,0.030829324812122,0.0017991086491756,-4.539760538059746e-07,1.0058453136319334
0.4924372950968703,0.0329187792082143,0.0014854268484934,5.457515029573847e-07,1.0058338205182926
0.4937098497469863,0.0348817923207925,0.0011373429679935,-5.97924405054751e-07,1.0058149502192444
0.495066328562149,0.035953400618688,0.0009277190792236936,-3.4920157821471966e-09,1.005797698910172
0.4964631480400724,0.036849743137513,0.0007421340327765864,-2.0488286286196952e-07,1.0057807977546478
0.4985847898057079,0.0380238727605237,0.00048031987983995,6.986473625061478e-08,1.00575330692401
0.4978666638895924,0.0372015582432848,0.0006649331283923272,-1.559035404845399e-07,1.005762298159986
0.5009294856286105,0.0387586208120042,0.00030742055929496064,2.60933955666658e-08,1.0057228682787536
0.501048894728709,0.0392877603385429,0.0001788265933737871,1.6212208925311858e-08,1.0057213532857106
0.4998211310065059,0.0381478419222822,0.0004516814057827077,-3.10909210549404e-07,1.0057364813286986
0.5024475536053368,0.0392879282044126,0.00017875189821014596,-3.802061942730584e-08,1.0057027874687776
0.5023490116088847,0.0387656913112683,0.0003057488751861659,-8.608570333219519e-08,1.0057041606734831
0.493348148410263,0.0279106928618251,0.0021528952734729,6.566583311879962e-07,1.005817511755621
0.4943358869931868,0.0262990105804692,0.0023001549405977,-6.919763261868352e-07,1.005806865250875
0.4955957510848897,0.0210089158763099,0.0025490550798385,3.902003340084269e-07,1.005788663972898
0.496287891514683,0.0187591738407207,0.0025433811378329,-2.6155285624245264e-07,1.005781257566488
0.4971044543764638,0.0165828094270451,0.0024780980701361,-3.174978917527029e-07,1.005771574373396
0.4979070484494468,0.0143760005235392,0.0023513685791307,-9.873407883461013e-08,1.0057617010153244
0.4953789640242069,0.024420721500915,0.002427629689058,-8.25319255863974e-07,1.0057936459836607
0.4959744831610062,0.0227815049854053,0.0025039975919553,6.532453897179164e-07,1.0057851124667472
0.5032561065881508,0.0044880587260619,0.0010166928066418,7.802353583859223e-07,1.005691905345352
0.5044130602529745,0.0030589910192725,0.0007210610036290373,4.425644859821394e-07,1.0056774029611686
0.5052192587234604,0.001837888930404,0.0004477878217545541,2.892270422532971e-07,1.0056685634866065
0.5068027717891619,0.0012101560924819,0.00029947445118370697,1.2925469570883701e-07,1.0056481554120218
0.5080422367966002,0.0006850630384978185,0.00017175217126546563,-2.6459905072158664e-08,1.005632200746466
0.5066283794600334,0.0018525865995556,0.00045097009322610015,2.8796688212488444e-07,1.0056502248210255
0.5001493314633912,0.0137925757310643,0.0023067486055525,-5.543393759770572e-08,1.0057326487288047
0.5009415820784602,0.0116070764289527,0.0021009473268745,-4.320802430720369e-07,1.0057220809631693
0.5017026390191218,0.009134447712965,0.0017954117150134,-4.042745196571385e-07,1.0057124653135918
0.5024653358158756,0.0065908172860627,0.0014032730397293,7.837472387822139e-07,1.00570534914601
0.4933728752275251,0.0301608784324233,0.0018904146737063,1.1000053067552644e-06,1.005817091490939
0.4941818595844683,0.0325850008822964,0.0015366466448291,-2.2435367723488948e-06,1.005808468463449
0.49544272869188,0.0337923034599155,0.0013353713520318,-5.229252186039374e-07,1.0057944357311932
0.4967145794261595,0.0351092377713757,0.00109301677749,-4.038457444729946e-07,1.0057764402460798
0.4980474436600592,0.0358570896074027,0.0009470005717837588,-3.929201947783911e-07,1.0057591550132496
0.4992985598524485,0.0368413904169966,0.0007435308532267446,-4.834020028446126e-07,1.0057436255395424
0.5013049749660411,0.0380753011375571,0.0004681412462635943,6.680476275485876e-08,1.005717975157011
0.5006346808673767,0.037222073282492,0.0006598554949235445,-1.569082873591321e-07,1.005726344168155
0.5037217930989925,0.0387662697991521,0.00030550623360218673,1.6226202515450552e-08,1.0056868379752766
0.5038461617586242,0.0392881915909389,0.00017864676995717332,1.1289963145234291e-08,1.0056854106578794
0.5026392614175204,0.0381207329704977,0.0004576746077713333,-1.8000090248450813e-07,1.0057005069050675
0.5050855618797333,0.0387541074673627,0.00030839655555638606,-1.537751667457916e-09,1.0056690348056734
0.5052447643578396,0.0392880939940506,0.00017862659505622156,-2.0759034432750253e-08,1.0056669467991295
0.495173250871645,0.028375625081601,0.0021049490063518,-2.352157096584508e-07,1.0057945256540295
0.4965407887654169,0.0261684676891402,0.0023108983116877,-2.5442710748290973e-08,1.005778270373353
0.4971470723955883,0.0219700329677697,0.0025293936754556,9.812144995257866e-07,1.0057703147894137
0.4976581698209839,0.0202471833415652,0.0025523829608606,-3.711016405745485e-07,1.0057622085605946
0.4985664977295164,0.0181053369106695,0.002529466569868,-4.22014923127636e-07,1.0057522624884931
0.4993305980902635,0.0159229231391155,0.0024465469903327,-4.718005700420361e-08,1.0057429764603738
0.5017610901887409,0.0154522783678938,0.0024208598309587,2.9693620855774173e-07,1.0057130624445334
0.4975036427755439,0.0238362153910713,0.0024610513872757,3.4807133514760655e-07,1.0057653274957827
0.5082277124930944,0.0011972589289248,0.0002962611100162538,-6.562371829007742e-08,1.005629928921833
0.5094406677077055,0.0006831279757296327,0.0001714879937195275,-7.56607666507662e-08,1.0056145995043408
0.504367853334022,0.0063645152761987,0.001364683720043,1.02630754214816e-06,1.0056792157442194
0.5051805888563033,0.0044181091736844,0.0010021576995889,6.388454996353948e-07,1.0056702753267563
0.505932155876886,0.0029352236796019,0.0006940596129694584,2.023978510450341e-07,1.0056595871595069
0.5080255755036073,0.001831519924096,0.0004457635581197312,-6.696558505359943e-08,1.0056325269693935
0.5073382177212138,0.0028616856350734,0.0006778991991115386,5.624531657222246e-07,1.0056406615699407
0.5096522637403331,0.0011781986823859,0.00029205997697268684,-1.724341169174377e-07,1.0056118275332633
0.5108391439849865,0.0006835887360168819,0.0001716579398567595,6.650669946319267e-08,1.0055961528024426
0.5024233468328454,0.0132969775388259,0.0022652655857909,-4.463197812128471e-07,1.0057036796539862
0.5032825150492849,0.0111594115185585,0.0020505298541622,-8.651481306993413e-07,1.0056920397011655
0.5037539800671497,0.0088746613303528,0.0017595230324009,7.031388370526374e-07,1.0056876387250144
0.4959291781036031,0.0311144780557441,0.0017627213650344,9.519817329580108e-07,1.0057863376000593
0.4970545767279139,0.0331099111105961,0.0014487867270172,-1.1264104902972436e-06,1.0057721899690206
0.4983999336120506,0.0339524326566559,0.0013057475434141,-6.50317134534887e-07,1.0057554982872607
0.4995417771400312,0.0351881754185903,0.0010782968077426,-7.117447372781813e-07,1.0057405017922183
0.5007079188662397,0.0360257723090831,0.000913006031938946,-1.9143532057536554e-07,1.0057249280490097
0.5020801417916837,0.0368587996090519,0.000739656792742696,-1.6682675963919728e-07,1.0057082999658855
0.504089580049012,0.0380708177372828,0.0004691082729872651,9.369716963878284e-08,1.0056818690741691
0.5034428375897104,0.0371830694023949,0.0006684476922931152,-3.6228899862904674e-08,1.0056903555198666
0.5064427123563515,0.0388831942867222,0.0002773366374971301,-4.383576352105725e-08,1.0056515618329984
0.5066433916595492,0.0392881287158544,0.00017862755304667028,-2.110384267359348e-09,1.0056489382302902
0.5055423269747418,0.0380227405252256,0.0004800035074470944,-2.658057233933466e-07,1.0056634007375151
0.507831948943731,0.0387800059803652,0.0003020392024632502,-3.523330918324813e-09,1.0056342166227188
0.5080420239612276,0.0392886276344472,0.00017845758904008274,3.5565701096219513e-09,1.0056315120963313
0.4976112883542166,0.0284414742751978,0.0020977717729138,-1.6350588078608002e-08,1.0057638120336774
0.4989293553675,0.0261346053369179,0.0023132595568832,-1.0635283975060781e-07,1.005747165416201
0.499043925729058,0.0219984346871093,0.0025289688946004,-1.1654712604563837e-07,1.00574444182968
0.5002424072085577,0.0199033037191411,0.0025528518156543,-5.104916077282258e-07,1.0057301847369002
0.5011657255794325,0.0176198257492302,0.0025163849038586,1.980159336054816e-07,1.0057202586390852
0.5035214108915566,0.0170554327186143,0.0024981889600859,-6.411498011032871e-07,1.0056922099611612
0.5039761282848274,0.0150261428530616,0.0023946860347466,-4.6501587404240934e-08,1.0056855774505835
0.5001526385385819,0.0240573725209808,0.0024490463200128,4.6283609324235333e-07,1.0057323672213287
0.5054488838870546,0.0083352136348658,0.0016808858585699,-8.010774148481436e-08,1.005665235774145
0.5094168121953895,0.0017913335804451,0.0004368813648767069,-4.266251667872611e-07,1.005615162614988
0.5062163984096966,0.0062204278098268,0.001339336440756,-4.232202455646441e-07,1.0056561826458392
0.5067767557802005,0.004394970871102,0.0009976263026462934,8.519467512218321e-07,1.0056491241000474
0.5087455694038105,0.0028293260509829,0.0006707674717601413,-7.228777117547391e-07,1.0056247452988842
0.5080523534115224,0.0039884996347018,0.0009155635290424868,1.1665344163469517e-07,1.005632679642217
0.5110210770291496,0.0011641814021166,0.0002887190985137547,1.3933956266814822e-07,1.005593710119021
0.5122377551857146,0.0006845337775049597,0.00017171456629607395,9.427941381859131e-09,1.005578894324479
0.5107765575108066,0.0017264525096263,0.0004221189711145382,2.506413454491084e-07,1.0055969409179837
0.5046097645856693,0.0128413264438114,0.0022248323751531,1.9794862334965965e-07,1.0056761230268882
0.5058164625286281,0.0143746556799314,0.0023495173070551,-8.923626857701541e-08,1.0056596891604144
0.505624644057134,0.0106202105177273,0.0019884825437481,3.1987460700540825e-07,1.005662841626801
0.5123870400742524,0.0011895298880752,0.0002947111177411214,-1.3760222656286906e-08,1.0055770045815005
0.5136364320800351,0.0006842420936753104,0.00017175452779842588,-6.720022997500361e-08,1.0055614587769663
0.498640451883011,0.0313646367803909,0.0017284662662775,3.599551638248331e-07,1.0057526592062909
0.4998864501490054,0.0330958936725391,0.0014509468069584,1.761662392510489e-08,1.0057352354376825
0.5012287272076743,0.0340602676106165,0.0012874508898004,-2.774966584624384e-07,1.0057190113043328
0.5023653966457279,0.0351881979177396,0.0010780455964912,-5.209958704289162e-07,1.0057044200940668
0.503632809232688,0.0358781958641891,0.0009425014568984732,-2.849188979910579e-07,1.0056874557945303
0.5048564040239975,0.0368531486118032,0.0007405536627829481,-2.741214403131241e-07,1.0056723220093706
0.506858840094958,0.0381249197951883,0.0004564690652345915,1.433789118279709e-07,1.00564613156247
0.5062229550438376,0.0371723649231969,0.0006705353438029026,-1.4608322579538312e-07,1.0056546095020236
0.5092844211303168,0.0387700651817682,0.0003044173406543572,-2.276075399206705e-08,1.0056152764954958
0.5094406391696482,0.0392893552127894,0.0001782641338277338,-1.23292830420479e-08,1.0056131926494831
0.5083349314246944,0.0380269643485745,0.0004788743579430626,-2.052131474613985e-07,1.0056279926024227
0.5106806316565661,0.0387698624652122,0.0003045161025028368,-4.520911438986071e-09,1.0055975380454678
0.5108392358363957,0.0392900907524559,0.00017806952061598106,-9.23526322810584e-11,1.0055954597734749
0.5001931257707689,0.0284543587201882,0.0020962611830531,-2.211705648611615e-07,1.0057308607310007
0.5015834107705944,0.0262353783262689,0.0023051637231301,3.46093222472656e-07,1.0057143448470072
0.5016982161666707,0.0219040331409941,0.0025308796123466,2.444695828671215e-07,1.0057125585086075
0.5033102119792815,0.019549444470501,0.0025535395481683,2.7247309787197215e-07,1.0056946562148923
0.5049906216198774,0.0182455825768827,0.0025302501556899,2.1356220865622838e-07,1.0056709141346538
0.5059142167502239,0.0164478333970349,0.0024720798076304,4.081593624528597e-07,1.0056576177675494
0.5029950365798124,0.024049359045459,0.002449433169482,2.740667424077883e-07,1.0056962842266752
0.5071657491528497,0.0084765626987102,0.0017030262363069,3.199546054083708e-07,1.0056428569365412
0.510158673086205,0.0028535123371503,0.0006764288628089152,-1.853254003781481e-07,1.005605661874572
0.5080814261554076,0.0058973461375944,0.0012840347389831,9.212272174637101e-08,1.0056308297345666
0.5094788095082307,0.0043061240335075,0.0009794727521043123,-1.379632195478054e-06,1.0056149694094614
0.5120287437695796,0.0017761542799572,0.0004335057664091811,-6.076060424912355e-08,1.0055805605356805
0.5113952160770601,0.0025333911240818,0.0006059166877323783,3.028851783990312e-07,1.0055885683304175
0.5076066783998702,0.0148776791640167,0.0023850767295286,-5.32147310299341e-07,1.0056352189367586
0.506813339513373,0.012805162861023,0.0022213977888042,-6.538942527507694e-07,1.0056481510328237
0.507937595435929,0.010972580020575,0.0020307944698839,1.1758365848511516e-07,1.005634588079542
0.5137911354515136,0.0011867798864242,0.0002942013337461224,-1.6166194099787798e-07,1.0055595303113958
0.5150350660869207,0.0006830088004115237,0.00017173991376125838,-8.14503778087466e-08,1.0055439259052068
0.513537730472507,0.0017995206937719,0.0004390725380205626,-1.751970730951974e-07,1.0055632357187472
0.5152361061904179,0.0011945235599562,0.0002964591660707635,-1.833313545012069e-07,1.0055412425136778
0.5164336097534535,0.0006817799580704781,0.00017154061707286457,-4.960108007438801e-10,1.0055251369294942
0.501408610463519,0.0313839089718153,0.001725724069156,-1.1891877099512252e-08,1.005716791942354
0.5026588901790073,0.0332427745400865,0.0014263465471128,-4.362673208225231e-07,1.0056989882378111
0.5039883606083282,0.0340148053871073,0.0012948680805529,-5.804066903077603e-07,1.0056832261878643
0.5050637147366807,0.0351711542570374,0.0010812061835573,-4.445685450185657e-07,1.0056690826038257
0.5063805413005315,0.0358800481643133,0.0009418719071166148,-2.1148312944417837e-07,1.0056522348834915
0.5076159690157805,0.0368606221205705,0.0007388538085386475,-1.048394462943321e-07,1.0056367146795022
0.5095688481250719,0.0381412149377124,0.0004526666979694191,1.51651642454165e-07,1.0056112873610512
0.5089824978763878,0.0372051106498893,0.0006633556178738776,7.217077971139688e-08,1.0056192832457873
0.5121029508930312,0.0387867751226221,0.00030052857932519886,7.17536316963434e-08,1.0055795148096056
0.512237816574372,0.0392907216579565,0.0001779977375011352,3.5238764423685417e-08,1.0055778419492465
0.5109714485430437,0.0381474121342585,0.0004512721781574245,-5.8023251486608226e-08,1.0055940819475653
0.5135225345887636,0.0387811700980584,0.0003019078311825526,-3.703739264388817e-08,1.0055612396727618
0.5136363849444983,0.0392910982990666,0.00017791143631833956,-1.7263198477457852e-08,1.0055596784208785
0.5029013740246734,0.028477430612271,0.0020939109923633,-1.3572526734693638e-07,1.0056973978029229
0.5043290585517733,0.0262405847174593,0.0023050428976259,1.761466723070348e-07,1.0056790243325135
0.5044450769482559,0.0218661425597471,0.0025315414873842,-4.25068199946287e-08,1.005677840543899
0.5057186427983446,0.0199006367695148,0.0025529500560326,3.739679749418656e-07,1.0056614602597629
0.5065147946419277,0.0183118126837607,0.0025313154038994,-8.383330346301951e-07,1.0056460921712218
0.5083301525187734,0.0172833283640574,0.0025068088760621,1.203850196692424e-06,1.0056264752062862
0.5057619171109015,0.0239934415465493,0.0024524411900006,-1.490242319975281e-07,1.0056603618821225
0.5090630304524217,0.008720002537999,0.0017389595803207,-2.1019736074470514e-07,1.0056178219007683
0.511139073821933,0.003934446724258,0.0009052188439026494,-3.1155413003826345e-08,1.0055926889351807
0.5105615951947416,0.0062367758189107,0.0013429949258482,2.2630119493446656e-08,1.005602886524579
0.5127238415392981,0.0029919992245361,0.0007080803768990089,-1.0598517052357417e-07,1.005573693348681
0.5098124519419782,0.0152996812001986,0.0024100661962339,5.723089219052683e-07,1.0056080847365332
0.5088585272274945,0.0131556023478379,0.0022530687621978,-2.325583503923027e-07,1.0056212580448043
0.5099826249988499,0.0112843648836983,0.0020667591940935,-4.828750915021723e-07,1.005606331098395
0.5166531700539752,0.0011776007603373,0.0002923578291434376,1.1389483821295746e-08,1.005521959415445
0.517832067869257,0.0006815689175615712,0.0001715283469378419,2.00567406019967e-08,1.0055070184268655
0.5149108064881256,0.0018570063204678,0.0004528604072774877,-4.599330585244749e-07,1.0055453093525342
0.5142023372054071,0.0027522825287635,0.0006547520543334505,-4.503730327893647e-07,1.0055555915939334
0.5162953757925345,0.0018378225669191,0.0004484390614773801,1.6476073908116345e-07,1.0055271862585042
0.518048754071139,0.0010739630570604,0.0002674310481275154,3.648842670698537e-08,1.0055043462141606
0.5192305136834249,0.0006833955974396672,0.00017174068879949355,8.16236028425578e-08,1.0054878375754135
0.5041267442073559,0.0314680774778553,0.0017137406849918,9.237727077530249e-08,1.005682378266101
0.5053954838869857,0.033231305253298,0.0014284908396967,1.5672819603161389e-07,1.0056647871028397
0.506705480444948,0.0340427402603291,0.0012901633745324,-2.854074558332377e-07,1.0056487798281455
0.5078187245379439,0.0351802588129428,0.0010796884616745,-3.16489155913201e-07,1.0056342419234918
0.509088252468474,0.0359521098179664,0.0009272414591200636,3.6768841777596785e-11,1.0056178611103503
0.510368843436764,0.0370037227534881,0.0007083384776862325,1.0276790740752263e-07,1.0056019358298192
0.512371965653152,0.0381892237234112,0.0004417002284347213,1.9236113742908098e-07,1.005575851217582
0.511712148789014,0.0373345051939225,0.0006351388903789578,1.6984541355555485e-08,1.005584514079473
0.5148997554766838,0.03878074688328,0.00030198456343738885,2.3908953232809948e-08,1.0055435343211272
0.5150349627447345,0.0392910164203676,0.00017792566827055906,1.054703372117512e-08,1.0055418677814034
0.5137669091519587,0.0381554893371002,0.0004494283333235988,-1.6072196917115166e-07,1.0055582339512468
0.5056478562447194,0.0284797772197039,0.0020939552468249,1.494249115196569e-07,1.0056619922457797
0.5070851878399404,0.0262120493387136,0.00230730144348,3.121998185643111e-07,1.0056438488275727
0.5071864800181513,0.0218003283811799,0.0025332606851603,-2.901649738538094e-07,1.0056424290335346
0.5078646715783995,0.0196304678761782,0.0025522255758631,3.613995265549045e-07,1.0056332417361924
0.5097984941086932,0.0190424607599884,0.0025464572209927,3.445533762875108e-07,1.0056094278437933
0.5107997602201667,0.0173735244671051,0.0025094693011403,-4.5120846258104076e-08,1.0055990218316462
0.5085241834938524,0.0238770163765079,0.0024585222401265,7.051531244600144e-07,1.00562561429588
0.5110940184407592,0.0090327829515544,0.0017835219552859,-7.321488275242484e-07,1.0055927635949793
0.5125077450867951,0.0050421101570988,0.0011228188230207,-2.549271548696652e-07,1.0055750970458142
0.5123928851012315,0.0071072426510613,0.0014863970889251,-9.386352280589727e-09,1.0055759002686937
0.5141620487326289,0.0041783985630305,0.0009545738245879634,-5.557722722028931e-07,1.0055562220646623
0.512083225470104,0.015602691694046,0.0024277341279816,-5.904407918118668e-07,1.0055821678642474
0.5111671927331286,0.0135237380708451,0.0022835990534974,2.498723442924623e-07,1.0055915616986564
0.5123432530098433,0.011547192534566,0.0020951458067089,-5.97147118915446e-07,1.0055785316216157
0.5176365881530423,0.0018849537963243,0.0004590558107108932,2.8908052717894188e-08,1.0055093679451683
0.5156568516257724,0.0030902841388987,0.0007288207773368492,9.526171563296645e-08,1.005535574590189
0.5170647209104244,0.0027376571429385,0.0006513591853881998,1.208291246091735e-07,1.0055175495449564
0.5194226686834859,0.0011826214683567,0.0002932201489345833,2.483791007220724e-07,1.0054852110229495
0.5206290530768242,0.0006867122632303734,0.0001722847300373061,7.616318767894537e-08,1.005469454330763
0.5191788090376056,0.0018233143680405,0.0004444696746706529,3.778806380476472e-07,1.0054888093470409
0.5162726465773754,0.038776197060056,0.0003030484854272332,-5.7490949412103574e-08,1.005525877685174
0.516433594094514,0.0392906424313278,0.00017798507464848075,-2.7047195268290082e-08,1.005523750771092
0.5068866340442587,0.0314465403607052,0.0017168444239341,1.2196177945671806e-07,1.0056468224596553
0.5081576494343685,0.0331636744403918,0.0014398659536498,1.280967612464175e-07,1.0056287206565124
0.50949516711726,0.0340358177487573,0.0012915823456958,-2.7411101663929244e-07,1.0056128896442875
0.5106344433597833,0.0351816111953408,0.0010790277737526,-4.035673218872572e-07,1.0055983428725808
0.5118320039312924,0.0359941243983512,0.0009183537701239892,-8.24955377905268e-08,1.0055820019500257
0.5131295181915708,0.0370148169034652,0.0007057731920028213,-6.02950202317433e-08,1.0055666156188716
0.5151707122457986,0.0381760569463334,0.0004446895612537509,1.1564839478365946e-07,1.0055398632547763
0.5145253234202483,0.0373293707526813,0.0006361505672458728,-9.265414423208405e-08,1.0055484397760914
0.5084073162246129,0.0284808997736098,0.0020940551671448,2.1591707658047986e-07,1.0056269025149829
0.5098407449258312,0.0262052949014434,0.0023079881592211,4.045045028106556e-07,1.0056087009025243
0.5098729433097935,0.0213746647101429,0.0025433306554766,1.9486174871752315e-07,1.005607472426196
0.5117005436769385,0.0195464515999014,0.0025520797447791,-6.823810018518311e-07,1.0055830013504456
0.5129283029774244,0.0176516775242504,0.0025183503925478,-8.153132094420685e-07,1.0055699804949132
0.5138786764334718,0.0161198503788382,0.0024550689366748,-5.846882918997073e-07,1.0055576302988134
0.5112615311951223,0.0239543448999632,0.0024544489016369,-7.037636349918173e-08,1.00559029719134
0.5134935453070626,0.0091014378705874,0.0017934258372553,4.636159303276963e-07,1.0055646037779298
0.5142981409878297,0.0064432142764695,0.0013781313988863,1.6105624046296083e-08,1.0055502623965458
0.5155833759506714,0.0047505010524162,0.001065389503233,3.4061428630300265e-08,1.0055343490537922
0.5137644943352272,0.0138390236718518,0.0023101686316245,-3.617255431459153e-07,1.0055595934208237
0.5156282785405942,0.0153794737985975,0.0024156654223719,9.943914719490433e-07,1.0055349027750822
0.514629607137646,0.0114003244128465,0.002078957771724,1.012205364266325e-06,1.0055499363811482
0.518446491687638,0.0028919385166083,0.0006844326942892575,5.991557200347363e-07,1.005497656364642
0.5172748358245595,0.0043097869947551,0.0009804327593520698,9.686145315431025e-07,1.0055119353529192
0.5208322747156072,0.001175917904425,0.00029133304720135937,1.4237726144675498e-07,1.0054671581923649
0.5220277084033771,0.0006897325403268251,0.000172890858922158,2.228976733527034e-09,1.0054524177129334
0.5205884565970766,0.0017578000427578,0.0004290764093833143,2.922130549444024e-07,1.0054704647394246
0.5199388081349038,0.0027171671988934,0.0006462471920244628,3.85566185946622e-07,1.00547955877978
0.5177001137108013,0.0387838755102924,0.0003011615420374562,1.7338394489921073e-08,1.005507692242848
0.5178323074786259,0.0392908059958892,0.00017792337728576822,1.0656470524667642e-08,1.0055060820914616
0.5165591308294045,0.0381608135406976,0.0004481313398843284,-1.7397350730007294e-07,1.0055223714235062
0.519123101099066,0.0387760414509516,0.00030302279692769177,-2.287987179229476e-08,1.0054895887215087
0.5192310603176015,0.0392926002452841,0.0001774859154784666,-5.107657675678321e-09,1.0054881916050145
0.5096523681801637,0.0314535878421307,0.0017158333399937,1.871003845235982e-07,1.0056112806775166
0.5109294274420626,0.0332624861869801,0.0014236135754945,1.7864901894009133e-07,1.0055934875171049
0.5122639042723157,0.0340336640207763,0.0012924557341299,-1.9446358361430425e-07,1.0055774307481042
0.513412930969989,0.0351842249280824,0.0010782623129587,-4.125151762627969e-07,1.0055627657378368
0.5146086286182007,0.0359990802547595,0.000917126355449229,-1.2411657647832297e-07,1.0055463196100531
0.5159515965681986,0.0370155853262938,0.0007055829337180337,-1.1048717565797353e-07,1.0055304302321542
0.5111665354253386,0.0284985963141105,0.0020923243715557,2.293272504381979e-07,1.0055915715588437
0.512562272097358,0.0263031154792143,0.0023000683683968,-2.553849550831789e-08,1.0055739193506097
0.5150374932899263,0.0175768790327303,0.0025165955335753,4.3377499975971e-07,1.0055445897131252
0.5127633427500565,0.0218019887162787,0.0025333309887988,5.645670024196489e-07,1.0055715262301914
0.5140718555560485,0.0197000867057615,0.0025529053325609,-5.278981965477271e-07,1.00555509646434
0.5140045294302978,0.0241662515156937,0.0024433076928266,6.427657440203392e-09,1.0055567385506194
0.5169334710709627,0.0173260323660503,0.0025082028079053,2.3727854505104118e-07,1.0055177888533515
0.5175385560555742,0.0151695356750296,0.0024023922634378,-5.769059026556959e-07,1.0055078671654594
0.5154915166629256,0.0090262614837133,0.0017826736757597,1.282603031238393e-07,1.0055350741051716
0.5165349116304437,0.0064670692920112,0.0013811653734053,7.240690330529252e-07,1.0055242470736263
0.5164671168366458,0.0131149262215613,0.0022498073747825,-1.286037240791532e-07,1.0055264156942785
0.5165864358336645,0.0109273869807094,0.0020231420247613,4.291981244384849e-07,1.0055249815709406
0.5191991086635785,0.0041382963718349,0.0009454557038360924,4.5237683468116577e-07,1.0054898552167957
0.5184383903033893,0.0060927624485781,0.00131639613962,4.547395597810312e-07,1.005499543206862
0.5221875247988326,0.0011757002352137,0.000291197555954685,-4.034617302487984e-10,1.005450410330193
0.5234264233125061,0.0006916287023063319,0.00017335490951569767,2.2799822071179083e-09,1.0054349628981496
0.5219511374688747,0.0017550041716993,0.0004283386373754382,-9.618381992910978e-09,1.0054528490962256
0.5211863107521324,0.002505175424968,0.0005992801298496113,2.954208537561519e-07,1.0054625658683811
0.5209785099134078,0.0037865033939579,0.0008741174051581721,-6.499290815591599e-08,1.0054668571551078
0.5179933440304935,0.0381826212033448,0.0004431432047771298,1.2549022223931246e-07,1.005503698089366
0.5173090432356097,0.0373313362519713,0.0006355864278599964,-1.2711525283661666e-07,1.005512689559923
0.5204998811367229,0.0387596792973877,0.00030686678847620646,-1.1158951547685862e-08,1.005471675208858
0.5206297251170766,0.0392963019698955,0.00017652057870123813,-1.538951896045484e-08,1.0054700549292934
0.519472932467627,0.0380758187662882,0.0004676445464620876,-1.9633642674692858e-07,1.005485289856164
0.5218723173595099,0.0387770028698492,0.0003026316237928652,-1.9521480658504026e-07,1.005454360634242
0.5220281847532607,0.0393001584888419,0.0001754186755518037,-7.691083660965771e-08,1.0054522291527874
0.5124064440910941,0.0314554886697572,0.0017154648813685,2.3098540416500219e-07,1.005576018585795
0.5136948277513871,0.0332804802273268,0.0014208545906384,-1.9525789455087749e-07,1.0055578868984203
0.5150394782662514,0.0340439030042454,0.0012903708900038,-2.8825949174493257e-07,1.0055420421876755
0.5161851182168727,0.0351877502362142,0.0010773396645326,-1.6275885595087713e-07,1.0055271345950911
0.5173867360788708,0.036053813073572,0.0009062820346483488,4.9413559250828356e-08,1.0055104409314213
0.5138734547001715,0.0285764583485163,0.0020835819383108,-6.53035187350471e-09,1.0055570381048418
0.5152202336376063,0.0264313775167464,0.0022895426228591,-1.5908016903893215e-07,1.0055403431516636
0.5163329925032293,0.0195531129299732,0.0025535978440534,5.190180490483659e-07,1.0055273008288026
0.5156684581383139,0.0220704063543546,0.0025280023073203,-1.2704509768485032e-07,1.00553755576997
0.5165476661182349,0.0244439196081043,0.0024283886066054,2.737472110490704e-07,1.005525073660518
0.5181574763350897,0.0192156594099694,0.002551237352391,-5.89606470797078e-08,1.005502833517128
0.5189043280371282,0.0170129668629647,0.0024957382786926,-5.92374913355478e-07,1.0054925655261304
0.5184298359806512,0.0135491760643983,0.0022849474319563,-2.798115139164512e-07,1.0054978590147157
0.5195979044596314,0.0148230842406947,0.0023805682231077,-5.393598967487539e-07,1.0054847638684623
0.5179623766668177,0.00885776042697,0.0017598453666761,1.0284047608427566e-06,1.0055064950740762
0.5183453971646462,0.0116461325659716,0.0021052238940303,-1.2270667439315218e-06,1.005497879738896
0.5203579973116549,0.0055210702625593,0.0012129741175123,-1.1222271271017791e-06,1.005476206491318
0.5198018149851913,0.0076314353617121,0.0015719908105966,-2.868543207148205e-06,1.0054845216676105
0.5235559844758925,0.0011949631821526,0.0002958215816896421,1.2486413232412227e-09,1.0054333834857092
0.5248251786863378,0.000692589323475273,0.00017365174843295795,-3.603543209483393e-08,1.0054178329846193
0.5233181642734185,0.0018028124955155,0.0004394605528646916,-1.3841833514487285e-08,1.0054364333228374
0.5249819584347789,0.0012018578003975,0.0002976243874122328,-1.1964023541825138e-07,1.0054157624652311
0.5262239485130605,0.0006917155510372532,0.00017361096469133727,-6.6092984087819e-08,1.0054008001027004
0.522498334079324,0.0029078567812466,0.0006891411328803871,2.0154404380992656e-08,1.0054466582068775
0.5221196305069302,0.0048138839733547,0.0010808625065028,5.326541844149961e-07,1.005451851145306
0.5264264197680492,0.001195896911748,0.0002964396643025859,-1.680213698870077e-07,1.0053982662598502
0.5276226081279861,0.0006888186466854273,0.0001731716674284627,-9.576693327557665e-08,1.0053830891757842
0.5187767388990777,0.0369397207850515,0.0007219783483091346,-4.938034927691356e-09,1.0054941924274046
0.5209315156749693,0.0380158324218107,0.0004814506124873861,-4.084216477084359e-08,1.0054662701666166
0.5201948398063927,0.037199803403073,0.0006646758369515384,-7.127863759694777e-08,1.0054757808547754
0.5232885832052774,0.0387876572089865,0.0002997887160067271,-7.397582160444493e-08,1.0054371140248308
0.5234264687626807,0.0393013083992578,0.0001749545811991715,-2.6712391896770335e-08,1.0054353796675224
0.5221680558298035,0.0381551085655052,0.0004493552209731553,-2.984908841652995e-07,1.005450571614296
0.5246866135656716,0.0388072093698562,0.0002949909742282946,-5.7467118814981775e-08,1.0054197943254517
0.5248247582282836,0.039298351263477,0.00017560867496110914,-1.8999400319264792e-08,1.005418100535045
0.5151151333567016,0.0315155643063627,0.0017071153352274,-3.144914520673683e-07,1.00554156078352
0.5164399574704502,0.0333011316669361,0.0014174793883086,8.888475445848187e-07,1.0055245137750135
0.5177988033373221,0.0340503895980085,0.0012901323879961,4.1424700757171017e-07,1.005507399843525
0.5190024519362595,0.0351917185894703,0.0010774784284561,-6.720529691676738e-08,1.0054918348997874
0.5165251613822547,0.0286396180125624,0.0020763716263338,3.59900636429226e-07,1.005522983913883
0.517793849142686,0.0264877801055806,0.0022848251167467,1.0746876829767701e-07,1.0055078710703675
0.5178137628359388,0.0211934022436907,0.00254308235721,-5.106041442680795e-07,1.0055079328432042
0.5177234192297857,0.0229365551373048,0.0024958753712122,4.134757150357381e-07,1.0055083838776504
0.5192937363197169,0.0205179725551763,0.002550660469063,-5.646836348434026e-07,1.0054887370004904
0.5188714053347421,0.0245796685554673,0.0024204773995395,5.679294012494059e-07,1.0054939670421348
0.5202439470053585,0.018964862283216,0.0025488768517028,-6.370807671945518e-07,1.005476012821819
0.5210002155894418,0.0165744761439075,0.0024774253046489,-3.907312146383685e-07,1.0054672835779377
0.520127674101226,0.0127472952798809,0.0022166847171351,-1.9446305455290777e-07,1.0054769739114644
0.5216219795776245,0.0142694428394892,0.0023427632721523,3.2069607871168605e-07,1.0054605854709493
0.5205381700874638,0.0102132748560942,0.0019398311692182,4.817825207055878e-07,1.005470947479676
0.5216210680001138,0.0071787228383385,0.0015015784458175,1.4389309504916636e-06,1.0054553445939305
0.5247313600179099,0.0018226470649738,0.0004444086306140152,-2.399767302451664e-07,1.0054186551906084
0.5239577624965612,0.002728700877273,0.0006492451431923635,-2.91491883579136e-07,1.0054289430681864
0.5260753540976947,0.001865872381443,0.0004546058894208372,-1.5142861522017534e-07,1.005402655392797
0.5238367461413675,0.0040494427820975,0.0009281718194090976,-8.105989941303413e-07,1.0054323664970182
0.5232971936915685,0.0062103077944602,0.0013390876950748,-4.032186074131029e-07,1.005439772135558
0.5278254165779641,0.0011787761190933,0.0002926504239455083,-2.023408735540189e-07,1.0053803720707015
0.5290210727086866,0.0006862266986767491,0.00017276648907996908,3.6827606804509403e-09,1.0053645354252427
0.5275776526349542,0.0019472805877178,0.0004736413386142767,-5.369950281619387e-07,1.0053837036474007
0.5292960521236268,0.0011087543898062,0.00027599581433036287,7.710980542326265e-09,1.0053608938529546
0.5304194143042789,0.0006862306264636762,0.00017267571890688366,5.226916631455629e-09,1.0053461342617016
0.530601810148283,0.0011859922062234,0.0002945603908230485,4.0596750250457845e-08,1.0053435801728474
0.5318177779177381,0.0006892670838486265,0.00017334969538728608,8.025250471023977e-08,1.005327359744726
0.5202179201708738,0.0359717963649476,0.000923373970810678,-6.168741026184824e-08,1.0054746604580065
0.5215916100808814,0.0369875825664424,0.0007119354502068563,-2.963456810655405e-07,1.0054582699797991
0.5235576389732185,0.0381656317163328,0.0004465297576654954,-1.0965194225444705e-07,1.0054335013220297
0.522948618010789,0.0373330851483366,0.0006352822688456755,-4.393862726787964e-07,1.0054407619383492
0.5260397584151636,0.0387711052672057,0.0003038054912580833,2.7021920124705337e-07,1.0054034993324643
0.5262232440729426,0.0392927264127442,0.00017715240469136484,1.3174369265057076e-07,1.0054013612606505
0.5249004601562498,0.0382212792443908,0.0004334260171436413,-5.6095593911164234e-08,1.005417536254642
0.5271667695397206,0.0387283503279959,0.0003144378784635188,2.950186184419658e-07,1.0053888550427537
0.5276219580934494,0.0392876968982114,0.0001787944791770817,7.194673264820649e-08,1.0053831209292867
0.5178266098353026,0.0313118702151943,0.0017362213601571,-8.290036475452152e-08,1.0055066545593727
0.5191598154397429,0.0331599221991115,0.0014402754798594,-2.097671125602605e-07,1.0054872059863935
0.5205943752157945,0.0340268472692527,0.0012928176463561,-1.2098594194480532e-07,1.0054704688512195
0.5191062854886778,0.0286238815347215,0.00207809082882,-1.6870579245187544e-07,1.0054912141839325
0.5202056369906903,0.0264034136215908,0.002292497213194,4.634670423825908e-07,1.005477093587251
0.5196724756962524,0.0223475201178695,0.0025165526155474,1.359990850981934e-07,1.005479966371729
0.5205712778717764,0.0207587508169934,0.0025478376756263,8.333887004355194e-07,1.0054686569918652
0.5216433810256638,0.0200310945105156,0.0025521562606428,1.0031451462769894e-06,1.0054586515718715
0.5211765220720711,0.0241898422834173,0.0024419151128781,3.3179340377602985e-08,1.0054632559316137
0.5225135480713944,0.0184269281944537,0.0025387674190061,-6.623155636309431e-07,1.0054471394073443
0.5231195863619947,0.015949762860672,0.0024480626406134,6.243033541606209e-07,1.005440872063053
0.522285173210239,0.0119885281496361,0.0021433993582644,1.3060390640209987e-06,1.0054512248129044
0.5236519047712623,0.0135883959933349,0.0022905726872317,1.5958796677252803e-06,1.0054350411864246
0.5232566359497919,0.0091901558900687,0.0018050410974972,-3.8999453526640886e-07,1.0054372654741706
0.5254042079707862,0.0030607452625317,0.0007237079002755201,-2.742042323991013e-07,1.0054110246112824
0.5268919346751905,0.0027846912540535,0.0006625484532017975,-5.234361310658423e-07,1.0053935069470294
0.5251823634799698,0.0051311637209667,0.0011398840906617,-1.6688853305674462e-06,1.0054140121335082
0.5247925622485882,0.0072241983478091,0.0015047348474126,-7.863773109476706e-08,1.0054170577916823
0.5290666436885472,0.0018143189750854,0.0004432092955987537,5.0912327859964667e-08,1.0053638796369224
0.5282275221225962,0.0029674897692734,0.0007021930741118002,-1.9858585337834606e-07,1.0053745429726926
0.5304184298718834,0.0017985618730536,0.000439472353228912,-3.4022520152952775e-08,1.0053464459679713
0.5320057518258432,0.0011769483202874,0.0002922117582599499,1.9174721002360958e-07,1.0053250505966491
0.5332162673099983,0.0006941358401948621,0.00017420444987620136,9.095803473584501e-08,1.00530978319687
0.5317256026199634,0.0017471211182855,0.0004275341479174215,3.584354876647471e-07,1.0053289546619446
0.5333593901747261,0.0012078892625352,0.0002992274516467447,2.103325842789614e-07,1.005307971907282
0.5346148918271469,0.000699057868800943,0.00017520273222205716,2.2320020761678116e-08,1.0052923023255005
0.525146636863023,0.0152071690322829,0.0024060284060498,1.4356877341798956e-07,1.005412931688707
0.5218412720684191,0.0351379289217709,0.001088038050559,-4.939927705114402e-07,1.0054546302143297
0.5231201581340718,0.0359802877037106,0.0009219026600941636,-8.949793059630938e-07,1.0054373284354905
0.5243678457579937,0.0370425795831593,0.0006995803224914664,-4.021832813404699e-07,1.0054239421850737
0.526298572979348,0.0381433898694485,0.0004517467158467906,5.571943958453642e-07,1.0054004126651055
0.5256490949077939,0.0373890921558567,0.0006225129296051799,5.235380158292243e-07,1.005409084618768
0.5286045039675943,0.0387630485807383,0.00030634749671919377,1.827807934923411e-08,1.0053700664046064
0.5290207660835334,0.0392851181046714,0.00017955250569035345,4.165498015711655e-09,1.0053648132645254
0.5276972053933894,0.0380073223580449,0.0004835449545730767,3.360581827769183e-07,1.0053819429057955
0.5205121579314939,0.0313801472135591,0.0017272097808761,2.0778651035006826e-07,1.0054729941178275
0.521967688764484,0.0330678509130544,0.0014562070732223,2.116845252748148e-06,1.0054529889656028
0.5216465574093933,0.0284484370581434,0.0020979353807942,5.429884387625833e-08,1.0054587733561886
0.5226392025057759,0.0260903747863174,0.0023179934310261,6.621201210972518e-07,1.0054452749646818
0.5219815792770409,0.0217988528922624,0.0025317172224001,-8.640091092071782e-09,1.0054533163240382
0.5229065472980362,0.0202059406791387,0.0025511391884392,1.138328663909091e-06,1.0054398682348062
0.5240075565713487,0.0194422624534781,0.0025499442240743,1.4022057710106755e-06,1.005429227541211
0.5235145064583854,0.0237387266659177,0.0024641898460639,5.400907402805023e-08,1.005433545545429
0.5248205319592025,0.0176675465933625,0.002518996022975,2.8773486837672905e-07,1.0054159333573711
0.526714294172914,0.0164618008453989,0.0024721460698771,-3.2035785435085575e-07,1.0053920740711966
0.5246079473474392,0.0115531946051942,0.0020950585444096,3.9021063572185553e-07,1.0054187090755933
0.5254743594357297,0.0133452899653239,0.0022679677585103,3.5866596883812026e-07,1.0054081432800206
0.5256411174998986,0.0092725392018987,0.0018148208069816,2.461274143619056e-07,1.0054088958121044
0.5270603169105734,0.0043006500698508,0.0009813149155020074,-1.8512586511777094e-08,1.005389722587923
0.5266179509331962,0.0068417391917791,0.0014436903680284,-8.189452105729206e-07,1.005394506483915
0.5297602448453936,0.0027436665856654,0.0006531726693652872,-7.98408597228704e-09,1.0053549689986594
0.5289999263470695,0.0042956125071358,0.0009787421063845133,9.90492448609147e-07,1.0053662427622785
0.5311448128425614,0.0026842353754956,0.0006403057338948719,1.1884675477009673e-07,1.0053378042208971
0.5329612328998089,0.0017966460859274,0.00043850635635234647,3.460975778172885e-07,1.0053120655110248
0.5323085983304007,0.0025118145367508,0.0006015508971511063,9.997027685035903e-07,1.005320420825073
0.5347193810973464,0.0012142844919375,0.0003004914422019471,4.5611474256827e-08,1.0052912001375371
0.5360135886989287,0.0007029484522746535,0.00017628789882590407,-8.939956792188322e-08,1.0052754108640074
0.5344528054744949,0.0018272319316716,0.0004452193995510977,2.321222891934119e-07,1.005294923109085
0.5361322889853196,0.0012244565185479,0.0003031832309545654,-2.080398315598656e-07,1.0052739437717746
0.5374122895338447,0.0007056888488534705,0.00017719454475882498,-3.662538182377346e-08,1.005257668791662
0.5271787412638859,0.0142175001846424,0.002340389035579,-1.1323137173883407e-06,1.0053886642910512
0.5235439380360799,0.0339100940177427,0.0013165840292095,-1.044396649492596e-06,1.005431487647349
0.5247055648964652,0.035154076185356,0.001086246896061,-2.950338736165188e-07,1.005419404715006
0.5258638119559338,0.0361627668712853,0.0008845285960433672,6.534154884989133e-07,1.005405126577969
0.5268606702651989,0.0371062885709084,0.000685033915789459,9.471334909682916e-07,1.005392588627265
0.5282498820152233,0.0370817437806917,0.0006909847662908007,5.675194571918637e-07,1.0053743939502071
0.530275945004412,0.0387423462291933,0.0003114329129608839,9.441505629727932e-08,1.0053487886797845
0.5304195408041923,0.0392845132778524,0.00017976808627367868,3.804965660245239e-08,1.0053467268832377
0.5291010050779349,0.0380276188545494,0.0004792803045320553,6.342486950110771e-08,1.005363518401803
0.5232828974975767,0.0310339101691553,0.0017746389625856,-3.296200888921144e-07,1.0054374931948125
0.5241216583233624,0.0280526036671336,0.0021414984209213,1.2716766280858927e-06,1.0054278226693116
0.5249937375195347,0.0256864740189913,0.0023477700576512,5.037091850225868e-07,1.0054159556493898
0.5243862514666412,0.0213196194366497,0.0025426130979653,3.7579532711212166e-08,1.0054229829369954
0.525410901060783,0.0195911065764846,0.0025498237473816,3.641442541529521e-07,1.005406814639293
0.5259093041484958,0.0233467366146147,0.0024814841191453,2.224197693842083e-07,1.0054041261205164
0.5268748325816811,0.0185512392722709,0.0025406081633289,1.235118894117378e-06,1.0053918698710318
0.5281795802552872,0.0173130500607634,0.0025049802000422,-3.9092251361135537e-07,1.005373712081837
0.528583344567548,0.0155204019147455,0.0024232013348783,-7.546649232390497e-07,1.0053685414727946
0.5270681557936894,0.0117723958587909,0.002120488493642,-3.060201864807093e-07,1.0053884429620343
0.5279622552958173,0.0092173946119331,0.0018058076695472,6.373257770078062e-07,1.0053779463221957
0.5284494035658237,0.0062887857565378,0.0013509075094235,1.5126927751263795e-06,1.005369928592087
0.5305741447913838,0.0040139101423714,0.0009219043972620326,-6.429349942690348e-07,1.0053459029058465
0.5299489023132347,0.0055939505667719,0.0012262701424071,-6.515500418816754e-07,1.0053557833165117
0.5320502843378078,0.0037630833595101,0.0008703106194651742,1.2333862071762567e-06,1.0053238437567933
0.5336033809647893,0.0029793181119594,0.0007048509783813497,6.810036937998427e-07,1.0053052453911595
0.5358142592986298,0.0018635180900276,0.0004538918333586013,-4.346532543217526e-07,1.0052776200414193
0.5350459258801624,0.0026611472943618,0.0006344062118301154,-2.420492654157518e-07,1.005288284047685
0.5375576622007503,0.0012259550623541,0.00030382975557167183,-1.0333928445038589e-07,1.0052557609479795
0.5388109517917429,0.0007075726154607213,0.0001778204295208722,-6.355572318795226e-08,1.0052403385847375
0.5372389800154007,0.0018519869124963,0.00045161819819373295,-1.757332535762345e-07,1.00526020760382
0.5290486169371705,0.0133531374103564,0.0022708288360999,-3.434483504445725e-07,1.0053640164089108
0.5389372789263862,0.0012283528288129,0.00030466090502789296,-1.613537525131309e-07,1.0052384832862096
0.540209575648803,0.0007093004398380837,0.0001783531088404885,4.638917271154541e-09,1.005221931180007
0.5251567689443185,0.0328811265034967,0.0014923460384027,1.6323803951391224e-06,1.005414097555381
0.5264106709182639,0.0343543628166269,0.0012369821661203,1.4726412867975903e-06,1.0054001602603158
0.527414631654656,0.0357995850621051,0.0009593462988980192,1.4479878739510163e-06,1.0053866231931443
0.5288816533328586,0.0356921019684119,0.0009804138342015148,-6.509611490942185e-07,1.0053648970170384
0.5316754144357062,0.0387372703836042,0.00031276744395907006,-1.487772427249945e-07,1.0053297908124164
0.5318182508174981,0.039284988528112,0.00017961371852816488,-6.295693511988833e-08,1.0053279905912214
0.529779088701552,0.0371399837705416,0.0006783194483036809,1.3986543291817236e-08,1.0053544267798626
0.5306063878757304,0.0379947324706731,0.0004868891244551647,2.151399201739431e-07,1.0053440835730685
0.5257776238761808,0.029837986856475,0.00193386535709,-1.224756401984323e-07,1.005406765554059
0.5264663849086882,0.027581599701392,0.0021876848725491,2.340455294435991e-07,1.0053990488677298
0.5273052591720931,0.0253089334149003,0.0023738606948577,2.710866852712032e-07,1.0053873566185871
0.5269653327227427,0.0209748649693666,0.0025486616810278,3.6077400000120133e-07,1.0053905262000902
0.5282878111681256,0.0230519165286001,0.0024929922692847,-2.943872925920928e-07,1.005374885407445
0.5288567678068447,0.0190668389069589,0.0025466503249588,-1.068332863858813e-07,1.0053657458996856
0.5299385682364371,0.0171672463862337,0.0025003421490673,5.713026835554564e-08,1.005349596814339
0.5306006590784431,0.0149771381119892,0.0023910944189362,5.1924931407801985e-08,1.0053422088826005
0.529594523388162,0.0109740351484735,0.0020330875227398,4.819731532477335e-07,1.0053589403061738
0.5302678043989663,0.0078540092833339,0.0016059982642225,-7.028673565914013e-07,1.0053474030994802
0.531480021596916,0.0055792087597439,0.0012233739756544,1.3406525052259694e-06,1.0053302037438827
0.533190747500795,0.0048100132307395,0.0010796593774004,1.468154658601086e-06,1.0053108053325293
0.5348578149439751,0.0040023350068103,0.0009191412796921844,-4.378896751404458e-07,1.0052919733082566
0.5364004499411404,0.0030021400248074,0.000710394889495018,-5.343466385780983e-07,1.0052710370814173
0.5386489200399788,0.0018489601174655,0.00045123744358158943,-2.3988274808115626e-07,1.005242236887599
0.5378816288173072,0.0026703549288826,0.0006370522237676591,-2.723434108282931e-07,1.0052525697074297
0.5312662774246809,0.0126577960756314,0.002210048850609,1.1648849362414405e-07,1.0053343760756597
0.5403185443426971,0.0012398094465778,0.0003074189184215581,3.327931287774132e-08,1.0052205403562129
0.5416082173099231,0.0007112704786246486,0.00017882485544554706,8.388589893061606e-09,1.005203464550681
0.5398930909064119,0.001979594187288,0.0004812925999787522,2.9700771128429517e-08,1.0052259706965485
0.5271759767051379,0.0319951190767091,0.001630047669819,1.2269218267893346e-07,1.005384406265092
0.5281322808329884,0.0339068555641108,0.0013159744278131,-2.7493395950107653e-07,1.0053760425096128
0.5295464051568566,0.0340925070182025,0.0012831539259048,-7.023306754092848e-07,1.005356356278058
0.5303771784227358,0.0354471722051394,0.0010287897930353,3.036524569232885e-07,1.0053487686919989
0.5330653233395716,0.0387410821594975,0.0003115454268307532,1.5397269684511475e-09,1.0053121390938176
0.5332169059304557,0.0392860604796917,0.00017921402986211614,-4.306262328543445e-09,1.0053101667759912
0.5321282988345831,0.0380184901611556,0.0004813040105396128,-4.275932123416868e-07,1.0053240572579074
0.5314378338669972,0.0367776142158425,0.0007565794222412688,-2.293780809612628e-07,1.0053333661554655
0.5344953211221872,0.0387632362320546,0.0003062855012793042,-1.5650011458417006e-07,1.0052934936167224
0.5346155085454526,0.0392874029765349,0.0001787929359408527,-6.790738786324173e-08,1.0052918082970892
0.5279644896908643,0.0294084847212217,0.0019876561645309,3.410597819133408e-07,1.0053780870319065
0.5286885173659296,0.0272018132919165,0.0022233527532629,2.222839501815212e-08,1.005368435206216
0.5294285308740242,0.0250251712054632,0.0023916264580202,-1.0262915536390692e-06,1.0053582368348872
0.5302957009230765,0.0233522342168178,0.0024800721774359,-2.9121468143543614e-07,1.0053491349266157
0.5300123101158284,0.0211442925616392,0.0025466226491738,1.4140425746245396e-07,1.0053540183594427
0.5311269519680933,0.0187412273178851,0.0025427570721652,2.457399307519883e-07,1.0053369655222657
0.5320416810288977,0.0166057094120119,0.0024777555671102,3.0013863629992025e-07,1.0053247439842394
0.5328527214540931,0.0143687171327989,0.0023500769604262,4.316796322504141e-07,1.0053147770535291
0.5318761550715022,0.0102560328021685,0.001942269037399,-1.2984663020978343e-06,1.0053247300746408
0.5325843460278953,0.0072034351853646,0.0015048611911894,1.703972903418644e-06,1.0053190344359322
0.5344488405569195,0.0060770241155017,0.0013149612909922,-8.114008662910338e-07,1.0052996995018937
0.5361405737788557,0.0048730752025304,0.0010914539053399,-5.262305555413445e-07,1.0052744111903618
0.5377303468529037,0.0040124946019974,0.0009212294306648592,-2.539520847514241e-07,1.0052548286707328
0.5392410972499476,0.0029979361642437,0.000709723987514846,1.9786143174260123e-08,1.0052347218484072
0.5336873584574365,0.0120465221436296,0.002150797048418,5.15585160119458e-07,1.0053048087675227
0.5417401848956045,0.0012337545948397,0.0003059551059057283,1.2551222231079886e-08,1.005201774956536
0.5430069211282798,0.0007126917265651992,0.0001791496924817518,1.0900477098085985e-08,1.0051853176155083
0.5413711105466027,0.0019192034092061,0.0004673175616032364,-1.1201852751694757e-07,1.0052062742913626
0.5406406409858849,0.0027768963050202,0.0006604449429878599,5.086350660132619e-08,1.0052165596802638
0.5294125607058681,0.0317800900429091,0.0016640391653765,-3.4829215296596694e-07,1.0053571673718835
0.5309283524898318,0.0336363153104415,0.0013634634801295,9.521063579311548e-07,1.0053390136713445
0.5316801378462034,0.0352013018258968,0.0010758805788241,5.370911864778223e-07,1.0053307379997851
0.5335770989532688,0.0379645120561778,0.0004934690621058555,5.2606386858614434e-08,1.005305844584494
0.5328428260954874,0.0371148281189352,0.0006834729688178617,-3.462608306014626e-07,1.005314275897377
0.5328954018672126,0.035774426562963,0.0009650305073493144,-2.8387233074509734e-07,1.0053128896922756
0.5360140622110957,0.0392884837821872,0.00017847325085620233,3.10720547777211e-08,1.0052750510944684
0.5359224652644063,0.0387751474797176,0.0003032982519356209,5.699924910578696e-08,1.0052760814105828
0.5348160851096955,0.0381320554140976,0.000455153729978005,-1.842089627706041e-07,1.0052891970008624
0.537300641242068,0.0387583092061299,0.00030746352771151734,7.722743500891679e-08,1.005258416223077
0.5374125924891623,0.0392888456252175,0.000178471979335306,2.739243102204036e-08,1.005257063125962
0.5301252916201852,0.0290579675271019,0.0020298593182124,7.645997720072933e-07,1.005349954427616
0.5308411478699261,0.0268282713273859,0.0022558466288248,-3.0744240713925285e-07,1.005340479945487
0.5315339156095349,0.0246424094882898,0.0024159639746249,-1.1074802489446798e-07,1.0053335702956077
0.5320755647125711,0.0224915918785246,0.0025134915171619,9.487275579893314e-07,1.0053249569366285
0.5325834795872525,0.0203848309948496,0.0025519077536399,-3.754995358770202e-07,1.0053188870188805
0.5334812388510451,0.0182310096127688,0.0025324502781693,3.900564996253528e-08,1.0053084744020808
0.5343157261022857,0.0160536010173861,0.0024520915186883,3.622613930099648e-07,1.005296764163952
0.5352046265190361,0.0138719438716706,0.0023132993702394,8.060106436389104e-07,1.0052852447120288
0.5346037200979549,0.0089321304168443,0.0017676238145112,-2.9970411859253335e-07,1.0052918140841072
0.535982209691902,0.0068556855629444,0.0014435847669885,1.2742014578737777e-06,1.0052743789357783
0.537419520325289,0.0060623228609317,0.0013102396060797,5.610912596240681e-07,1.0052575696899242
0.5389970717171916,0.0048445288635552,0.0010843915818742,4.139527765857521e-07,1.005236632947273
0.5406223959861806,0.0039953018598859,0.0009168619614493732,2.812601449759433e-07,1.0052171206927152
0.5362030767391294,0.0116185930127721,0.002103544483959,-3.397333916674438e-07,1.005270897096494
0.5431673542203361,0.0012170037190259,0.00030195227017060206,1.1657325050819124e-08,1.005183321190955
0.5444056516385047,0.0007126795039802934,0.00017916413602080383,-2.26744058746804e-08,1.0051676045395672
0.542862397680865,0.0018079842349208,0.0004416916055342367,1.1560820917683449e-07,1.005187611850676
0.5420755102402818,0.0029924459044775,0.0007082612525482117,1.8465000806557965e-07,1.0051977430396886
0.544540630918915,0.0012280298835844,0.0003046648474918163,-4.0908039193543476e-08,1.0051657511840564
0.5458043368879574,0.0007113900076730051,0.00017879983247736771,5.6453667559911125e-08,1.0051490829021117
0.531667675406938,0.0311299479461149,0.0017596429618578,-3.6664848293019307e-07,1.005330194370982
0.5328377143641155,0.0336373895921829,0.0013636059118158,-1.7449501399454816e-08,1.0053156167818686
0.5342518966805493,0.03675754679144,0.0007614316857201155,-9.007417668835828e-08,1.005297182621094
0.5343220023499228,0.0351578788334807,0.0010857754020604,2.671052247518886e-07,1.0052964725241458
0.5363124091970649,0.0380805623248313,0.0004669493085891055,2.173156247940423e-07,1.005270883399594
0.5356123096574296,0.0372022992735687,0.0006643219447037793,1.639370232910263e-07,1.005279556253588
0.5386699418970138,0.038778676828649,0.00030275369423840527,1.1900465982661443e-07,1.0052413975296357
0.538811133563831,0.0392884853940074,0.00017872009656654263,5.763132644315546e-08,1.005239505870105
0.5377640234919857,0.0380129383129968,0.0004826065386605533,-2.7072426033882813e-08,1.0052531855593472
0.5400874344405469,0.0387628103234064,0.00030675154316014405,2.0552503094525832e-08,1.0052230738230128
0.5402097186063115,0.0392875885933552,0.00017905808762435808,2.8850745022940804e-09,1.0052214742140633
0.5322771600287689,0.0286720940584221,0.0020733698020626,6.518065951512049e-08,1.0053228989537537
0.5329785059102635,0.026404742886909,0.0022914047407701,-3.9233507348685066e-07,1.0053142442245322
0.5336769581079798,0.0241772837984276,0.0024424271023047,1.8879186580913725e-07,1.005305335315822
0.5343138146552465,0.0220108184620851,0.0025273033643335,3.77937281202216e-07,1.005295924973218
0.535033482947252,0.0198735532799297,0.0025524584586845,1.8019754589764978e-07,1.0052879381995
0.5358238349397176,0.0177662471291407,0.0025202599154517,1.8928877074478824e-07,1.00527833494733
0.5366626636407378,0.0156881047393661,0.0024332639711,4.514605923232168e-07,1.0052670531738963
0.5376284577772404,0.0136103062245676,0.002291960956064,2.900530713880132e-07,1.0052532833898884
0.5373476484820064,0.0087269647166042,0.0017396876679499,-2.339968071397809e-08,1.0052581641287175
0.5387909974994506,0.0067841237064882,0.0014311089567306,1.205046129257887e-06,1.0052378363177428
0.5403059488983888,0.0059983227495561,0.0012975473453773,5.779689068444374e-07,1.0052209063930808
0.5418392670044141,0.0048353364982373,0.0010824269145391,2.612375935237047e-07,1.0052002287380912
0.5387360310838384,0.0114668956625555,0.0020865903555356,1.6137697273316669e-07,1.005239665301329
0.5442915346950247,0.0018453514544714,0.0004503671775746271,-1.4852665684684857e-07,1.0051688113629973
0.5435356541122947,0.0026705911362253,0.0006369954033349363,7.637122720203888e-09,1.0051792738235703
0.5434194975051673,0.0040053424595048,0.000918862083364024,1.212508670350695e-07,1.0051812882007969
0.5459074340835559,0.0012341142146627,0.00030601102352700215,1.135471899258443e-07,1.0051476670643893
0.5472029410433029,0.0007097013246778907,0.00017828150800329017,-1.4438497161812606e-08,1.0051316066338476
0.5456670721267908,0.0018627223773065,0.0004544327718081085,2.577155533681424e-07,1.0051511634487402
0.533720249345103,0.0309067977503989,0.0017929219565213,7.621646582247463e-07,1.005301686594003
0.5346686901223651,0.0328380677174897,0.0014945643415543,-6.944693628950648e-07,1.0052925972265314
0.5357021810110721,0.035910284277908,0.0009378387606113256,1.738805477725349e-07,1.005279409766187
0.5359263409949807,0.0337977969787564,0.0013351665882755,-3.521386190159273e-07,1.0052739101635777
0.5370750893642922,0.0367794736707575,0.0007573317768676406,3.582219353572979e-08,1.0052618047826452
0.5390017969356754,0.0381892026950508,0.00044225295610906173,4.3791749271369e-07,1.0052368690931883
0.5383636245114681,0.0372991314203997,0.0006434754792028044,4.1346325357299417e-07,1.0052455713844015
0.541608365923364,0.0392868116202856,0.0001791546145115222,-4.847798051757494e-08,1.0052032834107691
0.5415120256871654,0.0387727748959284,0.00030428058056001123,-9.159950404977017e-08,1.0052044523831294
0.5404694439690355,0.0380773972401768,0.0004681142453812851,-2.224041845005608e-07,1.0052181272640095
0.5344654424587051,0.0283681515328703,0.0021058323336628,-2.3370306040649626e-07,1.0052943062223083
0.5351940643338319,0.0259249635508752,0.0023299673089483,5.820441128817279e-07,1.005284973424912
0.542890863029934,0.0387515675093392,0.00030932900767157134,3.5752275367340064e-08,1.0051872728799724
0.5430070506974203,0.0392868741887207,0.00017908271369391433,1.859329360628596e-08,1.0051858533614926
0.5358962757136262,0.023649922247153,0.0024686831752376,4.658905261131195e-07,1.005276240265376
0.5366171268622856,0.0214876075670262,0.002538845489045,5.451026530155265e-07,1.0052671356870613
0.5373821437016856,0.0193612155332726,0.0025495506057369,4.995265438300569e-07,1.0052579912639406
0.5380677543656117,0.0173901255190772,0.0025082482629739,8.520641214255758e-07,1.0052506238723429
0.5389359918457516,0.0154368401453981,0.0024187486632642,5.820598169470043e-07,1.0052368549162551
0.540030798338214,0.0135796476880117,0.0022894769237833,4.440928075883956e-07,1.005222813869749
0.540107709122433,0.0085626055220826,0.0017173753560878,1.2201763680093138e-07,1.0052240685649851
0.5415495451141187,0.0068835488728783,0.0014477371562525,1.6156995061693453e-07,1.0052032520512812
0.5430666928517867,0.0060258913334545,0.0013023396252405,1.7687490404155993e-07,1.0051851456695695
0.5412878596964089,0.0114545030930068,0.0020853307831552,-2.1125426957291362e-07,1.0052081943332771
0.5449155274999445,0.0029985030269402,0.0007096435468035503,8.787465741897522e-08,1.0051611051768168
0.5446134454063817,0.0048602734019425,0.0010871217572985,9.492097680658616e-09,1.0051649287680062
0.5473263749003725,0.0012457609468895,0.00030870752740986114,-4.9313441128347545e-08,1.005129928169483
0.5486014866970302,0.000708537270089489,0.00017808797409827636,-4.261028085504865e-08,1.0051134699636128
0.5469530929977137,0.001925783088584,0.0004689685498571559,4.091663793043203e-09,1.0051343856795432
0.5462797875063771,0.0027033180381476,0.0006443689841625143,2.883142189072012e-07,1.005143496498471
0.5362111308619136,0.0308940003010024,0.0017979066625454,6.630630641079379e-07,1.0052742384226374
0.5372665961668477,0.0350205054060008,0.0011104197090533,-1.293816076664172e-06,1.005258504123321
0.5373874454577637,0.0329660453366565,0.0014742314498926,-2.2890505597199065e-07,1.0052530958272765
0.5385044815141767,0.0359305946795976,0.0009328037128026812,1.3212037959118116e-07,1.005244954844538
0.5397774531761037,0.0369846680730631,0.0007129912209281719,2.781354613081894e-07,1.00522725795879
0.5418028530730287,0.0381681701397106,0.0004471152309635084,4.864953353111125e-08,1.0052002046382913
0.5411327577297175,0.0372739098450634,0.0006494038666203585,-2.857236240908334e-07,1.0052086787723449
0.5366911588059834,0.0276630395949728,0.0021807784006204,-1.4501023666103296e-07,1.0052674495380831
0.5374263107316438,0.025272375374282,0.0023767153793388,3.003384819014864e-07,1.0052573914927037
0.544261990972161,0.0387583589409092,0.0003078995527278911,1.946007764844217e-07,1.0051699958309963
0.544405732968392,0.0392877887713738,0.0001790674322645701,8.564735974620597e-08,1.0051682251612348
0.5433001752833576,0.0381007571700902,0.0004627554433039565,3.024738938065321e-08,1.0051826440950862
0.5456862732900162,0.0387585566494264,0.0003080777345729108,2.24527901011324e-09,1.005151522094644
0.5458043915046463,0.0392893448773901,0.0001788141638859202,-5.2399041808495464e-09,1.0051499037004696
0.5381493885449579,0.0230262916528989,0.0024951336623457,4.343692599869785e-07,1.005247787992289
0.538825573301979,0.0208616163893993,0.0025481904436529,3.840849010871326e-07,1.0052385167009188
0.5396090585009778,0.0188116670798336,0.0025429569104063,4.690142965627396e-07,1.0052285305564637
0.5398415078512149,0.0170731189533224,0.0024947367750442,6.871268325812075e-07,1.005224642742091
0.541127979039235,0.0157316727564736,0.0024360085443753,1.1025367660762914e-06,1.0052079255682458
0.5424684705026422,0.0137781721389148,0.0023058964285416,-9.693836726932725e-08,1.005193203234134
0.5427359330828193,0.008623879853489,0.001726755016005,4.677533462838273e-07,1.0051900163609622
0.5442424689978187,0.006946966914675,0.0014584744301654,-2.480965350568396e-07,1.0051687148847872
0.5437318482854011,0.0114675756674973,0.0020867987655469,-1.3512601168347564e-08,1.0051774306767
0.5461365306672108,0.0040638931680532,0.0009308295727699568,3.822641099808398e-07,1.005145344422801
0.5457197357312705,0.0061847340501669,0.0013300585750527,1.259713271133622e-07,1.00514920739393
0.5487468262277267,0.0012455262935333,0.0003087253154750867,-8.52444309586934e-08,1.0051116904155395
0.5500000351421269,0.0007082552188212188,0.00017819437965239802,-4.0456828122199916e-08,1.0050953531094378
0.5482330583309175,0.0020174211693098,0.0004898818158426688,-8.7245360698648e-08,1.0051183602809883
0.5476163677749043,0.0030601293277576,0.0007230877265785889,1.2522186125639609e-07,1.005126434900374
0.5384257525425326,0.0291219409648601,0.0020172420402597,-8.968028182411443e-07,1.0052428218828715
0.5382768224675488,0.0315615887131406,0.0016988253208908,1.5276046421107929e-06,1.005251636142544
0.5389329654493324,0.0336838973577894,0.0013565674745569,8.100379670838836e-07,1.005235154105736
0.539848879325339,0.0353281527621957,0.0010501061856859,4.44244203198284e-07,1.005225851761601
0.5412177844489873,0.0358749410838189,0.0009441021038880568,-9.164134039416193e-08,1.0052064672697976
0.5425729447454876,0.0369289991159988,0.0007258290336034308,1.222986639839433e-07,1.0051916796951257
0.5390047370993672,0.0269083462664782,0.0022503255258098,-6.118688306117873e-07,1.0052378734753038
0.5396551739132079,0.0246173566112039,0.0024185527882054,1.503384605590219e-07,1.0052288010237247
0.5471052946814465,0.0387826125352668,0.0003021701612372879,-8.265624630738422e-08,1.005132830625387
0.5472030142756764,0.0392912988405241,0.00017824604548780963,-3.729833060996289e-08,1.005131623680007
0.5445709409623002,0.0381291170699202,0.0004566738389526984,4.7198479222625916e-07,1.005165828907681
0.5439245164330052,0.0372937334440012,0.0006453369091715229,4.59150252468623e-07,1.0051749387242692
0.5460570706297246,0.0380729654841436,0.0004694918923004693,-2.640116615583356e-07,1.0051466795105115
0.5402929416120322,0.0223463047544161,0.0025183647654994,2.9948229535192445e-07,1.0052196154409738
0.5409265924035801,0.0202187721611606,0.0025531998395406,1.1596994504525972e-06,1.0052126649606057
0.5416793720838627,0.0180685647691046,0.0025288766605957,-1.8319779033061705e-07,1.0052015812060526
0.542601770454672,0.019781220595015,0.0025513190485063,-1.538565119990356e-06,1.0051906331851954
0.5437730102576683,0.0162808195640753,0.0024654233765934,6.568122968510383e-07,1.0051768960259932
0.5448319443126745,0.013739262033572,0.0023024834711042,5.162027396841801e-07,1.005162680964853
0.5453392266022256,0.0088312191354614,0.0017557991602169,1.7229100077573297e-06,1.0051559714287996
0.5460328303429612,0.0115330287495961,0.0020937267755949,-6.100556672251615e-07,1.005148156239866
0.5501207611347078,0.0012290898393781,0.00030506252310043134,-7.432434540243519e-08,1.0050938139430166
0.5513986487763576,0.0007084625292810586,0.00017816177275071908,9.926600169336025e-08,1.005076701159933
0.5474196261163881,0.0050006831855897,0.0011139954322534,-2.115781085140281e-07,1.0051286274366291
0.547081780269683,0.0072055204820913,0.0015012091362694,-2.6681982337506613e-06,1.0051340117512215
0.5496647267868958,0.001950558653512,0.0004747882229134744,-4.007822466919004e-07,1.005099762425513
0.5489745730974139,0.002831258112801,0.0006725523226618444,-4.161719308544651e-07,1.0051100438663183
0.5489482507339859,0.0041366207319435,0.000946651427070424,-6.257427485315523e-07,1.0051112731158345
0.5405069487336426,0.0285022852648903,0.0020908771524015,1.380736251803222e-06,1.0052160589138148
0.5400395917909417,0.0311801883373614,0.0017527409542094,-4.3436026270731e-07,1.005222066587608
0.5411891346823108,0.0335011049957202,0.0013898522181547,1.446747375238561e-06,1.005211961516986
0.5427896667074911,0.0349366722971937,0.0011282968628675,9.87550784625707e-07,1.0051889623345331
0.5440749279804814,0.0359145573230629,0.0009375636384029516,6.972613632498825e-07,1.0051722986574072
0.5413238307541013,0.0262798092082022,0.0023041236725664,9.457058251288736e-07,1.005209828937328
0.5422479401870014,0.0280096515893141,0.0021434216963517,9.508806732327632e-07,1.0051941905932034
0.5417587356905814,0.0239298407061702,0.0024565866894136,9.178312482850154e-08,1.0052014855431797
0.5484824095632764,0.0387622404057066,0.000306880181086225,-8.773361449718409e-08,1.0051151343780356
0.5486015964253906,0.0392932602516655,0.00017761132556422298,-3.3255330219125314e-08,1.005113557076474
0.5474876026420171,0.0380840429129637,0.000466858233454921,-3.8497239391060524e-08,1.005127636844293
0.54539111517199,0.0369007714972974,0.0007316662056444216,-3.5827448656960075e-08,1.0051556095781742
0.5468009424725829,0.0372015941508756,0.0006654196516827731,-3.984517792672545e-07,1.005136750652727
0.542644575527289,0.0216998488810086,0.002535695434926,-1.0065811138640949e-07,1.005190096399556
0.5438755610152115,0.018583476876985,0.0025410592647572,-2.539633061739396e-07,1.0051775115502208
0.543882751244957,0.0203354518614846,0.0025501257004341,-1.395417220145158e-06,1.0051733557738043
0.5455356587677113,0.0178405384500122,0.0025243069572742,9.04707723229544e-07,1.0051533148823084
0.5460749117651184,0.0157467509674015,0.0024361643066655,-9.080643615953468e-07,1.0051465659647674
0.5469105947391952,0.0136297124278287,0.0022928496241512,-1.019918500591139e-06,1.0051358056590125
0.547841915305647,0.0120945111882372,0.002152355367463,6.146677786065153e-07,1.0051255516101734
0.5479639958044157,0.0096799682585093,0.0018722500804906,1.0442345060731154e-06,1.0051241897076582
0.5514937838768296,0.0012060351641562,0.0002993023129258618,2.2037057611633818e-07,1.0050753665190209
0.5527973670139235,0.0007082987414359675,0.00017779917285124097,5.987227381783868e-08,1.0050588255825392
0.5511172015870506,0.0018778528129673,0.000457945806564098,4.797077897771333e-07,1.0050804739880597
0.5489864962495864,0.006471492841461,0.0013823684329871,-6.99193029637138e-07,1.0051063911188942
0.5503753510744805,0.003120306514034,0.0007356687441522051,3.6443773778129673e-07,1.005090008412955
0.5503117531787032,0.0045294178272435,0.0010226885254356,7.57190457570131e-07,1.0050894792654157
0.5529133618761283,0.0012328651528746,0.0003053468265732866,1.316617878435253e-07,1.005057129646518
0.5541961823919829,0.0007065383138420336,0.00017718651848865665,7.111695507419292e-08,1.0050411112267352
0.5421688488661395,0.0303829184377307,0.0018630246285633,7.620361399763703e-07,1.0051933722844792
0.5431268619890889,0.0327387494216333,0.0015105670992354,-2.493896243275882e-06,1.0051828648943608
0.5444756740177602,0.0337761711187074,0.0013381338392599,-1.0003061124800997e-06,1.0051673177092353
0.5455454113488952,0.0353378979295229,0.0010507573150208,-5.630373781183515e-07,1.0051520807764296
0.5430337479223686,0.0253310102899462,0.002369271422807,3.386705283407541e-07,1.0051827952971903
0.5430748431626858,0.026780490824144,0.0022587215748382,5.464361074127818e-08,1.005185042825776
0.5440841975972747,0.0283741589288615,0.0021058926725695,6.145708644473953e-07,1.0051722965597245
0.5441119718218458,0.0237511929343633,0.0024653606000026,-2.861083279815324e-07,1.0051696197667326
0.5498547665200388,0.0387831135834996,0.00030174527469456724,-2.2110360718109232e-08,1.0050976493542942
0.5500001519091631,0.039294796776964,0.0001771922436032225,9.577600490048083e-10,1.005095664811034
0.5489415813915369,0.038019209655001,0.0004814019825101193,-4.041697331583812e-07,1.005109776978806
0.5512741946388501,0.0387740488559045,0.0003038658737281275,-7.700150699305028e-08,1.005079390906953
0.5513987047506742,0.0392958143490212,0.00017688345681685243,-2.6593087928512765e-08,1.005077667790257
0.5482477280939925,0.0367930083426517,0.0007544808313797337,-6.629989182261484e-07,1.0051183363583114
0.5469186879974046,0.0358588228828193,0.0009479833748863608,-7.085437971663138e-07,1.0051349495042092
0.5449067361523655,0.0217699463921814,0.002531932516071,-8.510862720098489e-07,1.0051607574338255
0.5453849880159164,0.0198433952015612,0.0025530177879096,1.6342175541137744e-06,1.0051551547261797
0.5467460929115524,0.0191052830764506,0.0025474131489383,6.107369943546004e-07,1.005136869183033
0.5473338388560536,0.0175126685849684,0.0025130685482023,-1.0296346871097092e-06,1.0051292250349
0.5480814736792615,0.0153044752711231,0.0024108179136342,-9.645570292309113e-07,1.005119632061373
0.5489314157285176,0.0132806379488846,0.0022646888336863,3.26781389070205e-07,1.0051119721385868
0.5494957384467131,0.0112938087780762,0.002067890367129,1.5371348681430869e-06,1.0051022894278991
0.5500972948274568,0.0087916668303872,0.0017449248701323,-7.364897410213208e-07,1.005093413523958
0.5525120832666294,0.0019174604994117,0.0004667541397146388,2.522317224944069e-07,1.0050624118130351
0.5517827320362676,0.0027871392271944,0.0006622215782902026,7.463242679060885e-07,1.005071457159113
0.5510827728164712,0.0059565725744624,0.0012925253055589,-1.9383796361690938e-07,1.0050849135828177
0.5517143015797563,0.0039995799904026,0.000918561254644862,8.526039884733454e-07,1.0050716039674736
0.5545953097940041,0.0012549409807235,0.0003102645843427084,1.9018434764204964e-07,1.0050364479721152
0.5555949793770437,0.0007019006144472163,0.00017579877358950396,1.7008712457081287e-08,1.005024151561431
0.5538556421864974,0.0020416395415297,0.0004949974492497833,4.666263062300953e-07,1.0050454406384508
0.555802310471896,0.0012918613367124,0.0003190735854777914,1.2744819721257474e-08,1.0050217865196132
0.5569936208380687,0.0006956988492780104,0.00017440964786345536,-5.980990545076452e-08,1.0050072332456583
0.5447466923854324,0.0310676026897692,0.0017710649523137,1.2510264615344112e-06,1.005163345779816
0.547109348431437,0.0338534228485879,0.0013248927465534,-3.55231633096308e-07,1.0051301092532057
0.5459172646274753,0.0330635722715942,0.0014580589673675,-1.883962574209441e-07,1.005147615248839
0.5448676545236192,0.0260583068966835,0.0023203183963777,-3.729713249013567e-07,1.0051581472235984
0.5460755529444218,0.0284465150383315,0.0020974640630811,-3.6861941135145e-07,1.005144810340523
0.5465816412982099,0.0238237755746561,0.0024637016100095,-2.053453899334068e-07,1.0051404241579804
0.5501835439181053,0.0381881335983174,0.00044243930655852654,1.844734940953529e-07,1.005093256772252
0.5495399044524465,0.037304680641017,0.0006421804162513279,-1.2850066538561677e-07,1.0051020279987988
0.5526092534829926,0.0387651444664718,0.0003057860929306304,-8.121648688491282e-08,1.0050619706557578
0.5527972750173068,0.0392963963561452,0.0001766316423379731,-3.429483166216571e-08,1.0050596723820944
0.5516418264766627,0.0380949364266738,0.0004636413425444597,-3.824276341410407e-07,1.0050745882000094
0.5496620115729698,0.0359508189732767,0.0009286809664219696,-5.483548616991772e-07,1.0051014640285416
0.5484175824655301,0.0350662425279801,0.0011019560324658,-1.7586595580744625e-06,1.0051154710148291
0.5485069334310253,0.0330352477121264,0.0014626692465704,-6.94418018135745e-07,1.0051099382023212
0.5470864190245263,0.0210576882906918,0.0025480500557909,3.601313079742328e-07,1.0051334838814034
0.5483864895310143,0.0192755072156156,0.0025491728505551,-1.1097668387748201e-07,1.0051144510487096
0.5493048836630684,0.0169816736858733,0.0024942005801158,-3.180889731110612e-07,1.0051028817025836
0.5501129151766834,0.0147064607276373,0.0023739906435336,3.3337800143687094e-07,1.0050949302806182
0.5508434182148262,0.0125465030001377,0.0021995179884683,9.960905512465594e-07,1.0050861771622952
0.5514869481816449,0.0102464643214683,0.0019424647477709,5.438396183854552e-07,1.0050753809406727
0.5522072072708819,0.0073583461721415,0.0015265753163217,-5.57464416335817e-07,1.0050672295683452
0.5531267873040467,0.0032431838654487,0.0007620478581551338,3.516805686357622e-07,1.005054571473079
0.5528356305450822,0.0049796603584214,0.0011128399406815,-2.845945195010981e-07,1.005060611860274
0.5553094014311366,0.0019868236267533,0.0004821703881951501,-3.4230097340008856e-08,1.0050273196082455
0.554599033205807,0.0028553741556794,0.0006774514056758256,1.678322609668463e-07,1.0050364652070507
0.5571025112745601,0.0011995082826552,0.00029707477648059345,-1.790234196120313e-07,1.005005858199269
0.5583921520173456,0.0006906627948657686,0.00017347877790977915,-1.1675111717358764e-07,1.0049905348088166
0.5567433106377325,0.0018788540462465,0.0004573943270014288,-1.662395153333133e-07,1.005010607065808
0.5585447656459012,0.0012139172826713,0.00030098678705235883,-2.6412087347173044e-07,1.0049884121667827
0.5597907087371138,0.0006867254383109097,0.0001727041406287515,4.0209415820679586e-10,1.0049719597332996
0.5474089307584902,0.0311209756699234,0.0017651134712327,-8.904236939591315e-08,1.0051308380541917
0.5473556233569353,0.0264029742499969,0.0022919469216736,8.427442166436338e-07,1.00513009137732
0.5480340051800503,0.0283681769399267,0.0021044798617623,-6.109354441382699e-07,1.0051214137557356
0.5487328919398796,0.0248741349096703,0.0024007878592637,3.869557871200711e-07,1.0051118941622312
0.5490101923136472,0.0228518983947116,0.0025001978075384,-1.4306894405107951e-06,1.0051073846138143
0.5539866155918589,0.0387022755889044,0.0003207457195760613,-3.954693498511506e-08,1.005044581153794
0.5541958901657905,0.0392966829520128,0.00017641905490256354,1.404090341630187e-09,1.0050419234861128
0.5509467485423626,0.0369649100727427,0.0007168445108836844,-2.16317289367467e-07,1.0050838453804982
0.5530936150381845,0.0380306316754105,0.00047832318610035817,-5.459419956585741e-09,1.0050557934938709
0.5523566052556382,0.0371974519736319,0.0006653853619885978,-5.328821947720549e-07,1.005065134923827
0.5510212471569484,0.0353510745221279,0.0010456484077426,-3.382933733659699e-07,1.00508231502472
0.550053364235573,0.0337986629816522,0.0013358031763209,-3.294506149279532e-07,1.0050920490667428
0.549366611402916,0.0316977040443231,0.0016786974913801,4.014932545649133e-07,1.0051073278388831
0.5496225635052562,0.0208360731016017,0.0025501448571844,-2.847244057433623e-07,1.0051024060263307
0.5505590336529737,0.0184798087972663,0.0025376247910937,3.326492408545294e-08,1.0050874782767227
0.5513770356979714,0.0161930711501176,0.0024598364537637,2.630084788992169e-07,1.005078324363353
0.5521465658105752,0.013937973157057,0.0023196014659475,7.133279043086005e-07,1.0050691337106574
0.5528568293234103,0.0116983445039233,0.0021130915861709,4.477479764582985e-07,1.0050594339713188
0.553472044058328,0.0091463669932353,0.0017936610291275,-2.9108308071957362e-08,1.0050492042257984
0.5541029222298919,0.0063161441605099,0.0013546287130664,1.8999307822371526e-07,1.0050440619416408
0.5545487691811308,0.0041598812147296,0.000952449473095804,3.7770292919270083e-07,1.005038804219469
0.5560473114296913,0.003106478005456,0.0007335234032579771,1.4962181938587038e-07,1.0050192945076415
0.5581848305170268,0.0018940812064673,0.00046143978391246544,-5.29693307424418e-07,1.0049930525805124
0.5574889277096173,0.0027999381591386,0.0006654544935854752,-5.767294787072402e-07,1.005002812113108
0.5600012351151792,0.0012014792311261,0.0002980458304943176,1.9671909019832945e-08,1.0049691621389776
0.5611892794831888,0.0006823138836004067,0.00017167261715355717,-3.7731060916173945e-08,1.004953927688674
0.5595538070433103,0.0019702253662994,0.0004789553799935229,7.822639624107829e-08,1.0049749445394605
0.5495150376651631,0.0294355638147282,0.0019809522775542,-1.5413431075450851e-06,1.005100645629523
0.549858918773844,0.027063914720161,0.0022369725072836,3.0676814445842204e-07,1.0050994388454768
0.5507418457837486,0.024558402973398,0.0024206916176894,1.5455370856877605e-07,1.0050828323404064
0.5514220990201092,0.0222832088298318,0.0025207340797519,1.7515743468100157e-07,1.0050772257668852
0.5551788807232639,0.0387383025723468,0.0003120896041948257,1.6124403328612098e-07,1.005029182425316
0.5555945859943986,0.0392971955962215,0.00017647820151496114,4.7533359006520425e-08,1.0050239352873038
0.5544686338851484,0.0380198868664906,0.00048061699397394087,-1.304642975171592e-07,1.0050384082981534
0.5568638312172781,0.0387722855915473,0.00030428278352994715,-5.211882410124052e-08,1.0050078744711142
0.5569933640731694,0.0392990188045547,0.00017607438620798814,-1.49564158541012e-08,1.0050059270753335
0.5523773595120801,0.0358401921157524,0.0009506955929857504,-5.450333223488534e-07,1.0050636382228468
0.553797191650669,0.0367681569971439,0.0007587877713927902,-2.5360934238884334e-07,1.0050470978574444
0.5522411455609789,0.0336009141037072,0.0013715682738801,5.132889295597653e-07,1.005068963556331
0.5510097397567543,0.031336961932554,0.0017317415612988,-5.371745296343756e-07,1.005080804595602
0.5520520515641283,0.0199452125200837,0.0025536506927882,3.0182163923435845e-07,1.0050694951757266
0.5526935506999336,0.0176322855426633,0.0025165699897597,1.9846184198158082e-07,1.0050619542157369
0.5534649840159976,0.0153695872316683,0.0024163369277345,3.3968290270438574e-07,1.0050523741502582
0.5542242125464757,0.0131142013223575,0.0022523743079335,4.62322084421191e-07,1.0050425128762863
0.5549037187126352,0.0106076420222834,0.0019874867387989,-4.330326811939063e-07,1.0050318836878374
0.5554940467876105,0.0077267897432326,0.0015837162990993,1.0478715330947555e-07,1.0050237059483165
0.555873186083423,0.0051505094689656,0.0011458611379706,1.2065641030386782e-06,1.0050213044603546
0.5574661461382519,0.0041506338670883,0.0009501007626274204,-4.450300195187239e-07,1.0050043773563395
0.56139707340959,0.0011721354169017,0.0002911472208307104,-8.902042426234061e-08,1.0049513214861303
0.5625877567574522,0.0006779357052447885,0.0001706415490098847,1.0349747609408714e-08,1.0049348358801378
0.5589702382874928,0.0031303085019729,0.0007379943403659691,-7.54184368387609e-08,1.0049827825381756
0.5610440014621068,0.0018914325914246,0.00046066254760188926,-2.1309418113768185e-07,1.004955813257303
0.5604345568522896,0.0027865716320842,0.0006624289116903103,1.0809305505430669e-07,1.004964284909474
0.5516014753181232,0.0286986081841111,0.0020691745987627,9.43194667025834e-07,1.0050750934058248
0.5522527150092554,0.0263440386231282,0.0022968462993739,-3.134476702047744e-07,1.0050675376336906
0.5530703626965704,0.0240153728056366,0.0024510818537857,9.06081824602995e-07,1.0050580663041149
0.5540257649398193,0.0214585023437027,0.002542194517638,2.0096882849653105e-07,1.0050459561000125
0.5558753735507259,0.0379994627660387,0.0004856057945953568,4.189943435205309e-07,1.0050208036086066
0.5551611368232982,0.037161108114792,0.0006732472652587447,5.647400670197454e-07,1.005030058700718
0.558285378356425,0.038788919716519,0.0003002643838172056,2.6039709975033562e-08,1.0049897472076326
0.5583921374340551,0.0393031773185232,0.00017505437045861786,1.3788067225811282e-08,1.0049883095335816
0.557138726070307,0.0381682982362782,0.0004470448371046123,-9.458397802198069e-08,1.0050037810692922
0.5596619724023394,0.0387979977579648,0.00029803838760047383,-1.5890374640968298e-07,1.0049719517669289
0.5597907913302249,0.0393088643252056,0.00017354890224354996,-7.004733787079858e-08,1.0049702560737253
0.5539028701572778,0.0351222753168239,0.0010910732941183,-2.387240140355504e-07,1.0050456611895988
0.5540409824990549,0.0330032830985745,0.0014700862058154,-8.34977751902144e-07,1.005042538653664
0.5552361211731921,0.0359359824693173,0.0009317729774337926,6.059815953432821e-07,1.0050307953404716
0.553282455609165,0.0307539487584652,0.0018153447482019,1.9715169049606961e-07,1.00505560267562
0.5539892975957583,0.0189814286905472,0.0025473112865716,-7.732052113203673e-07,1.0050466805417235
0.5547883626175366,0.0167683412864405,0.0024856777376556,-2.541974465256851e-07,1.0050357895852198
0.555604744138905,0.0145887341952497,0.0023672984571805,4.773288240531845e-07,1.0050253298102714
0.5563487914214975,0.0122987499575462,0.0021750877035254,-2.8531453149355213e-08,1.0050152786323876
0.5569881358831719,0.0096146788576117,0.00186010131053,-5.773941603461879e-07,1.0050060791891209
0.5574770169216644,0.0064754870209392,0.0013835184254212,1.000508971704936e-06,1.0050001338355223
0.5588757838226343,0.0047875851797714,0.0010725965429823,-1.759244660751255e-08,1.0049821018287766
0.5627738818120241,0.0011811622769789,0.0002932676804227084,6.110477492284057e-08,1.0049322786871284
0.5639861219775082,0.000675445392420791,0.00016996271082570866,2.03016057148707e-08,1.0049161352340965
0.5625611782742624,0.0018346409642178,0.0004474810721012811,1.1296833690031981e-07,1.0049353202832128
0.5606423870379887,0.0042544122284728,0.0009700863087410296,9.109610955354624e-07,1.0049588871419717
0.5617659314327944,0.0029800243809725,0.0007039743851891687,1.4989008107364102e-07,1.00494530414558
0.5641932205454526,0.0011686558675974,0.00029019242311002866,5.0403147544525376e-08,1.0049133770715033
0.5653844438321495,0.0006757060429421456,0.00016986267228391266,9.650389486075452e-08,1.004897472706823
0.5536780714876333,0.0279900550203076,0.0021463621062747,2.791679602832145e-07,1.0050491847566656
0.5545385939969122,0.025690397545239,0.0023471956232126,5.65303552138686e-07,1.005039202831821
0.555476156336506,0.0234728283235939,0.002475639191944,-3.2506748266552295e-07,1.0050262475865217
0.555610541276431,0.0199155381266589,0.0025506205103802,-2.075646247507923e-07,1.005022983938094
0.5564135663123522,0.0215226428689651,0.0025391091203106,2.624502581806105e-07,1.0050161219287457
0.5565350143370517,0.0369347893117517,0.0007235557984488875,3.544520201244819e-07,1.0050122139478237
0.5610285747462732,0.0388046575273221,0.00029616752368095994,-4.8382565251249686e-08,1.0049550690531464
0.5611893290347386,0.0393139609521619,0.00017212047505025093,-1.7784291052799437e-08,1.00495321913784
0.562435430822243,0.0388286823638781,0.00029036504671941187,4.4907396023626906e-08,1.0049377719510435
0.5625878242902465,0.0393180166227624,0.00017113830776233806,2.545728065813474e-08,1.0049357710868432
0.558555984906495,0.0381763986080689,0.00044500615804455527,7.063898352982458e-08,1.0049860521775968
0.5578681949907156,0.0373474664742548,0.0006328812876768859,-1.1624398589951127e-07,1.004994173335502
0.5599006709488464,0.0382026261430748,0.0004388808897406805,-3.243156856234654e-07,1.004969104308726
0.5549446711890961,0.0315733534013043,0.001696695901834,1.3055159787572845e-06,1.0050358450031724
0.555612838489362,0.0337258084713125,0.0013490255068868,6.841548029124283e-07,1.0050214588299975
0.5566228286394268,0.0353620923808237,0.001043389334779,3.234654640831027e-07,1.0050105927598578
0.5553353972631837,0.0292679497064918,0.0020017842263019,-3.109218052850262e-07,1.0050265444407631
0.556109291973098,0.0181032169574236,0.0025292398960714,-8.167570767094513e-07,1.0050172606999934
0.5569442488214063,0.0159834342585785,0.002450287898876,3.896158152817622e-07,1.005006993533376
0.5577987807582471,0.0138778771396756,0.0023143292820945,3.4343098952075944e-07,1.004996286778678
0.558530643658434,0.011632283102232,0.0021040699661562,-2.773882596921479e-07,1.0049864723692412
0.559185212648874,0.0090282648286073,0.0017789403959009,-4.910499445657029e-07,1.004978416709412
0.5598066956886586,0.0065544651288914,0.0013956118085043,1.0496902324856455e-06,1.0049727857149364
0.5617691199483797,0.0062679947782991,0.0013461988337282,1.009760989307063e-06,1.0049463056525436
0.5640111190860172,0.0017776038102853,0.0004342430356857109,5.24714077082335e-08,1.0049162103096678
0.5633387846643353,0.002817339949645,0.0006684888609444486,5.100465184641953e-10,1.0049253416599333
0.5625723380122735,0.0042982699223441,0.0009774982996418478,5.558472141292565e-07,1.0049366487193334
0.565603658254677,0.0011538288087744,0.00028640922482479084,2.227997591224042e-07,1.00489472727902
0.5667828083036726,0.0006787686859422337,0.00017028795589604006,6.958365140173056e-08,1.0048800414901644
0.5653715711991442,0.001721363017686,0.000421127670942942,3.847810497580753e-07,1.0048978254504422
0.5559733702458171,0.0272274620809678,0.0022195221875651,1.336326044588356e-07,1.0050197160459744
0.5569126270060084,0.0251437521415437,0.0023838494470718,-3.320267638399461e-07,1.005007778896344
0.5578210797272104,0.0230640688856924,0.0024932573739296,6.272481598729637e-07,1.0049977958298493
0.5575147848583765,0.0195118963317292,0.0025501215814769,2.0204529337884487e-07,1.0049975985113822
0.5586792174671089,0.0210111369458608,0.0025463832380229,3.670868967700079e-07,1.004987162509818
0.563836337467679,0.0388457361070774,0.00028647515941962416,1.4190549272877805e-07,1.0049202048427113
0.5639862761288312,0.0393213684715759,0.0001705054129565138,6.35118671825635e-08,1.0049184390738497
0.5579454868549821,0.0359638347633834,0.000926118305442837,-1.3134109259310642e-07,1.0049920335577605
0.561328407541966,0.0381892930500003,0.00044166025738196906,-3.5169687349371305e-08,1.0049510639514203
0.5627245067331597,0.0382449177464615,0.00042867665046446654,8.196821735377966e-08,1.004934685755152
0.5592996301075058,0.036977106552195,0.0007149453612384667,-1.197641766597495e-07,1.0049769383467109
0.5606906027434279,0.0373478225045049,0.0006327679207819826,-3.900187331128113e-07,1.00495885878311
0.5566669879386886,0.0313757933324479,0.0017252522754858,-4.8994409254234084e-08,1.0050087732425446
0.5578754078287976,0.0337078792998962,0.0013532793161458,1.3782608092931812e-06,1.004998061187738
0.557521888634683,0.0289186959462753,0.0020441245118382,8.9999514806646e-07,1.0049972788481056
0.5584491558368644,0.0175156489512806,0.0025134996041231,5.978243650533603e-07,1.0049867649500668
0.5592871450753973,0.0154574572719802,0.0024215902848674,2.6583943377884405e-07,1.0049768775633734
0.5600791333470098,0.0133093488045854,0.0022668069967508,-3.090545535312289e-07,1.0049662074497825
0.5608286521132247,0.0111063764925655,0.0020437256382967,-1.088948079066372e-06,1.0049560404818474
0.5611263537496775,0.0087472267598156,0.0017396918125692,1.1769408644147703e-06,1.0049538207193296
0.5669520107020306,0.0011565862077607,0.00028672228760585726,1.2318057059075778e-07,1.0048779173146516
0.5681812850301274,0.0006836678381801259,0.00017141229323154296,-3.779312623069097e-08,1.0048628715131898
0.56301377529414,0.0080748494225274,0.0016396471578568,-1.922293137527094e-07,1.0049318843605124
0.5636096205054805,0.0060119899708127,0.0013008002335883,-6.933283421875961e-07,1.0049248698042663
0.5647669105375773,0.0026631904978422,0.0006349997191686623,1.532312732815852e-07,1.004906887778919
0.5641933111761334,0.004100906089634,0.0009382999599528024,-3.379287881144032e-07,1.0049149578601837
0.5667326745704414,0.0017190319118167,0.00042019784485689086,2.5446157863345144e-07,1.0048801714086382
0.5659610712576505,0.0024409705436962,0.0005854330889589296,7.651180909254746e-07,1.00488940007469
0.5583845908192325,0.02682299998503,0.0022553937067073,7.018013077281444e-08,1.004988048077456
0.5593032063880526,0.0246727745093196,0.0024139602760132,4.007824717155034e-07,1.0049770796105
0.5601417048931862,0.0225611558829447,0.0025107485683614,9.955994870789608e-08,1.0049659150145682
0.5598269362998399,0.0190032089626197,0.002545584801313,6.324830342962797e-07,1.0049692303889155
0.56059569758773,0.0207378608520036,0.002546966886429,-1.6485290744230997e-07,1.0049596779848888
0.5651930386231242,0.0388061291631906,0.0002962259779859733,9.08894627507579e-08,1.0049027724833175
0.5653846807838547,0.0393229366800104,0.0001702296860840834,3.7264925654860834e-08,1.0049002322192695
0.564101894481346,0.0382420159221213,0.0004296843174663628,2.8021702171898205e-07,1.0049170351290382
0.5594914209788233,0.0350978912473567,0.0010974523142788,5.418864998266857e-07,1.0049741958193492
0.5634702356883767,0.037423538978985,0.0006158820331393477,7.217656111353956e-07,1.0049260368898598
0.562167534410143,0.0370345711124911,0.0007022913035487379,-1.3768007419125226e-07,1.0049412066493166
0.5607765710211331,0.0360007996815115,0.0009191792368678088,-5.925518806395491e-07,1.004956015515515
0.5586989258408708,0.0308340055425051,0.0018021622914242,8.04447204749951e-07,1.0049824617947911
0.5597636177625194,0.0330122626520997,0.0014662114520213,-5.486781816556603e-07,1.0049702363120718
0.559847557722457,0.0285801951024067,0.0020819789060231,-5.603452813741706e-07,1.004969923424328
0.5608194116227069,0.0172074312584444,0.0025032261398677,-2.032579276208028e-07,1.0049570794292195
0.5616179365071067,0.0150226542135733,0.0023951664214175,-7.80189368446104e-08,1.0049470601983688
0.5624116421020187,0.0127598822078258,0.0022172627856625,-4.39828479182764e-07,1.0049367208567863
0.563197677674664,0.0103736407147065,0.0019580738171748,2.177784164923793e-07,1.0049269211444087
0.5683109801720136,0.001174313311642,0.00029091273187191474,-9.065212101330689e-08,1.004861307519825
0.5695798791249389,0.0006888363213059094,0.00017294092776857934,-8.528284112323816e-08,1.0048455702863524
0.5680285964277952,0.0017772104539555,0.0004334763849798109,3.1353536896817344e-08,1.0048650218497492
0.5646031790074072,0.0081443866395676,0.0016504692542543,4.2538183763771364e-07,1.0049062533190485
0.5652803639000946,0.0056943388971316,0.0012435820989748,1.2117870854247984e-07,1.004899633748978
0.5657528021220757,0.0037755504833182,0.0008719896442923404,7.192529628260751e-07,1.0048928687381524
0.5672752591950908,0.0028838680696146,0.0006840569744471988,5.024774095980001e-07,1.0048741751335843
0.5697264820593383,0.0011778482073306,0.00029209302765627934,-1.750476088423886e-07,1.0048437191350192
0.5709785342569529,0.0006933140359897605,0.00017415448737096825,3.2185256909676654e-08,1.0048271249254732
0.5607511431183035,0.0263339599016043,0.0022973050369247,2.4949030060017856e-07,1.0049580389841963
0.5615755496716269,0.0240655070805553,0.002448368180094,-8.584219451913184e-08,1.004947030917547
0.5622086829909142,0.0217760030327028,0.0025332945276741,-7.473904474567124e-07,1.004939180642786
0.5622301164596758,0.019329968172339,0.0025513678535629,4.749357901618155e-07,1.0049384859212906
0.5663163174640369,0.0387834171807204,0.0003016246861731505,-1.4914718942871394e-08,1.0048878038495632
0.5667831005377443,0.0393223835229897,0.00017041311112280847,-3.780662677780621e-08,1.004881930929897
0.5655258542960673,0.0380772861101554,0.0004678645824868264,-1.7124104057775146e-08,1.0048982724198083
0.5646624838733371,0.0373449390431082,0.0006338805315993442,2.0334214667488483e-07,1.0049087623878974
0.5679538074406772,0.0388040251386949,0.0002963818655239876,-2.280392715047239e-07,1.0048666325252569
0.5681815711351147,0.0393205292298454,0.0001705815260041664,-9.874036691984027e-08,1.0048636771387802
0.5612962293207734,0.0339544367409448,0.0013089596755842,-1.7076596710058376e-06,1.0049486270268275
0.563696490070075,0.0362392407696346,0.0008701068758892714,7.223953395252542e-07,1.0049225801668416
0.5625707522555424,0.0352078803020433,0.0010770685131278,-3.586622041969435e-07,1.0049365665171208
0.5612977984817955,0.0310636294528603,0.0017710428755275,3.711939342049181e-07,1.004951376972935
0.5622326699224831,0.0281094802556957,0.0021341265106469,7.540233568432936e-07,1.0049396316053605
0.5631523952495138,0.0168800784505948,0.0024913846673124,7.44270233113753e-07,1.0049270497490508
0.5639266175349719,0.0145532708082857,0.002363399938563,9.62467656302209e-08,1.004917267406115
0.5647173616175188,0.0123000111152075,0.0021728192965975,-2.671724102186521e-07,1.0049075057954806
0.5655735115434748,0.0099736732065908,0.0019081711834458,-3.8505959424734245e-07,1.0048969296249688
0.5694400333100954,0.0019243017300197,0.0004679153361385377,-5.551242557056205e-07,1.0048472675820035
0.5686895503782005,0.0026783819864069,0.0006381961145996648,-5.698390753944067e-07,1.0048581883550358
0.566479586465464,0.0074588781263721,0.0015434017496968,2.9254694091814324e-07,1.004883173829507
0.5670405585343933,0.0049155630849756,0.001099815927646,1.3564996621803626e-06,1.0048778198171675
0.5685954344570251,0.0040831942814584,0.0009354460311126216,-6.949364136924102e-07,1.0048614105614633
0.5711338691211938,0.0012060120781775,0.0002989816868597397,6.721282606552644e-08,1.0048250709075957
0.572377192084409,0.0006970392432178629,0.00017499082564207373,-7.336689051825125e-09,1.00480989002851
0.5708413872745068,0.0018189961987442,0.00044393574557982993,1.1187412537240521e-07,1.0048290845479342
0.5724964240698949,0.0012158423786315,0.0003012620706766452,-3.3492859625654235e-08,1.0048082226497057
0.5737758469264076,0.000700485841208552,0.00017588166582364656,-1.5898577587044734e-08,1.0047916156141148
0.5630801360830705,0.0257656423798428,0.0023413719701156,2.214389484916143e-07,1.004928598585746
0.5637610548478743,0.0234211988381648,0.0024791982017959,7.779247552292352e-08,1.0049203205160364
0.5643301985292669,0.0209441467460647,0.0025478458134738,2.976886756066507e-07,1.004913478882001
0.5648002072738113,0.0186602712812444,0.0025419864878218,-5.681326367270483e-08,1.004907624779781
0.5669604543838763,0.0379975150443876,0.00048608302126392514,-1.955812846771793e-07,1.0048794425919818
0.5660509498610943,0.0371825144219514,0.0006690482053274359,-2.666891139012261e-07,1.0048911768087194
0.5652196763179523,0.0359944327372115,0.0009202043082183668,-5.584696866519889e-07,1.0049001152379315
0.5694131868263335,0.038828269511886,0.000290314687377558,-6.854562447271192e-09,1.0048482869018758
0.569580111329088,0.039317587813196,0.0001711599268860368,1.269587060978131e-09,1.004846316342484
0.5684261318487501,0.0380202379115059,0.0004806181439801024,-4.5351158024873843e-07,1.004860399869347
0.5708184592123713,0.0388122593931753,0.0002943743438522018,1.2710334362886778e-07,1.004831039753438
0.5709787565680261,0.03931440566546,0.0001720597062600397,6.174714286059626e-08,1.0048289111802902
0.563164360241037,0.0327721856234428,0.0015107780019215,1.3631518959975255e-06,1.004927915606167
0.5642878237710166,0.0343971450616699,0.0012287833496528,1.034155647267968e-06,1.004915036049703
0.5638954070458829,0.0298858801292718,0.0019261805130066,-6.418408208560055e-07,1.0049195396367467
0.5645827385942573,0.0275046705684373,0.0021942752642642,-1.2013293090534962e-07,1.0049110257622915
0.5654688622504417,0.0163267933827826,0.0024669628180914,1.4254776009115082e-07,1.004898589850615
0.5661919731020905,0.0140289246824855,0.0023245627006434,-1.5733091779633346e-08,1.004889331366016
0.5669954423233018,0.011794610169473,0.0021214599548592,1.9109772297022545e-07,1.0048798998822086
0.5677926879982519,0.0092592149437937,0.0018144377661706,4.8807314340066916e-08,1.0048702865750554
0.5700707106098233,0.0029731321612068,0.0007034826876327323,-3.288872507991866e-07,1.0048395363374107
0.568573302941298,0.0063918260917355,0.0013681678711071,-2.022227977775419e-07,1.004858025505729
0.5699232250833451,0.0046563942948112,0.0010465338144023,3.201761038185831e-07,1.0048405800411495
0.5722154893673155,0.0018360349122615,0.0004477372083421469,6.8690519984276e-08,1.0048117280256774
0.5714584898207014,0.0026752344488175,0.0006375923264953649,4.1515862383219886e-07,1.0048210134354596
0.5751745556279554,0.0007037553668915108,0.00017681770910073065,-3.932734967638575e-08,1.004773714409534
0.5738691155270416,0.0012236933882893,0.00030311877574973177,-1.759206064858247e-08,1.0047905508204755
0.5734376687095423,0.001974100583221,0.0004793631959841039,-3.631231820543631e-08,1.004796024542011
0.5653356159249957,0.0251501833606838,0.0023844356500505,1.303531424290894e-07,1.0049003466034103
0.5659879851453401,0.0227776473303745,0.0025039944602997,-5.3998514974541465e-08,1.0048914943810523
0.5665457455956195,0.0203844914910881,0.0025529717324242,1.777928604072086e-07,1.004884251188721
0.5670737648765066,0.018095185669337,0.0025305772534206,2.442323003791282e-07,1.004877626776553
0.572176631614563,0.0388218111870215,0.00029249359962397336,2.143347741764723e-07,1.0048143243583956
0.572377468949262,0.0393125497174338,0.00017285358030158103,1.0094048441670589e-07,1.0048116697574283
0.5658376258962687,0.0344387236071365,0.0012214062839096,-1.0703017351475228e-06,1.0048914028754137
0.5675225935060566,0.037050056841541,0.0006976922528025982,-4.724520961285866e-07,1.004872099665089
0.5668764574056184,0.0357830307194649,0.0009628826349317574,5.4336391933877376e-08,1.0048798362266935
0.5698735675362666,0.0380157367668234,0.0004815872589744369,2.633609691441015e-07,1.0048426235399022
0.5689764979875009,0.037228691147794,0.0006587357141981076,-3.132854501510666e-07,1.0048534073501252
0.571212359146421,0.0381132036380857,0.0004596302512345464,3.081642831672481e-07,1.0048268668549392
0.5655487127119344,0.0322440387752428,0.0015939365597857,-4.620016335499444e-09,1.0048956943953622
0.5661014170221274,0.0292042229234988,0.0020115891573839,3.2688561866458634e-08,1.004890284687228
0.5668961372993424,0.0268684304664833,0.002252936477907,8.263351281697957e-08,1.0048806803276438
0.5676686606788238,0.0157407041323796,0.0024371314052877,9.837192488621241e-08,1.004870122435513
0.5683778832168173,0.013451542305774,0.00227825481814,1.8694304392034985e-07,1.0048614473186392
0.5691256799886363,0.0112514755576085,0.0020613718542935,1.716854995596775e-07,1.0048516318588467
0.5696877773007701,0.0089229441432097,0.0017666591887983,-1.9201047042672733e-07,1.0048443770755162
0.5713156467026329,0.0040768302944242,0.00093273198926539,5.317542245918156e-07,1.0048216377774963
0.5708731958890184,0.0062545530363343,0.0013448628262355,4.834195395616716e-07,1.0048316476119312
0.5728261823834567,0.003015731016873,0.0007128619589940129,1.788024088457594e-07,1.0048043684149226
0.575285028963425,0.0012151281882886,0.0003012651085247979,-6.59712628473421e-08,1.0047722777345705
0.576573376929357,0.0007058804188747423,0.00017720183830534977,1.248078305611124e-07,1.0047550791284852
0.5749317218229093,0.0018663597298342,0.00045479110517167184,-2.8197415406698004e-07,1.0047770452966711
0.5741882814421736,0.0027633141260872,0.0006569594618446381,-2.992059463574188e-07,1.004787656740576
0.5691405467538139,0.0174577761292486,0.0025124096029194,1.5267223770257438e-07,1.0048509077340138
0.5675967886431175,0.0244894600675966,0.0024249242959055,-2.663931107818494e-07,1.0048709380043326
0.5682529350746205,0.0221006094668709,0.0025249919225351,-2.735116212364971e-07,1.00486202110752
0.5687886781001157,0.0198099104467147,0.0025540425476126,7.332039986756336e-07,1.0048562016494618
0.5705890343156361,0.0189314474231761,0.0025474259653188,-4.7224160416212004e-07,1.0048340705983936
0.5735844349338944,0.0388070116050824,0.0002962778020735402,3.54008981826062e-08,1.0047959334715593
0.5737761591506523,0.0393120012797343,0.0001731640004435376,1.513496699651644e-08,1.0047933489202598
0.5724091858931235,0.0382597999654634,0.0004259452477431112,4.390562522679234e-07,1.0048110119341171
0.567384911524905,0.0338498629969697,0.0013292422526743,1.207317584986969e-06,1.004874809171685
0.568764892567522,0.0357731452500171,0.0009667186034798598,2.5348151714286504e-07,1.004856176496346
0.5704691885475744,0.0368698521499309,0.0007378396219201956,4.6111708369009764e-07,1.0048356382719197
0.571783751883943,0.0374579105138382,0.0006084910963364563,9.616839681502862e-07,1.0048195530326391
0.5677688171541413,0.0312047448872834,0.0017466774706287,-8.002816017818681e-07,1.0048679404803982
0.5684763066616559,0.0285388511111763,0.0020878763048436,1.8600595950149977e-07,1.0048615206225566
0.5691987363510735,0.0262387788885184,0.0023053755235201,-3.955192983039765e-08,1.004851641588706
0.5697587731610452,0.0150832102946018,0.0023985514587618,4.9702961228921615e-08,1.0048431514437246
0.5705369817229867,0.0127923758288124,0.002220046341672,-9.076354616771534e-08,1.0048326759465505
0.5712837548078635,0.0107205489608253,0.0019979784392919,2.875300749678748e-07,1.0048239814783264
0.5714519209862038,0.0084806062592837,0.0017013760972965,7.436795632371563e-08,1.0048202790344616
0.5726382572635379,0.0050065437900755,0.0011148516295591,-3.914511677990003e-07,1.0048059033646015
0.5724248061336057,0.0069719293446681,0.0014639658304829,-9.012316778856068e-07,1.004811131292057
0.5741657217954389,0.0040142808996076,0.0009209562898742764,-4.087793914243094e-07,1.004788371717092
0.5767055552855611,0.0012084540305573,0.0002993491312222913,2.933699674447804e-07,1.0047533647582223
0.5779722653953374,0.0007051349678597855,0.00017662360816243024,8.057721693167238e-08,1.0047376247467084
0.5763094296909497,0.0018377152892938,0.0004479993533056238,5.584863571745069e-07,1.004758573625013
0.5755684336669438,0.0030212755573706,0.00071359042038997,4.000502295193137e-07,1.0047683020567766
0.5711693155758207,0.0166050650197688,0.0024797190292622,-4.629682158454897e-07,1.0048256757071388
0.5699093120007023,0.0238008686383646,0.0024616780835814,1.3878723196509357e-07,1.004842077427419
0.5706891009807916,0.0213411449486821,0.0025437504397663,3.2688660499038963e-08,1.0048327856939256
0.572234528517024,0.0197836569518987,0.0025513350744415,-4.6588966533456324e-07,1.0048108805722036
0.5725788832052016,0.017938230055748,0.0025252914814791,-8.05717489009569e-07,1.0048059174201835
0.5750024114996535,0.0387964379941011,0.0002987473519296296,-3.772611006470012e-08,1.004777092556038
0.575174814791016,0.0393117373357992,0.0001731858354943459,-2.80546140978569e-08,1.0047747951601087
0.5737620297499687,0.0381743108778822,0.0004459106276528644,-3.4743853403819655e-08,1.0047932762992664
0.5729999806897269,0.0372877920348556,0.0006469479952092427,3.110534771203973e-07,1.0048025361098942
0.5763834043307704,0.0388172375354733,0.00029364756618551266,-7.755015241191719e-08,1.004758516076962
0.576573472119676,0.0393117883825495,0.00017306520704093686,-3.050460112862016e-08,1.004756132998126
0.5692940030359491,0.0335944021590659,0.001373421629098,2.850499925065551e-07,1.0048488009425112
0.5706878075798193,0.0352855827751528,0.0010633174248971,4.389236359915843e-07,1.0048339969649651
0.5719854431315485,0.0362146949578053,0.0008767283927519017,1.231600268806597e-06,1.0048177063522254
0.570118788145951,0.0305852530471089,0.0018350335335792,8.28476877301924e-07,1.0048387843027573
0.5708033314649182,0.027996967239345,0.0021452421886198,-6.220612066927611e-07,1.0048314986874676
0.5715104814737973,0.0257376282345462,0.0023434454265153,-2.3632603130672725e-07,1.004820617252861
0.5719338424098,0.0142759195537997,0.0023434327208904,-4.7542962887340886e-07,1.0048152473558505
0.5727421051870337,0.011972457251403,0.0021420321994984,-2.801426193707021e-07,1.0048058402749351
0.5731923753949925,0.0091359087950013,0.0017964598211017,3.134851420784797e-07,1.004797914962544
0.5742253388889492,0.0062784701754848,0.0013494079383685,2.682605030974817e-07,1.0047850144292438
0.5754873642054879,0.0045112580704788,0.0010181297648338,8.009231716514316e-07,1.0047676552679827
0.5780838346157448,0.0012204655346386,0.0003017813091850388,1.7557003927942318e-07,1.0047362567536926
0.5793710851711166,0.0007014095972661092,0.00017554461681081442,6.705749283790421e-09,1.0047202186791526
0.5777667991517954,0.0018385069258206,0.0004475486561072828,3.613976955405803e-07,1.0047400349922997
0.5769736878776914,0.0026913987710785,0.000640450536703988,1.016311617799534e-06,1.0047497210487544
0.5768410770059132,0.0039908421105082,0.0009153834860741968,1.5241827874224885e-06,1.004749974610286
0.5733407137579131,0.0157899601221533,0.0024395466585063,-4.993812454510681e-07,1.0047970820850969
0.5721637623832679,0.0234989491177205,0.0024751506702353,-5.521869465232731e-07,1.0048119610856612
0.5730982315392416,0.0214517239238966,0.0025400837921598,-1.7312218398581737e-07,1.004801046253872
0.5741639833639272,0.019368008610707,0.0025503197097277,6.214076532296909e-07,1.0047850834491294
0.5747698695265065,0.0172256033942296,0.002503657107544,4.9278828100709735e-08,1.004778104942844
0.5752181851642194,0.0381177031303767,0.00045869718273814313,-1.2752394255453137e-07,1.004774023383072
0.5744272914558035,0.0371794051390708,0.0006700339064872932,-4.94461020152805e-07,1.0047838149563513
0.5735256209677145,0.0359985967812721,0.0009197390814240466,-1.1079635450888872e-06,1.0047939922885385
0.5777774884753223,0.0388037974276445,0.00029685559663455004,7.953102263330508e-08,1.004740851745124
0.5779721127899607,0.0393126229595169,0.00017288218084406364,2.9928427718048976e-08,1.0047383087183055
0.5766972206781746,0.0381195914717189,0.0004581253102774271,-1.1518283282787165e-07,1.0047545977625791
0.5792226354437336,0.0388047674837672,0.0002967044318825361,-1.709330807305969e-07,1.004721962019203
0.5793706849149917,0.0393137843832835,0.00017252550391762278,-7.799140049957755e-08,1.0047199784515262
0.5714393224224167,0.0328568228388365,0.0014949566919262,-9.420056528001872e-07,1.0048204942358705
0.57266833883433,0.0344130120842866,0.0012248505097032,-5.917806385551127e-07,1.004806694039886
0.5723286395209605,0.0303126856426766,0.0018705338522588,-1.543797299161019e-07,1.0048102178715317
0.5731108263037131,0.0275473385619168,0.0021911225714724,5.312035743162696e-07,1.0048003906113394
0.5738566258106496,0.0253874208875169,0.0023675921185025,-1.55527474900308e-07,1.004790991499867
0.5740827936875066,0.0134971854434627,0.0022830721119488,-1.832425724619061e-07,1.0047886490778577
0.5747650445021932,0.0111865229837832,0.0020556919064972,1.0035443668853153e-07,1.00477920133991
0.5754535207093313,0.0083967363842325,0.0016877362140476,-9.151240774543308e-07,1.0047717065075954
0.5762153267202512,0.0059126339443299,0.0012841983273198,3.7027863127914353e-07,1.0047619069830658
0.5794726853880688,0.0012174561465715,0.0003008481137364273,-1.310650456511312e-09,1.004718985893158
0.5807697576193875,0.0006963784135667868,0.00017447200923814902,-1.0432217075016329e-07,1.0047034066717735
0.5791084096186213,0.0019060553397103,0.0004628920997926623,1.9192585522614075e-07,1.0047235148373248
0.5783507648420995,0.0030148333482067,0.0007115137485604051,5.20947852218345e-07,1.004733035830342
0.5779891462837884,0.0049360229401622,0.0011041914459743,4.5512291603178645e-07,1.004738515714809
0.580914858092442,0.0012377706735832,0.00030604940546296325,-2.587607141344213e-07,1.004701586711275
0.5821682740449752,0.00069133351448334,0.00017354340259828274,-6.73049952456289e-08,1.0046855962130206
0.575493872131466,0.0150253133966499,0.0023946555179098,-2.7764482976176017e-07,1.0047697252383327
0.574681200797876,0.023254821491986,0.0024860153377485,6.271266721141976e-07,1.0047826137471694
0.5758286569450707,0.0208911942911671,0.0025497750414237,-2.0926568471016122e-07,1.0047699269689423
0.5761482205628764,0.0186651925279596,0.0025421582380363,-3.009469166564855e-07,1.004762185361838
0.5768935441179449,0.0165670573730727,0.0024772337217914,-4.0741483855126e-07,1.0047523058586372
0.5741873314532147,0.0344494924634028,0.0012183864093412,-1.731832825979608e-06,1.0047845335333343
0.5759940036439475,0.0370342751436401,0.0007013245342732039,-2.1999776417089758e-07,1.0047644747206308
0.5751788582149205,0.0358028675443353,0.000958689384832302,-3.770422958570692e-07,1.0047734993273674
0.5806475892499172,0.0388210277867349,0.00029244832211757947,-1.0586822746518243e-07,1.0047043319228786
0.5807692026128468,0.0393140087729625,0.0001722345899003174,-4.2344101086675936e-08,1.0047028819925312
0.5820152586860273,0.0388166001253367,0.0002934498771660169,6.19856576451456e-08,1.0046873776729237
0.5821677363161069,0.0393131506709687,0.00017242637426803103,3.5492613334351265e-08,1.0046854744262848
0.5781481973727535,0.038121775034795,0.0004579944892959261,2.5873386776174545e-07,1.004736077172353
0.5772638230221363,0.0372317707011197,0.0006586085533525991,3.7188979913649474e-07,1.0047472247410425
0.5795270284314508,0.0381488877708377,0.00045178858206132286,-4.371950474470141e-07,1.0047181441748407
0.573922344754397,0.0323313643243892,0.0015802838521162,-1.5759267204681297e-07,1.0047907617852447
0.5746817215090899,0.0292852360486175,0.0020007710332602,1.996842469492115e-07,1.0047802725633657
0.5762382229082493,0.0249765989143285,0.0023951967081029,2.857237187719639e-07,1.0047618054310063
0.5754567436874551,0.0271170993625198,0.0022302017406385,-6.7775017289049765e-09,1.0047721564032537
0.5762216873839311,0.0127347506450717,0.0022161498328079,-5.134082633969171e-07,1.0047605893774836
0.5768534575782541,0.0103501148288974,0.0019551819272357,-7.947721476909343e-07,1.0047506693988602
0.5774900979258025,0.0073223622798416,0.0015238093600007,9.58463192484141e-07,1.0047452030894883
0.5804576155218141,0.0019936062491043,0.0004834181330864392,-5.787884891740602e-07,1.0047069481464996
0.5798096561294388,0.0028165834930353,0.0006678075710420994,-3.204506787184926e-07,1.0047161746604991
0.5792012059523332,0.0062203417216057,0.0013403641740252,-1.1002438936248036e-06,1.0047265154845937
0.5796193669856761,0.0042028989414106,0.000959365993418563,-9.982245683413577e-07,1.004719632561744
0.5823709016268649,0.0012128863351614,0.0003004518813508223,-1.726971552108819e-07,1.004683003539564
0.583566641884379,0.0006877037710171055,0.0001729430930588501,-9.927206498050408e-08,1.0046679716198088
0.5819068806056054,0.00200272493575,0.00048592760844331546,-2.9906891755981575e-07,1.0046891336183277
0.5837713695437997,0.0011858790717304,0.0002944432456280128,-2.24934939355882e-07,1.004665305193524
0.5849649267259681,0.00068710861978041,0.00017298776056475277,1.5103120352592732e-08,1.0046491304464396
0.5851424919941327,0.0011833413236487,0.00029395559957781566,7.222626122640408e-08,1.0046466226170327
0.5863632468074759,0.0006898466238388836,0.00017344126656769162,1.0644005311632973e-07,1.0046303865456971
0.5776546834121786,0.0143377589548581,0.0023481994515553,-1.2551655962685598e-07,1.0047427439570742
0.5770480115693534,0.0228664993808389,0.0025000803251247,-2.802099279883665e-07,1.004750877418872
0.57782635886039,0.0212167937617345,0.0025413556975951,5.64318699154347e-07,1.0047410679129212
0.5774970702962622,0.0197856426195056,0.0025509428770172,4.335991695998482e-08,1.0047427822173725
0.5782528122483238,0.0181357756069846,0.0025304194929691,-9.887132231249411e-07,1.004733899340071
0.5790414693974122,0.0160168267014224,0.0024515577281361,-1.227996441222892e-07,1.0047243472213545
0.5833670848573761,0.0388215120136607,0.000292591710200601,2.45779735948818e-07,1.0046706894621424
0.583566287164986,0.0393122230494764,0.0001729584119282722,1.0838960967302123e-07,1.0046682301053678
0.5757492351347874,0.0338003679392723,0.0013375537107375,1.219359508871721e-06,1.0047676480625174
0.5771743382537721,0.035746792962744,0.0009718638320663464,1.2336575574998371e-06,1.0047513782800606
0.5822719109752551,0.0382146831633418,0.0004360297505101656,1.452220544149613e-07,1.0046847086749364
0.5809560627885495,0.0381868881126158,0.00044247169552955376,-1.0388966501765709e-07,1.0047003492207407
0.5787877755481797,0.0369076196376537,0.0007303373106117421,2.9507564559946362e-08,1.0047279606080837
0.5802369248666497,0.0373191674262381,0.000639537163596823,-7.063389999021462e-07,1.0047085646062284
0.5763375240022716,0.0311158660413586,0.0017588308182532,-7.171318460827107e-07,1.0047576006713326
0.5770271381024679,0.0288029594815567,0.0020567883604146,-2.650843671038887e-07,1.004751693610863
0.5785648348689804,0.0245370620306363,0.0024219142023935,-5.259534467306128e-07,1.0047302413146515
0.5778126811618843,0.0266883445675689,0.002268107744128,-3.333107725320836e-07,1.0047412027348608
0.5784424091879578,0.0119823556966912,0.0021429030726344,1.4773231083212006e-07,1.0047336096336523
0.5792650146308916,0.0092156424939676,0.0018072454787461,-2.503614884111033e-07,1.004721192310875
0.5806965676762093,0.0071714572678695,0.0014959541694634,1.2855922103139174e-07,1.004702883098792
0.5812747396942726,0.0032777548661295,0.0007689328155934331,-9.369299137790314e-07,1.0046968776292118
0.5810906890121245,0.0049518572793244,0.0011061119402957,-2.080874699036863e-06,1.0046998564948235
0.58341157267766,0.0019153343844066,0.0004662610985844592,-5.482737404836232e-07,1.0046699411301552
0.5828094500843287,0.0028168607926572,0.0006690075973420014,-8.642813221772424e-07,1.004678052536204
0.5848832632665872,0.0018599227418324,0.0004537120163964863,1.805458615745117e-08,1.0046502231545278
0.5865434346478234,0.0011795378807456,0.00029275371706570606,2.282608658858406e-07,1.0046281351194004
0.5877616882862994,0.0006947192851919573,0.00017437407270599154,4.7658582013978945e-08,1.004612991376272
0.5863185617147301,0.0017734005661354,0.00043349981756858575,4.007730546895482e-07,1.004631166044401
0.587941066501629,0.0011892319400528,0.0002948189189447093,9.178819931675536e-08,1.0046107765482593
0.5891602634754584,0.0007001786558235687,0.0001755967274421353,1.2364670694603746e-08,1.0045955349924638
0.5798390973590503,0.0137811818426653,0.0023060652146145,1.6427089865524137e-07,1.0047145416650267
0.5792310159951936,0.022400552224572,0.0025168872386493,-2.697151576458262e-07,1.0047224294188284
0.5795143219505613,0.020051034769201,0.0025532148251123,-1.897536271641209e-07,1.0047162854708132
0.5804199169761715,0.0177386916010372,0.0025210318076453,5.222266764141173e-07,1.0047060118918132
0.5811887538786756,0.0155407207517879,0.0024259762844167,3.6341667343175165e-07,1.0046963886511493
0.5847699556393008,0.0388077589061566,0.0002961711221133925,3.4998595001414473e-08,1.004652436830334
0.584964812666383,0.0393108777911582,0.0001734819480633841,1.6527788475327146e-08,1.0046498094603589
0.5836031919770449,0.0382426340381496,0.0004300402159302953,4.763537047061116e-07,1.004667766099258
0.5778964809528649,0.0334266648105023,0.0014003541017512,1.297930604907513e-07,1.0047378381751726
0.5788981584204476,0.0352343941527879,0.0010697318473472,-1.0868403819793526e-06,1.004725517642621
0.5829961288515693,0.037475318674889,0.0006048766154796861,9.676790391935294e-07,1.00467670535443
0.581681945776707,0.0370384518249021,0.0007016234452147304,-3.800306869186122e-08,1.0046918300306995
0.5803062394533517,0.0358562561914401,0.0009485656465264476,-1.5390292966296006e-06,1.004705947066176
0.5787370568554834,0.0309066028949628,0.0017893373450668,-4.918503946125968e-07,1.0047286819715968
0.5794240806419336,0.0284447823505129,0.0020970958443755,-4.371586470037019e-07,1.0047201972922342
0.5808727411991191,0.02401998598752,0.0024508546113222,-5.4631896344708014e-08,1.0047017765442643
0.580163815557495,0.0262499721384441,0.0023046821600302,-4.319799654185672e-07,1.004710133624941
0.5806167633653466,0.0115464424571185,0.002094834163315,-9.89302052500418e-07,1.0047039870410786
0.5816285619914386,0.0093262977797988,0.0018219895373687,3.246462330840513e-07,1.0046947668609325
0.5823818595913441,0.0068191596179867,0.0014388818293019,-8.579683376495233e-08,1.0046797591964332
0.5830536928111419,0.0042686995554397,0.000974860888098979,-3.303658625294178e-07,1.0046752768867042
0.5842610546418817,0.0029049426946946,0.0006886554530279942,-3.60689267864613e-07,1.0046579745489783
0.5856975798658618,0.0027439217440452,0.0006534128992813612,3.787387558985594e-07,1.0046398046699363
0.5876735043684905,0.0017635509801157,0.0004309027878514076,1.8082791282630106e-07,1.0046136788729594
0.5869310192898276,0.0025379122462229,0.0006074816462645353,6.924784578050904e-07,1.004622878238713
0.5892922971183201,0.0012132390680398,0.00030045725553376007,1.908993006426095e-08,1.0045939804181818
0.5905589432677617,0.0007051667796715176,0.00017695723569118564,-8.492662107422354e-08,1.0045786392870977
0.5890136155524378,0.0018279920775361,0.0004457030900991243,1.1326345457010309e-07,1.0045976582707132
0.5906613679659807,0.0012296438414271,0.0003046311682768479,-2.00639963735062e-07,1.0045772766179155
0.5919576810649783,0.0007088891151480182,0.00017806771486108262,-2.4328598209645253e-08,1.0045606423779945
0.5819585131537911,0.0133479944299787,0.0022695440165379,-3.537255055648155e-07,1.004686684232084
0.58150974308046,0.021689104615287,0.0025342078444496,-6.251792800543574e-07,1.0046935876156384
0.5819727925782604,0.0193774049110755,0.0025504949474102,3.777858343289378e-07,1.004688663905821
0.5825493503939893,0.017310516162875,0.0025076532001177,4.591411185123207e-07,1.004680046205493
0.5832912645552527,0.0151226151554342,0.0024005142143224,-1.5777111137896037e-07,1.004670020466779
0.5861898067995948,0.0387947152559179,0.0002992163742794423,-5.093016741943956e-08,1.0046337691748548
0.5863633442054306,0.0393084048496963,0.0001740471614635056,-3.3604310529603274e-08,1.004631352897533
0.5849526313511503,0.0381891976941982,0.00044254538488367655,-3.686002163285224e-08,1.0046496382146284
0.5841888002917558,0.0372917553920933,0.0006461667632366537,2.1708965731215578e-07,1.0046587696394165
0.5875647456047083,0.0388046725752624,0.00029662828118753995,-2.121276782135573e-07,1.004615101860361
0.5877619381863295,0.0393054217680527,0.0001745534423638716,-9.057901287727035e-08,1.004612619476264
0.5803142797433072,0.0335921016700397,0.0013742134843024,-6.316156222390823e-07,1.0047084158345423
0.5832208144165055,0.036194621049792,0.0008800811453600978,1.361446657935978e-06,1.0046736065736566
0.5819183523648194,0.0350458024370189,0.0011095100884653,1.0648401572009006e-06,1.0046899868304766
0.5809958058544674,0.0305204254730321,0.0018429294886393,-2.1838544064934606e-08,1.0046989330127951
0.5817822264177853,0.0280086563983565,0.0021439245496009,3.45759011392767e-07,1.0046906089294387
0.5832434527181095,0.0234446013366774,0.0024780602177556,5.078539757986476e-07,1.0046723724541236
0.5825223337890869,0.0257972816535339,0.0023403170913081,2.779324883340745e-07,1.004680772551646
0.5827120887075182,0.0111823917903605,0.0020546323345682,1.1081234266442231e-08,1.0046787158478865
0.5834793341159114,0.0089053836139525,0.0017625033161276,-2.920927838013568e-08,1.0046684270919677
0.5843423119412393,0.0062912622115355,0.0013485975891579,-4.759564064248372e-07,1.004657130231836
0.5849735668132464,0.0041955143821442,0.0009589542980651484,6.329484255411339e-07,1.0046502006679618
0.5867076607735169,0.0038342910976689,0.0008849416328821063,8.154519446120136e-07,1.0046276060952664
0.5882065267460873,0.0029376648219156,0.0006963976443075903,3.0214293698399456e-07,1.0046077877875983
0.590392468344113,0.0018529159400986,0.0004517483923141147,-3.485026590353416e-07,1.004580618135371
0.5895970515328838,0.0026718673076299,0.0006371795577663629,-1.2384718416395216e-07,1.0045912945953763
0.5920825118161731,0.0012399446259802,0.0003072641908150706,-5.1899392679690286e-08,1.00455908397438
0.593356402568643,0.0007109915970267553,0.00017872126565566694,-5.10336188979722e-08,1.0045430175438366
0.5917126630031281,0.0019266521755777,0.0004689906425995831,-1.0666873076403575e-07,1.004563923219088
0.5935071659735721,0.001234936306643,0.0003062846258133928,-1.2066467004942977e-07,1.0045410099679557
0.5947550505547845,0.0007122617994724007,0.00017907804460272337,2.8936538833464546e-08,1.0045245615630634
0.5840503124321667,0.0129225494792291,0.0022321794687448,-2.2565378405293898e-07,1.0046605523559824
0.5840395248514701,0.0208091280163389,0.0025502018144895,-2.770137363511765e-07,1.004662529059042
0.5838038982151611,0.0186659643248215,0.00254197949656,8.961642210298763e-08,1.004664332928852
0.5846014995023671,0.0169050073523607,0.0024919357772879,-8.676903698785631e-07,1.0046537548830257
0.5853991558707513,0.0147091354454544,0.0023736155342019,-9.192565939314944e-07,1.0046433591875177
0.5864025220456098,0.0381298972369956,0.0004559984858228072,-1.6089207060667213e-07,1.0046308251320768
0.5856299145505673,0.0371743152749851,0.000671421026935658,-4.175927348214549e-07,1.0046403983156822
0.584734442266705,0.0359752499443331,0.0009247324729787734,-8.388243766536004e-07,1.0046498130834134
0.5889609479526761,0.0387928779523648,0.00029920595497495613,2.0772464530758774e-08,1.0045978597153975
0.5891605924036906,0.0393028755741591,0.00017506012874095946,1.1536080269725094e-08,1.0045954131013295
0.5878438318236944,0.0381550310639162,0.0004498816046697384,-3.645600817536428e-07,1.0046114245377462
0.582611671273574,0.0325380602826519,0.0015461870224909,-2.019229556134687e-07,1.0046792941121758
0.5838052169474759,0.0343411480255153,0.0012388794683464,2.772222449637709e-07,1.004665126673043
0.5853878512550142,0.0343392533984706,0.0012387507175357,-2.1226406864392046e-06,1.004640961020292
0.5834220261811981,0.029663751236087,0.0019538542959053,-5.870059198713458e-07,1.0046710608153633
0.5840291575833881,0.0275804966751399,0.002186923917361,3.057345855065557e-07,1.0046632307625405
0.5854767205961792,0.0228743387738565,0.0024989945505896,-1.0578684293234192e-06,1.004642255393608
0.5860550041271837,0.0209528443572605,0.0025474569187735,7.602576512807172e-07,1.0046377909455957
0.585038158408227,0.0254764256797788,0.0023650992909377,5.420859412100587e-07,1.0046498766212997
0.5847846536243955,0.0107365112994814,0.0020032364329601,3.1989230676248253e-07,1.004651599779918
0.5854527529204606,0.0082239852997785,0.0016606374732728,-1.0527914572549156e-06,1.0046428939605898
0.5861081107748395,0.0056689733710649,0.0012399431865383,9.07846833939406e-07,1.0046340514365877
0.5878358303404858,0.0048439517362063,0.001086550265196,9.027553278532316e-07,1.0046137013818015
0.5894118642489409,0.0040220043378268,0.0009234639835139064,-2.1507620930824977e-07,1.004594369029787
0.5909534935958854,0.0030133474353355,0.0007129215105596249,-3.9848198688062644e-07,1.0045739417775363
0.5932077238929687,0.0018626040106405,0.000454365718998163,-2.8128295952458045e-07,1.0045446493882213
0.5924529124590885,0.0026806006545569,0.000639461665305406,-1.7482665163868549e-07,1.0045551478164116
0.5948807726066896,0.0012350190717471,0.00030630748781800384,6.01997606625543e-08,1.0045228547421174
0.5961536457738688,0.0007137677997592477,0.0001794114316234307,-1.1016558941348354e-08,1.004506819001579
0.5946018475245789,0.0018659400464647,0.00045518362019691326,1.3413409322752726e-07,1.004526852342012
0.586189672236319,0.0124572102277595,0.0021898467101895,-5.348998192580536e-07,1.0046328631831922
0.596266086771645,0.0012300431344851,0.00030508921593389726,-3.6282456936139854e-08,1.0045051984814295
0.5975522571767273,0.0007156968009421253,0.00017984912040805778,3.0029426060520974e-08,1.0044883630949102
0.5858146445251232,0.0189546118904823,0.0025478977645786,-2.8592849184140293e-07,1.004636753386363
0.587231100695027,0.0201563651860529,0.0025523940933202,-3.082923443231909e-08,1.004622080647205
0.5867506831234275,0.0166673578293252,0.0024819689793029,-3.663387111734958e-07,1.0046257375101586
0.5876143700570688,0.0142909369841166,0.0023447276935507,-2.93344505295108e-07,1.0046153919408791
0.5904089811881961,0.0387881859817551,0.0003004552158128013,2.9238473895610634e-09,1.0045793608462776
0.5905592669615112,0.039301139379658,0.0001755262160997632,4.314499242650113e-09,1.004577443893472
0.5871842253678966,0.0370370792769626,0.0007008590866999239,-5.182253832984348e-07,1.004620769110623
0.5863686610115203,0.035659140217434,0.000987993499219614,-5.857945600231813e-07,1.004629641160755
0.5893321290676105,0.0381193012079784,0.00045823023986931534,1.7515671578250834e-07,1.004593332452543
0.5885086799924201,0.0371941385969814,0.0006668707697694443,-1.2057143122534004e-07,1.0046032464249903
0.5850203286740739,0.0320630057484312,0.0016194576035102,-1.2590511280889532e-06,1.004646410414049
0.5868734401636924,0.0335487913585003,0.0013804258997463,2.972182149853002e-07,1.0046258903910694
0.585585963080053,0.0291815692555041,0.0020138985488825,2.731782430288013e-07,1.0046407944186877
0.585863145537669,0.0273442061038911,0.0022090248342972,7.13955354722322e-07,1.0046373608991006
0.5877181380203753,0.0219890254270634,0.0025283726014722,-6.42895959984136e-07,1.0046156688330632
0.5885577924136035,0.0203426529886509,0.0025514372927952,6.806959181658304e-07,1.0046021556100009
0.5871916857260794,0.0244134648416761,0.0024272179433037,-1.1698031898442983e-06,1.0046191707213152
0.586910755312209,0.0262990794866938,0.0023013630998554,6.739351143255697e-07,1.0046263950245151
0.5867807060025121,0.0101009956795209,0.0019236734116988,-9.125656011959956e-07,1.0046236433577354
0.587376120720858,0.0071441064443627,0.0014932135271116,1.5684202939264284e-06,1.0046175218469415
0.5889718472782431,0.0060840218077449,0.0013150788942275,-3.380028345100621e-07,1.0046011556622867
0.5906954288598342,0.0048520235014648,0.0010874292385397,-3.370519852988545e-07,1.0045773318857014
0.5923159857493586,0.0040107896108593,0.0009210212614175522,-4.209458991802787e-09,1.0045575056979563
0.5938060182397086,0.0029930957794766,0.0007086794179929212,3.1259711035582366e-08,1.0045373209374586
0.5960031860702535,0.0018640652192641,0.0004547381262278125,9.454013358345344e-09,1.00450869577429
0.5952134093738719,0.0026861762587283,0.0006405198051825753,2.452648399747758e-07,1.0045192693839458
0.5884322651106807,0.0119328510595471,0.0021388044971476,2.457102961054063e-07,1.0046053705032467
0.5976968132771215,0.0012432607409513,0.00030809111628011,9.606108677973565e-08,1.0044865781170873
0.5989509373130663,0.0007174562239352733,0.0001802220745689977,1.1955347369692911e-08,1.004470175806884
0.5972596920563963,0.0019864087929056,0.0004826891508364805,1.9550235129735587e-07,1.0044921096203363
0.5882208011394158,0.0185256975631229,0.0025404708774262,-7.433952915640539e-07,1.004608706079629
0.5896564937299612,0.0196187056623545,0.0025511447012264,1.1650953709558816e-06,1.0045902356675167
0.5890562812816312,0.0161501889408507,0.002457966138381,-4.838480583860235e-07,1.0045982513372014
0.5898583667336167,0.0138296172984167,0.0023103042128281,2.0758235427816297e-07,1.0045876925516135
0.5918414852840276,0.0387964957714671,0.0002985898369535108,1.9125846483968358e-07,1.0045616169974998
0.5919579522253736,0.0392999082885762,0.00017600235891568978,8.975957169178444e-08,1.0045601130179096
0.5906610233674607,0.0381623766062212,0.00044838955773891456,-5.051427436307119e-10,1.0045762008820929
0.5932272212601771,0.0387753667344192,0.0003038502719488961,-6.972164998849656e-08,1.0045431492153487
0.5933566851221002,0.0392992605274742,0.0001762578398173515,-3.521176545667709e-08,1.0045414937466688
0.58830598578251,0.0355934135323549,0.0010030101626041,7.588119783837835e-07,1.004607711459647
0.5899595093304315,0.0368382764731213,0.0007452621757632356,2.2240649208591387e-08,1.004585835929115
0.5873983402902923,0.0306404503790136,0.0018266196867001,-8.510991805100782e-07,1.0046177998256085
0.5887594739687426,0.0329974848752974,0.0014723623289287,-2.4648231422031777e-07,1.0046015878211312
0.5899624284787398,0.0214234622614487,0.0025421438379489,-2.5377428202803853e-07,1.0045866890377713
0.5877516932674091,0.0281832389067142,0.0021274027132593,-3.8513209222539265e-08,1.004614327788899
0.5893008229622758,0.0237643179111145,0.0024612754465742,-1.1602435200300513e-07,1.004592193862767
0.5887055190315404,0.0260774024166358,0.0023187961432671,3.0304262599453853e-07,1.0046003859591044
0.5892600226999091,0.008948588216114,0.001769604169222,-7.301411513024408e-07,1.0045923787480764
0.5905647110690331,0.0069434627967823,0.0014567230965484,1.88808124949872e-06,1.004576773716421
0.5919667006003255,0.0059872810874433,0.0012952505492043,7.976297107878769e-07,1.004559888475273
0.5935065510584847,0.0048066596960988,0.0010775724271849,3.508870070829883e-07,1.0045404364335215
0.5950643519534095,0.0039892957886259,0.0009158682389826304,5.224337970696319e-07,1.00452126685875
0.5965911288609037,0.0030054875654836,0.0007109131166291953,2.932240958474019e-07,1.004501166006018
0.5908188093114016,0.0115191711630701,0.0020931395084291,-3.34252288799996e-07,1.0045728239644232
0.5991206356198124,0.0012361498051665,0.0003063458520472057,2.3279043519639854e-08,1.004468029088297
0.6003496760612884,0.0007180087335502211,0.0001802732248244797,3.1354525856813825e-08,1.0044520352490731
0.5987513660196386,0.0019342631966728,0.0004705370891241911,-7.671938638497033e-08,1.0044725788443938
0.5980050900407601,0.0028073097452727,0.0006667906685230006,2.574982775289381e-07,1.0044829125468313
0.5910396804645189,0.0199057065213018,0.002552082524799,-6.273201376991571e-07,1.0045692871287135
0.5906157944005984,0.0179252703265827,0.0025251079577212,-2.651855148881629e-07,1.0045765226064791
0.5912776721782493,0.015662480086581,0.0024324750830823,4.739322148272917e-07,1.004570556233739
0.5921130686527735,0.0134684937945871,0.0022802936021463,3.05646132730843e-07,1.0045565773881482
0.5921945070459208,0.0381088549688011,0.0004609292603129564,3.680167928688685e-07,1.0045571001365057
0.5914254942092663,0.0372123892485987,0.0006626622086054828,2.162709760080045e-07,1.004567432628459
0.5946072804309509,0.0387645013745434,0.00030614593138072305,-1.1020388365621316e-07,1.0045251034850262
0.5947554769712544,0.0393001071894011,0.000175837628265085,-5.8135054361165255e-08,1.0045232663439725
0.5936773617200649,0.0380425099959032,0.0004761087926948419,-4.409598297398508e-07,1.004537327887968
0.5921110369758606,0.0211496716785028,0.0025463067031906,-5.326071762821749e-07,1.0045589070083831
0.5901619130270265,0.034999912114859,0.0011159145606946,-1.7381108582583505e-06,1.0045815192418894
0.591460384457208,0.0358602997781181,0.0009472901166008642,-9.750859919760956e-08,1.0045666500805908
0.5903292591915399,0.0326444071165692,0.0015281836704207,-8.968716968420447e-07,1.0045779485390465
0.5893320785717543,0.0301365524517556,0.0018964450675384,3.556915373800852e-07,1.0045914188273863
0.5914262160112468,0.023210756525322,0.0024858918565606,-3.9731194182312084e-07,1.0045658895757337
0.5901379284686233,0.027713221235944,0.0021754668150399,4.050656624383837e-07,1.0045856799321065
0.5907934326376711,0.025459797995191,0.0023627272747863,-2.8848133623485844e-07,1.0045748056606965
0.5919916136180122,0.008646139984453,0.0017284760352554,-8.252659985390738e-09,1.004560476838103
0.593351009459698,0.0068802714636371,0.0014458972989795,7.720979381849322e-07,1.0045415218806928
0.5946750488318403,0.0059355345914446,0.0012855757042188,6.044612387828055e-07,1.0045241225968085
0.5963078277385653,0.0048072428065456,0.0010770728275146,4.662993051057602e-07,1.0045044506444452
0.5979230628035284,0.0040579815573462,0.0009294972805888626,3.36463294450325e-07,1.0044844845544734
0.5933028512847319,0.0114177225920693,0.0020816884373641,-3.22145584760229e-07,1.004542161942859
0.6005294306166215,0.0012474053040512,0.0003089341893892249,7.466732596671757e-08,1.0044498019413586
0.6017483868084629,0.0007168122672825335,0.00017996687881010308,-3.882476660982153e-08,1.0044343356222596
0.6002291854148137,0.0018739924081267,0.0004566880790782629,2.5105632834694e-07,1.0044540515261795
0.5994283980379667,0.0030921009507814,0.0007294393735760807,2.2818628007696442e-07,1.0044644674204184
0.5925783863536728,0.0191124913277094,0.0025477071117747,2.763727521658619e-07,1.0045492031927754
0.5930063573771277,0.0171626823121891,0.0024993240997794,-4.797841626545711e-07,1.0045438273302183
0.593171967439237,0.0152324596182303,0.0024051111249976,2.006966629959895e-07,1.0045419599349734
0.5945349794440343,0.0137423840105724,0.0023034820137893,-3.904390091462662e-07,1.0045266440057048
0.5960281944296214,0.0387862081043674,0.00030082950976449474,-9.852627959919537e-08,1.00450712111262
0.5961542544338515,0.0393032158099805,0.00017493356846703644,-3.0109335164158975e-08,1.004505334471071
0.5929240130114951,0.0368088944176529,0.0007505102306777923,-6.019758427293328e-08,1.004547312483485
0.595107288456588,0.0380011704253912,0.000485364996338154,-1.4735789120619994e-07,1.004518822884705
0.5943543192112839,0.0371857698843361,0.0006684096117818911,-3.531713796911763e-07,1.0045279379203655
0.5941496700735974,0.0205885270269787,0.0025521922048087,-4.12343029646068e-07,1.0045324680316814
0.593509840465122,0.0226570107479648,0.0025075821144324,-1.93873518415743e-07,1.004540734038844
0.5929715756129217,0.0353405677475426,0.001047656656577,-3.459519357525182e-07,1.0045466624405606
0.5920674697805014,0.0337384362808685,0.001346729298656,-7.259816627090208e-07,1.0045562948444762
0.5913253606096748,0.0313496498600654,0.0017264990258959,7.239067255802493e-07,1.004568804837534
0.5917202165831617,0.0292534715645428,0.002005051055836,-4.238109117852243e-07,1.0045644109819505
0.5928703800847499,0.02482159686731,0.0024035419729942,-8.168932474217515e-07,1.0045482086910296
0.5922539086927788,0.0270387179469859,0.002238218943508,-4.966909427765453e-07,1.0045569751179535
0.6019518970983584,0.0012464492209164,0.0003087051383825,-7.587285277424092e-08,1.0044316639080857
0.6031469975571043,0.0007149720083825183,0.00017953691135187425,6.688847177771309e-08,1.0044160925976744
0.5946241045651455,0.0086029881850669,0.0017234439844004,-3.026781221650228e-07,1.0045266016230825
0.59607822253949,0.0068970339121326,0.0014490040158757,2.7501345548931533e-07,1.0045059502633686
0.5975861399935692,0.0060102919024629,0.0012986668133921,3.0408129819148424e-07,1.0044877836238195
0.5991889775972048,0.0048636163944874,0.0010877816495895,3.177641943669911e-07,1.004467575031713
0.5958250809897571,0.0115385970635761,0.0020954179121536,-4.040105768099448e-07,1.0045103699064355
0.6016071704224086,0.0018788810505151,0.00045770730105292376,-1.6172539432877065e-07,1.0044360979634428
0.6008404175449173,0.002702868485564,0.0006436101874561967,2.707133706421388e-07,1.004446318136298
0.6006757375817221,0.0040385682153944,0.0009257718853527676,5.648319281305192e-07,1.0044485395393443
0.5947544446527172,0.0186119625791212,0.0025410829511883,1.3413911669144946e-07,1.0045230110774634
0.595336731178377,0.0162116227750958,0.0024613967802744,-3.747056109263172e-07,1.0045143318187468
0.5969723903440834,0.013909427000531,0.0023160724300062,2.566944255106541e-07,1.0044950654204186
0.5974452960113471,0.0387910373323715,0.0002997370704514101,1.510718084286683e-07,1.004489723645993
0.5975528913346179,0.039308067676189,0.00017384223689614363,7.767132406013168e-08,1.0044882775474928
0.596315719774107,0.0381688926639381,0.0004467331276396541,-1.6676024182389455e-08,1.004503432568905
0.5988135999471901,0.0387857924060958,0.0003011357325913788,-5.731136039234313e-08,1.0044716726772709
0.598951316781609,0.0393124532261108,0.00017284620841525613,-3.1079438140040146e-08,1.004469979922083
0.5943694425461209,0.0358617460952733,0.0009464073380112976,-7.101797699407153e-07,1.004527337408529
0.5957251131040847,0.0369707872849571,0.0007162786296483289,-3.083570600580679e-07,1.0045115706864267
0.5962653113947999,0.0201518993849321,0.0025541375630888,3.204758978637862e-07,1.0045051926179822
0.5955371869465926,0.022025539805838,0.0025268540763579,3.564659625703002e-07,1.0045153377764702
0.594960745351954,0.0241533740902095,0.0024417746054014,1.9903562731303736e-08,1.0045218675240837
0.5942600103849397,0.0335328434551582,0.0013839405525131,3.7646928557884393e-07,1.0045321917955032
0.5931037200325876,0.0312228679190868,0.001746411547744,1.051602682657866e-07,1.0045418363496956
0.5937187294381733,0.0286576983894693,0.0020750128537306,5.297254479789759e-07,1.0045353184669752
0.5942781373428297,0.026409723206459,0.0022910322840079,-2.0887127651813118e-07,1.0045292856092092
0.6033658139262791,0.0011442414419437,0.0002840707254530215,1.262178294137673e-07,1.0044132536942645
0.6045455553219442,0.0007139912166952693,0.00017907840407577156,2.7591081809579845e-08,1.0043985156584303
0.6029907025477214,0.0018999730213329,0.00046243270493769424,2.7686336910407854e-07,1.0044180702017
0.6047180741531343,0.0012346057822522,0.00030562991970355986,8.263337386782889e-08,1.0043962826690684
0.6059441730240975,0.0007137836091386938,0.00017890375292503886,5.39378002239139e-08,1.0043803445773856
0.5973367214938924,0.0086057044550989,0.0017245945383815,2.4420998091803472e-08,1.004491939653935
0.5988010934528787,0.0069507064931294,0.0014584090524262,3.630399391687129e-08,1.0044707905584247
0.6002505587607941,0.0060476282700134,0.0013055710224117,1.3565570108795646e-07,1.0044524937780035
0.5984570487214739,0.0115395956868157,0.0020952329728753,-6.232757239794059e-08,1.0044768787648504
0.6022010550857043,0.0031079900546106,0.000732426997619472,1.6577360474943853e-07,1.0044289231078276
0.6019107464298253,0.004909833030178,0.0010967174525013,4.628709717398328e-07,1.0044323053247568
0.6061010309021069,0.0012285111665461,0.0003039128809527601,9.844130246711287e-08,1.0043784069219368
0.6073429172980181,0.0007130758235270994,0.00017875503623974328,-1.0053133436940115e-07,1.0043635539373834
0.597094537925824,0.0183134670322934,0.0025341637687312,-4.79323562861343e-07,1.0044935604659695
0.5983123942813632,0.0160972843276182,0.0024555537356847,-1.9043130181041843e-08,1.004479665949968
0.5996974057288837,0.0138240355588656,0.0023092625065758,-1.2453307911894438e-07,1.0044620198359928
0.6001759777655825,0.0387883878759132,0.0003001624508463328,-1.706188440627326e-07,1.0044540081855862
0.6003496398830895,0.0393134911488245,0.00017232419147645634,-9.012381401792397e-08,1.0044518684180856
0.6015791814831478,0.0388374888451755,0.0002881852926510182,-8.606842291767214e-08,1.004436694680724
0.6017480915156412,0.03931121178185,0.00017270627842616394,-2.119109059822508e-08,1.0044344597387915
0.5976959237894138,0.0381742871636965,0.0004456053127798135,3.106907778468976e-07,1.0044863174588805
0.5970620928412733,0.0373326353728362,0.0006361491272247788,3.425141484538663e-07,1.004495004247583
0.5992519765761607,0.0380523006677889,0.00047362597745380695,-4.206453819430548e-07,1.0044661439685816
0.5959113983769707,0.0349616572463655,0.0011218643481311,-7.383587331953606e-07,1.00450816268191
0.5960373645380024,0.0329926177093138,0.0014717507332896,-1.251566308121915e-06,1.00450503700696
0.5972119620948987,0.0359379453508035,0.0009305941025335568,2.321025024333216e-07,1.0044932211280369
0.5983436044860809,0.0201279735212339,0.0025539372561853,-4.47327099019276e-07,1.004478889991865
0.5972126792962218,0.0215542747659496,0.0025368587820657,8.085789461096392e-07,1.0044917038276906
0.5971086493368006,0.0234014849846225,0.002477615460133,1.011426581764428e-07,1.004493624593209
0.5964602776163607,0.0256046912758042,0.0023519719412361,-2.0218804654621641e-07,1.0045021583075406
0.5953591018074736,0.0306120111876567,0.0018336645582517,2.994969731555228e-07,1.0045163591474486
0.5957351656113022,0.0279721093744199,0.0021490519247811,-4.949725850567152e-08,1.0045116248509611
0.5970983232041301,0.0315198406472119,0.0017030242197761,1.8098417112106058e-07,1.0044967299484682
0.6029852347244216,0.0388271133891393,0.0002909362629811663,3.081694295154569e-07,1.004420061022527
0.6031467492220854,0.0393090726612435,0.0001735221629888162,1.4994390149016377e-07,1.0044181822526297
0.6044281490019099,0.001867493743158,0.0004548600094864989,8.766860463280535e-08,1.0043999620511264
0.6036711674919888,0.0028267976517333,0.0006705468409156447,4.625946904135211e-07,1.0044098623803377
0.6057640357149835,0.0019135216494398,0.0004650937872139091,3.672228227355794e-07,1.004382681133628
0.5999853601949315,0.0087007179425084,0.001738525967421,6.573939732357604e-07,1.0044572688892155
0.6015464562434869,0.0070222228858254,0.0014700618060195,-4.0125065947235605e-07,1.0044356790536786
0.6010452893935744,0.0115080053417765,0.0020914883482554,1.1152961317974285e-07,1.0044447982464355
0.6034861039293271,0.0042169490870346,0.0009607945021974216,4.737361265661236e-07,1.004412308791568
0.6031582182029117,0.0061599575848054,0.0013256694906526,2.599200025144232e-07,1.0044147671747747
0.6074926613742382,0.0012249343651436,0.0003031660953054239,-2.3672878634949786e-07,1.0043614092935622
0.6087417803546313,0.000710483938154695,0.0001783381104076474,8.205556768204258e-09,1.00434495712468
0.6072606025631438,0.0019829826459024,0.0004811829132761437,-3.283782310209389e-07,1.0043650150941552
0.60915142840796,0.0012341943645656,0.00030538326240833134,1.0961060082631965e-07,1.004339594443742
0.610140642592411,0.0007045252164862808,0.0001766425703140966,9.061689647431425e-08,1.0043264961571472
0.6022059972319295,0.0137215478154289,0.0023016308172788,2.0676644692377534e-07,1.0044295447386629
0.5995285561819573,0.0182068628158955,0.0025318947666864,-6.469539491770377e-07,1.004463736755338
0.6012368863181264,0.0161195194604059,0.002458741135676,-5.322774543093259e-07,1.0044434178599724
0.6004181221550208,0.0201344197956614,0.0025528935785175,-2.576637342610469e-07,1.0044524355709346
0.6006612803651864,0.0380461353888335,0.0004746245674344213,-3.224266490019489e-07,1.0044478632042546
0.6018014806625804,0.038273702252061,0.0004219697980652544,1.249076855576411e-07,1.0044338215858166
0.5985011030088144,0.0370221850718207,0.0007047602029965999,-4.2258499606102456e-08,1.0044759663833551
0.5999415512408364,0.037217419218219,0.0006613527376552212,-7.835736776503174e-07,1.0044561201122906
0.5976845240026156,0.0337245136623199,0.0013499997363508,4.648708376739379e-07,1.0044844691740824
0.5986393288005057,0.0353457658188047,0.00104647195532,3.990543737624094e-08,1.0044734382563143
0.5990832489719572,0.0222501821954456,0.002521773612974,1.893281541796289e-07,1.0044675272818024
0.598632181532171,0.0246092161114482,0.0024176514547993,-3.362004557242447e-07,1.004474135356614
0.5979546927459339,0.0270530790469557,0.0022363620725646,-5.384931206105521e-07,1.0044831536971657
0.5972775325385092,0.0292648086924782,0.0020030813923611,-1.2878334587495957e-07,1.0044907982104263
0.5988058756295156,0.0311097833710139,0.0017638497273088,-2.361001460705187e-07,1.0044711760600176
0.6032794379336562,0.0381664111197071,0.0004474919551957172,6.285369100753086e-07,1.004416506926441
0.6043598841772891,0.0387761483023131,0.00030373397224388,2.2382835610808654e-07,1.0044021496845794
0.6045454629307322,0.0393090154226459,0.0001738934481902319,8.843624791426818e-08,1.0043996559697477
0.6051155966095055,0.0031749140787883,0.0007467606428117993,5.99057109623778e-07,1.004390837016771
0.6065884745625411,0.0028277954382012,0.0006707192312234316,-1.0811062528301505e-07,1.00437388448753
0.6026521695598229,0.0089312492318427,0.001771255143155,1.1418489751495e-06,1.0044236387129508
0.603392846226542,0.0116768419208397,0.0021096456144606,-4.292631113705439e-07,1.0044159591377502
0.6048598397560269,0.0051222021220921,0.0011369675769574,-2.8904329445179264e-07,1.0043939133644813
0.6043890259990572,0.0073447335991938,0.0015241423162994,-2.218486571334896e-06,1.004399627442658
0.6106328026744235,0.00128398695213,0.0003169813410874981,2.7826697356490093e-07,1.0043205300057263
0.6115393106979945,0.0006959523073775248,0.0001742783736988258,1.7570810601238698e-08,1.004308849856138
0.6085545356780878,0.0021030559435216,0.0005086973865352273,1.5102103535201234e-08,1.004347194087706
0.6078922142502331,0.0031612791771544,0.0007429578414844496,-2.618501192036487e-07,1.004355806958612
0.6100186763473895,0.0020833896117915,0.0005037087747669254,4.668486062857685e-07,1.0043281267812507
0.6043060581247465,0.0137666535364885,0.002305214919726,-1.217943026791806e-06,1.004402139688338
0.6035493930327132,0.0154357594264818,0.0024196240971795,-1.0348834079681128e-06,1.0044096798324966
0.6017662292727658,0.0184487274125956,0.0025373954688975,6.084688247460465e-08,1.004435489969868
0.6030386141636944,0.0171810949362938,0.0025002082281229,5.172929616355662e-08,1.0044181522317608
0.6016258760737677,0.0219607376563835,0.0025282746169823,-5.923025399718453e-07,1.0044371221413906
0.6023248998297244,0.0201437504542529,0.0025508828585666,4.368501205510853e-07,1.0044278493220251
0.6025960311167029,0.0373814758292693,0.0006254911615591638,1.0642240487774129e-06,1.0044259107439923
0.601308390637235,0.0370319007781988,0.0007029881821735754,-2.076599548233912e-07,1.0044403222150262
0.5999850056167856,0.0359345741844534,0.0009313507677942568,-1.04187527318874e-06,1.0044539769997434
0.6000023044186161,0.0336495192933445,0.0013635957038579,6.865312851024293e-08,1.0044581284047502
0.6006724406369796,0.0240263414186863,0.0024493587084676,-2.2099605717216026e-07,1.0044472711057246
0.6000886897480276,0.0263926111723149,0.0022927263527855,-1.2966667010265372e-08,1.0044544938970623
0.5993103082272547,0.0286747197457875,0.0020720900710109,-1.721689884283405e-08,1.004463487061935
0.6006349552403093,0.0306136008927687,0.0018343433459279,6.547651217441625e-07,1.0044483798280437
0.602848088437208,0.0234944329847162,0.0024753315961575,-2.1512452820455877e-07,1.0044199044496005
0.603865543161481,0.0370538652899378,0.0006979387130582822,4.58448508038614e-07,1.0044077858993223
0.6046958196924753,0.0380080680285014,0.00048418534858406633,1.8504589056556025e-07,1.0043973874344534
0.6054709134900921,0.0387398807502715,0.0003125311804084688,9.524319485282464e-08,1.0043870662566858
0.6059440849010532,0.0393099807977046,0.00017382503906889258,4.5881687838569275e-10,1.004380995718761
0.6070105987969039,0.0387376315030197,0.00031293524486350027,-1.6792639841784033e-07,1.0043665849283856
0.6073425976838448,0.0393103904678778,0.00017354999824383034,-7.862610484135253e-08,1.0043620584859538
0.611746037502466,0.0012392536596269,0.0003062045731404388,-3.3376853025287975e-08,1.004306341824621
0.612937721889636,0.0006881353592259093,0.00017252087445041123,-7.673474736596441e-08,1.0042911656075464
0.6052468496186538,0.0121545229540749,0.002159117344275,3.431117902527765e-08,1.0043921736153196
0.6067458637202302,0.0043436477480324,0.0009881856799194733,1.211799896418197e-07,1.0043711628707184
0.605190072733295,0.0096437092002918,0.001867653136577,7.740012980962515e-07,1.0043919427439156
0.60633244565651,0.0068339519937342,0.0014431230214589,1.1433928607222227e-07,1.0043742170259604
0.6115259997777515,0.0018523536630665,0.00045033214411031066,7.344381064430786e-08,1.0043092880743776
0.6094056710419542,0.0031666289313227,0.0007436092070305628,5.450351761077774e-07,1.004335900798982
0.6087981379354409,0.0045435643559461,0.0010261066828896,8.924869131031012e-07,1.0043451153611425
0.610861166546071,0.0029751320899695,0.0007020537860233784,8.582566825938355e-07,1.0043171558190491
0.6064598132607709,0.0136078409476375,0.0022932231310341,3.35289254527486e-07,1.0043760925387994
0.6056684774184039,0.0156076084841036,0.0024297092665818,3.899136987348616e-08,1.0043830761012782
0.6045628071625955,0.0170011677193477,0.0024932341190368,1.2987778730140498e-06,1.0043929245168457
0.6040900983682486,0.0189154342245867,0.0025439212977322,-3.7931957280720246e-08,1.0044026801587755
0.603724173279974,0.0212594204981673,0.002544989697723,-3.95996208628578e-07,1.004409169607262
0.6028948272702349,0.0360033332901078,0.0009193150209074002,1.6504363022374008e-06,1.004422213779617
0.6016112779756503,0.0349509395686206,0.0011265130958794,9.892820736056062e-07,1.0044379229978777
0.6019497668485824,0.0324531631586711,0.0015594241262382,9.013243780413228e-07,1.004432726164488
0.6050040545368293,0.0227388069447308,0.0025056178139195,2.820730096236956e-07,1.0043956062499932
0.6021840794101231,0.0258771434762204,0.0023323444480943,1.3593138055213685e-08,1.004427752755016
0.6014617213816349,0.0280390329927248,0.0021408358304591,-1.9164250270503082e-07,1.0044366746930178
0.6024657121641405,0.0299614734902811,0.0019183885288702,-5.339015516600283e-07,1.004428019251064
0.6041222126180702,0.0251432583128372,0.0023853864336877,2.149418498559404e-07,1.0044049157613444
0.6044305778363316,0.0357719643588787,0.000965013878633384,-8.262765170704195e-07,1.0043985301437035
0.6053094243436082,0.036891028113596,0.0007325966871307325,4.1397677048082034e-08,1.0043886967723472
0.6061631858662045,0.0379103656396977,0.0005065867216105638,3.989456905424711e-08,1.004377731917626
0.6086055510884133,0.0388332063087458,0.0002897966063359018,-8.643311622955399e-08,1.004345862560425
0.6087410550678468,0.0393094043674025,0.00017366310903461953,-2.1224732385075816e-08,1.0043438825574702
0.6076411092026138,0.0380022819631286,0.0004855457708353812,-4.698515768012835e-07,1.004358646987998
0.6099959902823815,0.0387991832985058,0.000297821667917669,-1.171370153541347e-07,1.00432767906697
0.6101395249960704,0.0393068329453825,0.00017415862733515344,-4.2819652200798614e-08,1.0043257868843074
0.613124814754788,0.0012030491018125,0.0002976657297765413,-1.633818047148655e-07,1.004288799986268
0.6143360125830455,0.0006837208404804907,0.00017167333740782494,-5.4718231770084244e-08,1.0042729912296269
0.6145331242718238,0.001184221947287,0.00029346581166316514,-1.186775847493e-07,1.004270259241851
0.6157343777038086,0.0006827744254102892,0.00017146274350042924,6.480860651964143e-08,1.0042543640674433
0.612896268178527,0.0018876394520018,0.0004586005979098573,-3.033433676231893e-07,1.0042917102592954
0.6069700126760579,0.0114453286540009,0.0020844184519826,7.606743397030692e-07,1.004366931117206
0.608131527275729,0.0065876953347631,0.0014015680363237,-1.0017139432383497e-07,1.0043514894851029
0.6073471593964205,0.0091193360483563,0.0017941648047908,-7.972308801596853e-07,1.004363414080794
0.6123007569808995,0.0029340319839121,0.0006929098613726878,-5.211789039715581e-07,1.004299967192473
0.6098833391982864,0.0063475011891431,0.0013602126063578,1.0244160452920456e-07,1.0043294150350637
0.610416900198519,0.0044727134503412,0.0010124292470362,1.5567076310170115e-06,1.0043231541308837
0.6116910763949186,0.0041048174065453,0.0009386542234588315,-6.292921466151528e-09,1.0043077053095162
0.6084716697504046,0.0132737213695493,0.0022653113208282,5.111412812434628e-07,1.0043476897841
0.6077203203155556,0.0155628875267264,0.0024279033270863,1.0763563762369409e-06,1.0043580965927748
0.6064779053062591,0.0178761121476417,0.0025260540467926,-3.567909305208765e-07,1.004374644200019
0.6062120715597791,0.0206855660691603,0.0025518334403662,-1.0513904293690242e-06,1.00437916948367
0.6068287002650031,0.0227591767448845,0.0025028635069121,-7.76645456303586e-07,1.0043699707472176
0.6035571428940081,0.0338298539157413,0.0013304345052744,1.557191280907878e-08,1.0044119897382198
0.603403925298877,0.0315699441762447,0.0016929300450435,-4.888714671780928e-07,1.0044117485541848
0.604096632657773,0.0299077700061589,0.0019234255658491,-1.1515284921341382e-06,1.00440855133025
0.6063213720938129,0.0244670118456396,0.0024231733433264,-9.549446390581465e-07,1.0043747016971032
0.604026691863198,0.0277640168777937,0.0021710222605493,-2.4317610149781786e-07,1.0044061271959566
0.6058017072022756,0.0262043202764159,0.0023055806460871,5.592082021358233e-07,1.0043796953395234
0.6051089904903,0.0340345008660446,0.0012938086899912,-1.1572653857916057e-06,1.0043901667706676
0.6059264608576669,0.0353586957318653,0.0010463933267659,-3.877513721048533e-08,1.0043833675625595
0.6069846871688096,0.0366766771985123,0.0007784409062887098,-5.793975370589186e-07,1.0043671483511467
0.6090094943685928,0.0381483874592694,0.0004516165432693087,2.7667225795710583e-08,1.004340398092037
0.6083246410919602,0.037221157280485,0.0006603806125705432,-2.560352542944459e-07,1.0043493214391326
0.6113776396563227,0.0388013254341873,0.0002970610573492547,-6.639152057516402e-08,1.004310035368519
0.6115380799335748,0.039303070284046,0.0001749628110376733,-2.3970839390896882e-08,1.004307819188262
0.6104486325451957,0.038079812143802,0.0004670932834592155,-4.964786901719078e-07,1.004322232793134
0.6143541147679406,0.0018070572091723,0.000440437591221505,-2.977511579083976e-07,1.0042729784882525
0.6159443825854756,0.0011626752682269,0.0002883065671267408,1.4853954682125032e-07,1.0042516140586475
0.6171328808400397,0.0006829251779127018,0.0001712327005775755,7.983668180430312e-08,1.0042368582041503
0.6156776115235364,0.0017343402272411,0.0004237777108430693,2.1153601429666487e-07,1.004255158792809
0.6137365064738817,0.0028399875446815,0.0006729100596952267,-6.23471808974097e-07,1.0042814067433457
0.6090300618266146,0.0111227526262941,0.0020471755431632,-5.321522867195911e-07,1.0043392205853918
0.6092795792551061,0.0087433066026181,0.0017403155734896,1.642190940775495e-07,1.0043383203712926
0.6109792118950665,0.0080196165728635,0.0016321478269493,-5.054223514776036e-07,1.0043213912464957
0.6130177411233705,0.0042635284589836,0.0009708085871406724,-9.496217070918896e-07,1.004290364395948
0.6118588171257326,0.0058786810495203,0.0012798809323624,-2.803017869563943e-07,1.0043060571610958
0.6173067746918884,0.0011636690906892,0.0002882307299382763,1.7311570765943299e-07,1.0042346639853117
0.6185314366335445,0.0006829272413582971,0.00017097987101061544,4.826725779104431e-08,1.004219185541075
0.6105581404375022,0.013008132447638,0.0022418220660428,9.965242797815277e-08,1.0043220714240002
0.6098652088153721,0.0152254932333505,0.0024083660645967,-1.4775626042530457e-07,1.0043310820603024
0.6090759550086665,0.017278011325311,0.0025069794839603,-8.593511130787413e-07,1.004344833500493
0.6087629580152333,0.0195116635664325,0.0025509291666927,2.688077527344568e-07,1.0043457974989654
0.6103740500527648,0.0185549907241799,0.002537541356272,-2.945237241609524e-07,1.0043247255760748
0.6085985129204349,0.0217136983914294,0.0025335944698939,6.770990265921646e-07,1.0043481852978242
0.6083370636624829,0.0238870896534915,0.002456015325408,-8.013830258857553e-07,1.0043508638989904
0.6050802753141363,0.0317939081708168,0.0016600472440066,-1.1907325862425016e-06,1.0043862469747686
0.6054841334791516,0.0294319872653772,0.0019824969837548,1.3310590600614529e-06,1.0043842434583168
0.6078917217152776,0.0261853980835572,0.0023097306127451,-1.3064769027974745e-06,1.004355279747244
0.6066151133462715,0.0279352517898865,0.0021534439939579,5.458569885622034e-07,1.0043738814674832
0.6128034371245654,0.0387944278915316,0.0002985896344835633,-1.816865374232853e-07,1.0042917626468897
0.6129367792745772,0.0392992859585764,0.00017573946832435196,-7.989266039574848e-08,1.0042900080857295
0.6065504955493569,0.0334180821529208,0.0014014676754227,8.349385766374036e-07,1.004371651854424
0.6071784285443756,0.0352449244331996,0.0010676649285427,-5.142007672847709e-07,1.0043640360625956
0.60841295255483,0.0358589499473858,0.0009481069881858092,-5.388854733204987e-07,1.0043496818257578
0.6097110240441735,0.0368954107177076,0.0007316101410834672,-5.360284555525888e-07,1.0043311389688685
0.6117134406825295,0.0382099841180058,0.00043687472373392687,6.330626466847802e-08,1.0043056382487177
0.6110209887648281,0.0373773472156732,0.0006256190916122504,-3.180121528680827e-07,1.0043144146881309
0.6150909715210866,0.0027136693887547,0.0006456515587571781,-2.277392645150024e-07,1.0042638315134742
0.6170845902889853,0.0017383670150657,0.0004243752776305619,2.9745597421009405e-07,1.004236839571966
0.6163059380379526,0.0025045594371196,0.0005991686017519668,6.584740532747148e-07,1.0042462224897857
0.6145972179516024,0.0041125149180992,0.0009404338160334416,-8.540584227721494e-07,1.004270651790389
0.6112166901280336,0.0103876076800535,0.0019611160015329,-2.957010836603805e-08,1.0043119948068215
0.6121993756393095,0.0084229899554006,0.0016925744814142,4.489177476751491e-07,1.0042984046626668
0.6139188788644788,0.0058911821715426,0.0012800392142446,-3.880196867693413e-07,1.0042816281231917
0.6133136319990378,0.0076906184150975,0.0015802706695818,-5.7092046302766045e-08,1.0042836901005
0.6186688378604269,0.0011823968901394,0.0002924276818434977,8.308081369905225e-08,1.0042175247261886
0.6199300098238657,0.0006835752411807831,0.00017123606118831474,-9.956170156661823e-08,1.0042028883090188
0.618431643801765,0.0017881538116736,0.0004355690252452313,2.155396265306857e-07,1.0042206657915036
0.6200872678513427,0.0011921185821354,0.0002950251580480096,-2.573034237291572e-07,1.0042008057187264
0.6213286416560982,0.0006844434630778436,0.00017169306018031472,-4.180345082154412e-08,1.0041851819370409
0.6129249314887133,0.0126561988373642,0.0022089823294736,-1.2215216561022746e-06,1.0042918031706136
0.6122034749813213,0.0150313222259963,0.002397142022119,-6.095854439555949e-07,1.0043021990098548
0.6112552551337389,0.016937026637918,0.0024934744753806,4.268515092635291e-07,1.0043128108032222
0.6118520431050599,0.0185973856141898,0.0025376814188982,4.673150258289145e-07,1.004301045044272
0.6109240325230648,0.0204508985807874,0.002552095756219,3.5936798004087124e-07,1.004315342192632
0.6105262514969002,0.0229877065364207,0.0024971595615884,-5.118167280141045e-07,1.0043231344720402
0.6099483259696524,0.0252522389064511,0.0023760714150348,-1.6162221406238897e-06,1.004329097208828
0.6097653022413992,0.0270900715134717,0.0022301268398718,-9.48927527959931e-07,1.0043315350798423
0.6073028323068205,0.0305588959049364,0.0018405798621466,-2.812423802877698e-07,1.0043615230059315
0.6085174597672567,0.0284871976619966,0.0020944349486874,-5.772717400991607e-07,1.004348285835457
0.6142291536273533,0.0387885150055183,0.00029969208306466084,-1.0913791510993065e-07,1.0042740649436164
0.6143356322064368,0.0392971202568859,0.0001760278440240637,-5.0571581503778576e-08,1.004272907567052
0.6130788597851932,0.0381772622549915,0.000444325105252566,-4.23273083764928e-07,1.0042882494262158
0.6085540737233966,0.0336073388300206,0.0013701617285171,-8.156934178010535e-07,1.0043434197360457
0.6097313453860255,0.0354130979799957,0.0010337562059368,-1.4407713454074548e-06,1.0043300264181505
0.6110330248776071,0.0360576983627027,0.000906626671920624,-5.378332625029489e-07,1.004314894958062
0.6124004641429988,0.0370500086206097,0.0006981446955023647,-4.589413111457952e-08,1.0042973771102224
0.6156063343929987,0.0387836714729785,0.0003008262277588755,9.708266143576401e-08,1.004257496035
0.6157345678993902,0.0392980746775574,0.00017579131635614973,4.12545786854147e-08,1.0042560698044576
0.616125575658403,0.0038322187154872,0.0008832696616873941,5.817956127043582e-07,1.0042490083443798
0.6176432561537536,0.0029286144874951,0.0006932405176480507,6.985361826542451e-07,1.00423040066441
0.6156118869881598,0.0056527175812509,0.0012358086415061,-5.7082187093702356e-08,1.0042564656873163
0.6136285270486769,0.010138426059468,0.0019308854145534,-5.97026208263911e-07,1.0042829000484157
0.6149647993334058,0.0078438351357537,0.0016043223645908,7.645589724165183e-07,1.0042616523096155
0.6215326096701124,0.0011883286913332,0.0002942414361695546,-8.232654742148042e-08,1.0041824366409722
0.6227272774602177,0.0006841390628585314,0.0001717995003563614,-5.7376744891491135e-08,1.0041671341861171
0.619841349325921,0.0018163477580989,0.00044247168872133934,-3.421028889008003e-07,1.0042042469478376
0.6190934350268958,0.0026689945576331,0.0006353137418323041,-1.4218033732445877e-07,1.0042138799395637
0.6210801285102666,0.0019992788375648,0.0004847274633323346,-1.3435556006882617e-07,1.0041878285278454
0.6151732314615987,0.0123189545172101,0.0021769295135758,-1.9600649953317965e-08,1.0042633134559766
0.6143761226147096,0.0148429084914576,0.0023847542197241,3.327315561736107e-08,1.004272360135818
0.6135088777636627,0.0173757361196015,0.0025108868484511,1.691133487271582e-07,1.0042841455614495
0.6131980000750595,0.0196683340484745,0.0025537851311411,-1.7954499638828333e-06,1.004289803699577
0.6130924181479295,0.0220566317106071,0.0025276804443507,-6.78374385741062e-07,1.004289605643254
0.612257166868056,0.0245655364435818,0.0024206916866251,4.982897569770139e-07,1.0043002533676646
0.6115485698003925,0.026694472202848,0.0022657179246136,-1.6399460560262506e-07,1.0043066626964992
0.6107494430989809,0.0287177912879359,0.0020666784665629,1.0624613048220779e-07,1.0043193088315736
0.6096980697126103,0.0309804672928853,0.0017808414589083,3.9030712957312427e-07,1.0043326895283722
0.6145258769620714,0.0381900150662478,0.00044102997149292767,-6.750945895260797e-08,1.0042702178535288
0.6137970089065866,0.0373272310077245,0.0006367818982279533,-7.056202516534923e-07,1.0042785001102117
0.6110043920097573,0.0337769540988205,0.0013419030469648,-7.500692162106937e-08,1.0043161228659194
0.6123682970299438,0.0353934284930653,0.0010376928110334,3.816064705515925e-07,1.0042979043047675
0.6137907437330877,0.0359346689406887,0.0009316624412671483,-8.782475372039759e-07,1.0042774871427609
0.6169750341010349,0.0387843020848347,0.0003010855054221238,3.104255944272968e-07,1.004240799911224
0.6171334296540978,0.0393027011886013,0.00017497417617776294,1.2586475794663006e-07,1.004239036286783
0.6158645806941853,0.0381594954033871,0.0004482798362889266,2.6034110845589924e-07,1.0042546194773594
0.618396344976981,0.0387974352325361,0.0002984881319084032,1.7592651449599464e-07,1.0042232526018635
0.618532053209146,0.0393093979866624,0.0001736865186547389,6.620548631873801e-08,1.0042214511516288
0.6174137556349414,0.0049247902776481,0.0011012276905637,1.5236337613769403e-06,1.004233364682111
0.6190142775226932,0.0040822884441058,0.0009346479333907006,-2.969477412451552e-07,1.0042161037322457
0.6168024917821212,0.0073190150248618,0.0015211219445352,-4.911582639183468e-07,1.004239624980518
0.6159024230955881,0.0096625466461532,0.0018695115370811,-1.0114152157920412e-06,1.004253797837652
0.6229325587121711,0.0011724389641302,0.00029074235349051174,-1.3414159347172333e-07,1.004164631893886
0.6241257947194282,0.0006833981061624456,0.00017176716904464465,-1.9566364832092872e-08,1.004148648527169
0.6225026820826409,0.0019688859686833,0.00047779817638828205,-4.157837995687772e-07,1.0041699734688023
0.620537289331999,0.0030395717084582,0.0007174146339163722,-4.018324659499584e-07,1.0041957949315672
0.6219399598424467,0.0028348538808245,0.0006722691247613294,-1.6991449452979776e-07,1.004177641598755
0.624296682420542,0.0011846177836371,0.0002938028306923033,-4.6418927871916e-09,1.0041463449750676
0.625524191904952,0.0006845182295533431,0.00017197825431522343,5.966026161051734e-08,1.004129794429995
0.6257013150604527,0.001182937394083,0.0002932797338207086,1.2981277680930732e-07,1.0041273761404663
0.6269225947946437,0.000688314610689075,0.00017268957209351624,7.852209180775507e-08,1.00411193076978
0.6147063477736882,0.0205534291211735,0.0025494666704558,-7.094345986251667e-07,1.0042674793582491
0.617380614783191,0.0119174568965615,0.0021352960095251,-6.401828144395059e-07,1.004235788934004
0.6166876019531181,0.0142085854779036,0.0023387175569832,-3.775330780011728e-07,1.004244996387463
0.6158367687159033,0.0165081149601778,0.0024753959791606,-1.7128678650361234e-07,1.0042545530502502
0.6150728453863757,0.0187022702769793,0.0025431376011,-3.424222648804301e-07,1.0042645629239737
0.6154540391594071,0.022116791901723,0.0025245264885697,-7.383713222939316e-08,1.0042602947004566
0.614581155851177,0.0240535193513622,0.002446926496694,-7.294617545835282e-07,1.004269284108586
0.6137225864660234,0.0261888707769264,0.0023079795338034,8.703810543379225e-07,1.0042805482269213
0.6128777847235702,0.0283762847260614,0.0021042661581502,-2.52664269133048e-07,1.0042915286312313
0.6119771748727362,0.0309019691683134,0.0017917265244253,3.959554223794749e-07,1.0043039485501282
0.6151863778715098,0.0369746314325038,0.0007151381568866607,2.932586797691681e-07,1.00426329555458
0.6135573774283817,0.0335638907613759,0.0013795319886357,-2.0427590851553298e-07,1.0042841699245166
0.615362744698405,0.0349008591724589,0.0011358591973909,1.197522684536073e-06,1.0042624017955848
0.6198118669351133,0.0388054233998396,0.0002967571936594819,-1.9393661839714145e-08,1.004204925744692
0.6199304190383156,0.0393147111739513,0.00017244036930644602,-1.7385649024466254e-08,1.004203524907413
0.6211625571468326,0.038810002370257,0.0002955717675693585,4.3399591105480236e-08,1.0041879015339548
0.6213286902953982,0.0393161540037279,0.00017205942175751144,2.13200231498986e-08,1.0041858259303824
0.617263089598337,0.0381661760414652,0.0004473919749585119,6.600285798739575e-07,1.004237133115035
0.6166088626041548,0.0372525164919817,0.00065390468043915,1.0567129677192312e-06,1.0042459859725876
0.6186588616181724,0.0381860830305221,0.0004433946946350579,2.508649159388132e-07,1.0042201110587743
0.6203945287679656,0.0048132430399985,0.0010774163605651,-1.0538278764100915e-06,1.0041961861298934
0.6190015396964491,0.0063791186165256,0.0013679408557207,8.948987966315601e-09,1.0042134514140115
0.6181375148622371,0.0093319218040745,0.0018262703226365,-9.08665069796695e-08,1.004227355083561
0.6240444102020448,0.0018745405347687,0.0004563285731963859,-7.717431316342583e-08,1.00414971468006
0.6232553955827241,0.003048149788365,0.0007183199930801174,-3.32589372030442e-07,1.0041596274042597
0.6221262389189132,0.0043405509217763,0.0009870212698343524,9.864119525372817e-08,1.004172692493464
0.6254955787245802,0.0018106313691453,0.00044156354834200224,1.463848044140205e-07,1.004130442230289
0.6271183728042264,0.0011667174277902,0.0002891695182296579,1.369076552097702e-07,1.0041094084858564
0.6283211181706246,0.0006937163756241383,0.00017381429100219074,2.353136131386296e-08,1.004094882598769
0.6268328396119102,0.0017239390425036,0.0004213827026955673,3.898801939850256e-07,1.004113453568406
0.6284835032078928,0.0012011016367041,0.0002972185535222535,4.30572128535297e-08,1.004092839168788
0.629719784447693,0.0006989109400574566,0.00017511595938025454,-2.635417694547853e-08,1.0040775814450789
0.6194942524607577,0.0114780136374685,0.0020878399348491,7.216016014823977e-08,1.0042095277140854
0.6165200592622319,0.0201732678942564,0.0025529815785852,4.796748763369273e-07,1.0042435653689532
0.6176470376526009,0.0215251665294477,0.0025381718100591,2.8500590160737253e-07,1.0042330125173071
0.6188551547228887,0.0136493143709726,0.0022944196158539,-1.5460284448963834e-07,1.004216392260681
0.6181174648677619,0.0159126761238997,0.0024459266422854,-1.1841172214308775e-07,1.0042245402537722
0.6173053416234467,0.0181077054887095,0.0025312148616878,3.171719480497895e-07,1.004233906450999
0.6167989717045925,0.0234962211031065,0.0024743452985872,4.4025791575275533e-07,1.0042434152044033
0.615959042798658,0.0255964185561332,0.0023514686813664,-2.674937343004528e-07,1.004252608511585
0.615111798756644,0.0278466199113742,0.0021614419083265,8.152370111923517e-07,1.0042641398178036
0.6143213577248532,0.0304977890562612,0.0018465938352977,2.0302297163691253e-07,1.0042750746901663
0.6189624210726753,0.0228398919697826,0.0025003548139536,-1.5694157149671786e-07,1.0042147495892662
0.6166680416056501,0.0359408118284579,0.0009312008738035768,1.8272803151647675e-06,1.0042452382530194
0.6157974739084134,0.0324023392366967,0.0015695945908946,-3.8709450502604107e-07,1.0042568348673997
0.6171468578232716,0.0337717439157415,0.0013415338748529,1.695371683013617e-06,1.0042412697196286
0.6225186783958289,0.0388329037039965,0.00029018041563181685,9.8000449128006e-08,1.0041705630318325
0.6227270833429446,0.039314039848546,0.00017273519620632688,5.4350750667847006e-08,1.0041676804311082
0.6216093237282597,0.0381141320723727,0.0004598964603029729,-2.97989871053548e-08,1.0041829306273906
0.6200655343782882,0.0381972140260477,0.00044082751805995087,-2.917563496027552e-08,1.0042010586526786
0.6180622232510918,0.0370214677540944,0.0007065247753467446,9.235679563814504e-07,1.0042279693868974
0.6194597764687063,0.0373049284792004,0.0006433893161718863,8.074387422532993e-09,1.004209108660059
0.6212927207006346,0.0066887832191029,0.0014197140458883,1.0503838006928623e-07,1.0041864863234162
0.6200952885003438,0.0091326099389338,0.0017977265499075,-5.515985059438003e-07,1.0041980109893325
0.6212726468873973,0.0111286053515251,0.0020462070468486,5.740442261891296e-07,1.0041845060039454
0.6248037389885402,0.0029886732278201,0.000705629542706144,3.2624153444310227e-08,1.0041394849201684
0.6240427861620493,0.0044352600339557,0.0010043501032264,-1.9197618071062678e-07,1.0041510169349934
0.6232656170980001,0.0065087187973668,0.0013894952414978,4.583100582507509e-07,1.004159755685612
0.6262401677569843,0.0028585228356055,0.0006777109261600875,3.386015655419883e-07,1.0041214549828312
0.6280062760866175,0.0019103379024097,0.0004643856630803845,5.206345205118269e-08,1.0040978963018288
0.627399818647201,0.0026152021918059,0.00062381972843644,4.1643143890394166e-07,1.0041054956536102
0.6298341872085408,0.0012107610064553,0.0002996333098057248,-8.567179690688563e-08,1.0040763335159626
0.6311185379921057,0.0007026746264682251,0.0001763010336728171,-1.3086691051445808e-07,1.0040607761519522
0.6293697607578773,0.0019512457929559,0.0004738337839921502,-8.520921419601847e-08,1.0040820798378147
0.623932251928756,0.03881589011409,0.0002943892589793117,-2.2813638824407207e-08,1.0041520521325926
0.624125704115118,0.0393110658698191,0.00017355300112518882,-9.124217425560972e-09,1.0041493202158176
0.620982930570536,0.0130429640712918,0.002242269026283,3.944276651415938e-07,1.0041872945413972
0.618699502865785,0.0196846180153787,0.0025528490215869,6.284953868282696e-07,1.004216428587185
0.619397779875257,0.0211449221629556,0.0025434800889429,1.0129492874638772e-07,1.0042083612816128
0.6204345103842313,0.0153371661993039,0.0024135187710929,-6.871635793044528e-07,1.004194018257756
0.6195854086670175,0.0176654069298579,0.0025188446793258,-5.135478446252235e-07,1.0042049502591466
0.6207612869959381,0.021932894363452,0.0025304429692369,-2.501602756974424e-07,1.004191392168985
0.6181784175492058,0.0248551271293453,0.0024018458488002,2.2507182111996375e-07,1.004225031638943
0.6173553288590831,0.0271496014290668,0.0022259550271975,-4.993884726082118e-07,1.0042362072239337
0.6163012611042862,0.0292340089310937,0.0020085776775853,1.3535858919401658e-07,1.0042478672272264
0.6201770267077715,0.0241552896180917,0.0024425706434349,5.9368827316837936e-08,1.0041990142239718
0.6183792123346296,0.0351095164475165,0.0010950360595391,8.03533775452159e-07,1.0042228452464614
0.6177588931842825,0.031163692539783,0.0017523398570606,-4.784851583154702e-07,1.0042268956410874
0.618732719157221,0.0331667871309682,0.0014401320990974,-9.316061929596809e-09,1.0042171030265197
0.6227863492284103,0.0382632757250869,0.000425470702188485,2.7619119584685325e-07,1.0041668975790985
0.6222449510485845,0.0373917815099712,0.0006238545414856719,2.424032080446338e-07,1.004175050000634
0.6209267106652044,0.0370883707801513,0.0006917825435989501,-2.920712507312955e-07,1.0041909030789415
0.6195855524307746,0.0360315068051863,0.0009133607537663636,-2.6011002962625266e-07,1.0042051589689345
0.631244979248875,0.0012409568509673,0.00030729493233297173,-3.1840877318620124e-07,1.004058954611945
0.6325173201742248,0.0007048200532068728,0.00017718069212800878,-4.7587420112414e-08,1.004042816461908
0.6225558749527697,0.009307110849898,0.0018225420645781,1.3680445192894556e-06,1.0041715205409425
0.6229187854843915,0.0120404554544735,0.0021494788661412,-1.4191498386930742e-06,1.0041649484038335
0.6256918338271976,0.0042259066639794,0.0009640333313492636,-4.225292729872976e-07,1.004128452880478
0.6250436876438074,0.0063040999298236,0.0013534840352191,-2.600422221063185e-06,1.004140612260614
0.6243365554912184,0.0083087096080009,0.0016761199720972,-1.9203786231647296e-06,1.0041481597074324
0.6272171967424774,0.0037867845183789,0.0008753902899981776,2.438449185104883e-07,1.0041084443572927
0.6286503513623533,0.0031173985190309,0.0007350322425236396,-1.5690654417388128e-07,1.0040912107128763
0.6308745787354965,0.0019128320999868,0.000465606753291393,-6.060110775205676e-07,1.0040639394352349
0.630075646420624,0.0028048338355722,0.0006663664996904732,-4.962476549467013e-07,1.0040745770125006
0.6253545634237696,0.0388019482501343,0.0002974646675205261,-2.094602900773469e-07,1.0041327602151175
0.6255244566555458,0.0393101091876667,0.00017357771769603106,-9.156564935785356e-08,1.0041305607435325
0.6241404676870821,0.0382061398668784,0.00043881029051715,-1.4648931523387777e-07,1.0041490405759266
0.6246379072901764,0.0129422027783598,0.0022331330936117,-2.9740041071229045e-07,1.0041419620626166
0.6230179813665259,0.0145965798603188,0.002367958814092,-7.571634290656761e-07,1.0041626361326297
0.6209140889772832,0.019770405516783,0.0025547950568483,2.61474783675109e-07,1.0041883896493589
0.6219986095655544,0.0172452061645808,0.002505762205242,3.056748965348264e-07,1.004175052287674
0.6225393752847466,0.0213996759495545,0.0025416187048335,1.0443195081910605e-06,1.0041710587178772
0.6220391915379372,0.0233809726181674,0.0024793909784074,8.411498656722293e-07,1.004177209514168
0.6235832370943548,0.0227014406577045,0.0025055396654304,4.855107941052377e-07,1.0041581010923435
0.6195384961261632,0.0264104191888957,0.002290509594875,1.2937042227417426e-07,1.0042066051318308
0.6187549438071641,0.0287666165094814,0.0020621310103406,-1.106322627537559e-06,1.0042185476337744
0.6215131922292173,0.0256287159271608,0.002351372120967,-1.4523952044221878e-07,1.004182734579118
0.6201170048024874,0.0339391480219267,0.0013112513703728,-1.0789528898988898e-06,1.0041979701229886
0.6200439186064957,0.0311199802671255,0.0017608299824916,1.0702640217678023e-06,1.0042014244091817
0.6234210607232545,0.0372928155693747,0.0006459946978177628,2.1882526395422706e-07,1.0041584936207473
0.6224813108977938,0.0362003134028701,0.0008783526693892028,-1.0247836453926973e-07,1.0041707408162417
0.6213657399691598,0.0352066629634185,0.0010771689653038,-9.698605232300064e-07,1.0041843019738097
0.6329291867594672,0.0012680692431538,0.000314107540764666,-6.579135650367987e-08,1.0040375614855497
0.6339161103507442,0.0007054256002294658,0.00017734996463631046,-5.499404725914002e-09,1.004024651096074
0.632216159296883,0.0020171003441728,0.000489880994783391,-1.5950783721495845e-07,1.0040466168895017
0.6341271711683834,0.001297593742653,0.00032139252447577774,-1.3335690751765322e-08,1.0040218903980913
0.6353148911907947,0.0007043213441513814,0.00017712042727953013,2.3066363094083453e-08,1.0040065162141778
0.6249294447750698,0.0107911017685827,0.0020102317393316,-4.586192432742728e-07,1.0041385271316636
0.6267576377498035,0.0057773795902463,0.001261929693262,-6.744588017407096e-07,1.0041145634017044
0.626196950859558,0.008555898799145,0.0017120687103879,-2.818741304269019e-07,1.004121348080225
0.6283711716470854,0.0049840576140723,0.0011151943026167,-7.806465061028457e-08,1.004096443463852
0.6298894905369065,0.0041862546697482,0.0009577357809721502,-7.821460776094073e-07,1.004078005657773
0.6314542390730754,0.0032086539500705,0.00075503996611707,-6.01512200489537e-07,1.004056628298662
0.6264843895310074,0.0125663863216852,0.002199266469876,-2.3865762166541574e-07,1.0041153716722675
0.6248249049593405,0.0371748244511275,0.0006712109953865916,-9.467058210819688e-07,1.0041390229904283
0.6267376974327704,0.0387679934474212,0.00030530212241152924,-5.6426648326760496e-08,1.0041148666845263
0.6269231737677731,0.0393110617497725,0.00017310079595680105,1.136004712020462e-09,1.0041124189874622
0.6256316937807999,0.0381048581025855,0.0004615964940426031,-4.962789596396263e-07,1.0041289896131995
0.6255561563183809,0.0146704685894713,0.0023719984774173,-1.6626095861032058e-07,1.0041316340526625
0.6244696521926468,0.0169698131245993,0.0024944278573237,-1.50378537757761e-06,1.0041443246187194
0.6234166595845257,0.0193201412036719,0.0025508808142232,-4.359548192611816e-08,1.004157964505257
0.624521784387584,0.021292173174066,0.0025422118196155,-3.4549266050072175e-07,1.0041445058733132
0.6251200466739198,0.0231554530368095,0.002488834123167,-6.907051287450723e-07,1.0041349710739524
0.6237230794320517,0.0247322985319739,0.0024103229449585,-3.257419037407953e-07,1.0041549622908823
0.6211716227276097,0.0281161005436405,0.002135509446316,3.607159956914561e-07,1.004186853196044
0.6229952007963315,0.0268173602403857,0.0022558597740853,1.3692881712373885e-07,1.0041637065195486
0.6218767351832087,0.0329028146398281,0.0014860852955999,-2.705344239673581e-07,1.004176505960803
0.6221709884619778,0.0303893982599691,0.0018570394002257,-4.678761870156265e-07,1.0041733198495564
0.6241043980844241,0.0358105335527553,0.0009571966319654378,-6.521966294757248e-07,1.0041493541885884
0.6231901767283473,0.0342779958008124,0.0012506075651923,3.476586787317251e-07,1.004159945875431
0.6336392864996016,0.0019837684101108,0.00048231303816506345,-3.109462504210924e-07,1.0040281044647312
0.6329164726798142,0.0028191659506988,0.000669920625321373,-3.648798991082131e-07,1.0040380988562496
0.6354411614311402,0.0012314383174463,0.0003054640671666532,3.8213782444694525e-08,1.0040047478181584
0.6367136180372348,0.0007015871158928327,0.00017633738849994046,2.859804082732443e-08,1.0039886116136445
0.635061380113645,0.0018784973808959,0.00045821430437169975,2.425422032024592e-07,1.0040100212608605
0.6368398501742821,0.0012417424600922,0.00030777684297129563,6.712508276848965e-08,1.0039868721491825
0.6381122638658445,0.0006981520509556416,0.00017539607473019894,1.2029795441251372e-08,1.0039704490559265
0.6273534649941513,0.0102725956774072,0.0019470583837505,-2.53113465692651e-07,1.004107324439149
0.627984585276809,0.0074552804422351,0.0015434618989818,1.2766319138693828e-06,1.0040968949145104
0.6295445146341642,0.006133138587789,0.0013233154695836,-4.36985287669878e-07,1.0040825359637864
0.6312410200841359,0.004869445511954,0.0010912302995601,-5.4854645702063966e-08,1.0040592301985762
0.6328112255309034,0.0040703350414136,0.000933556419530135,-1.726495935950085e-07,1.0040404154605225
0.6288578292680614,0.0119123849511069,0.0021367340066004,7.15173717948274e-07,1.004089458676115
0.6279006893810899,0.0142860168098547,0.0023452945542024,-4.068615558399968e-08,1.004101421673733
0.6254487259204131,0.0359806194635376,0.0009226685271038784,-1.3618731015140763e-06,1.0041305904070044
0.6262481715962559,0.0370906048912986,0.0006891484944332649,-5.520284606603447e-07,1.004121395863583
0.6278411302485244,0.0387437146033178,0.00031101976715567714,5.393271102353211e-09,1.0041001995239516
0.6283217908710543,0.0393125600317534,0.00017275822340083216,-3.0981319569270095e-08,1.0040938847171763
0.6270708997732348,0.0379924521845851,0.0004871235066152126,-9.028308673361057e-08,1.0041106937522235
0.6269025999141801,0.016645818093194,0.0024821242478988,-7.10227353479113e-08,1.004114294920084
0.6260237452317591,0.0193933658469649,0.0025525774420399,-8.665240137199735e-07,1.0041247375720992
0.6264443858423575,0.0217985780741764,0.0025321949236258,-1.1612189408219028e-06,1.0041188896672624
0.6266140528661801,0.023538697669521,0.0024718503859344,-1.11705814133716e-06,1.0041154050363612
0.6257780038925179,0.0249023457129155,0.0023998369570773,-1.1095387263721136e-06,1.0041273990657409
0.6248439715852463,0.0268583928838703,0.0022535902062193,-1.4211800627396223e-06,1.0041378148534967
0.6236203627744223,0.0287750663500368,0.0020617970543974,1.6304531447703434e-06,1.0041574006821774
0.6239894442161998,0.0316721292722253,0.0016804266520634,-8.816208520841552e-07,1.0041496707275055
0.6252678614541333,0.0342192375639641,0.0012615813278599,-1.4660520699563206e-06,1.0041323118950407
0.6293514832543928,0.0387746514921052,0.00030340274037163074,-2.7338565364025177e-07,1.0040806127083803
0.629720300488857,0.03931383240977,0.00017217857198310022,-1.0977996630007125e-07,1.0040758925110298
0.6382738200518898,0.0012247102624912,0.00030347880104595254,2.936845518913019e-08,1.0039684223381344
0.6395108542587732,0.00069485748775835,0.00017465535331145324,-3.703824253031351e-08,1.0039525970297198
0.6396596379557011,0.0012016033714305,0.0002981353718948103,-8.684811654934063e-08,1.00395085767439
0.640909410584017,0.0006917541977342196,0.0001739484508721208,-1.501206474720974e-09,1.003934299775965
0.634312954871883,0.0030873924030319,0.0007292491800677339,1.697663190015487e-07,1.0040198570823726
0.6363705858647596,0.0019777115305618,0.0004808858135114754,3.696235333470986e-08,1.003992537766188
0.6357195957662499,0.0027835253077296,0.0006617604415791919,5.043043151379098e-07,1.0040016386209518
0.6377831954633005,0.0020092130696997,0.0004878198580214585,3.486749848678181e-07,1.0039748406656432
0.6296837717760918,0.0090086123847511,0.0017793949283544,-1.1378330806504962e-06,1.0040756760435434
0.6310226220612174,0.0069512547760353,0.0014583922888643,1.530833795719734e-06,1.0040587626537805
0.6325347883942567,0.0060332802668316,0.0013040072769684,7.53237532467203e-07,1.0040424440595497
0.6340660685612813,0.0048515035894679,0.0010859653669567,5.094180888051745e-07,1.004021951396308
0.6311161427686295,0.0115596886625614,0.0020980537708929,-1.2426267479013045e-07,1.0040590481320486
0.6302213385415475,0.0138321911354781,0.0023112227878417,1.7387422309184992e-07,1.0040729177241854
0.6293795297827832,0.0160854328833059,0.0024557876167216,-5.164379562235162e-07,1.0040841930730595
0.6267982935079114,0.0356078968585426,0.0009976580008459494,-3.4023601775132017e-07,1.004113399278583
0.6276610499850611,0.0368980512183312,0.000730376695691565,-2.630380019086689e-07,1.0041027369476911
0.6284504712257576,0.037978621894901,0.0004901495979776323,-1.2884541489535716e-07,1.004092444748178
0.6286385574321499,0.0183464720446424,0.0025344861229787,-9.67645823914509e-07,1.004091890476405
0.6282765520337915,0.0206759502784639,0.0025503280665402,4.763035850581905e-07,1.0040963887813918
0.628081342173939,0.0229055397909069,0.0024992900625114,-6.777166551561796e-08,1.0040983446043017
0.6276745351638161,0.0247680087385297,0.0024080361740131,-3.270687170981349e-07,1.004102602121506
0.6269606606834016,0.0268689839640107,0.0022517534690907,2.718710012758357e-07,1.004110875146229
0.6258532796540984,0.0293390137551354,0.0019949425450336,6.109512857272592e-07,1.0041248745957
0.6259467052572117,0.0318013785358315,0.0016603586892235,-5.514135341387336e-07,1.004125387514094
0.6272234231917714,0.033787991972058,0.0013376939866323,-1.0000876259882404e-06,1.0041090437998264
0.6309567767257233,0.0388202632370369,0.0002921907843777427,1.670341806351776e-08,1.00406096850749
0.6311187357735583,0.0393135080073085,0.00017211302681939823,2.2839579257758637e-08,1.004058989614307
0.6298016467069657,0.038163437482903,0.00044764118134320703,-3.69128541266486e-07,1.0040746059442458
0.6323454161391616,0.0388134038037512,0.000294088712054343,1.8435460238861474e-07,1.0040437622264962
0.632517192016597,0.0393111654243712,0.00017290050809251454,8.282186453086487e-08,1.0040415408597
0.6410527418828326,0.0012000739067791,0.00029777409192178057,5.120920577523988e-09,1.0039323571620795
0.6423079190023919,0.000689069895143853,0.0001733165666030119,-3.4386003466217706e-08,1.003916136379113
0.6392010824197291,0.0020221196895808,0.0004907658348628631,-4.4185469052556803e-07,1.003956404830863
0.6407378757200407,0.0018662708510908,0.0004550233748838983,2.2009607898389765e-07,1.0039370456850698
0.6356445672079732,0.0040386210341606,0.0009262564138647412,8.876971590730365e-07,1.0040021207755367
0.6371071948724093,0.0032586722848844,0.0007651179226131109,4.602665118800662e-07,1.0039833365415995
0.6386089196674167,0.0028271697530572,0.0006711465732189073,-1.3955763546635634e-07,1.0039653794734555
0.6323109569565221,0.0086582562213214,0.0017310001654723,-2.7933474813300124e-07,1.0040453107307177
0.6337568371714799,0.0067988864607975,0.0014337689182523,1.036784595585938e-07,1.0040250014218357
0.6352852752993988,0.0061027477256131,0.0013163555237631,7.983226177560944e-07,1.0040051453806065
0.6333899060199119,0.011451760983857,0.0020853543236163,-1.643644219706725e-07,1.0040304119435872
0.6324193730087093,0.0135159965724464,0.0022855447305016,-2.1189458156522685e-08,1.004043179631356
0.6316394842299863,0.0156099973166317,0.0024309041399539,-1.910625241245045e-07,1.0040541623593289
0.6309687656927078,0.0177753282057857,0.0025206654399666,-2.1361924097685694e-07,1.004061701603195
0.6283327298368997,0.0355173255938447,0.0010155081191691,2.727503554904009e-07,1.0040929322112564
0.6291637659637251,0.0369030582494693,0.0007294310243766166,-3.848213460524884e-07,1.0040835290164036
0.6304275490116477,0.020013581829644,0.0025523345844604,-1.6352767934738476e-07,1.0040668870149474
0.629991868351146,0.0222810494818582,0.0025201458987535,2.961501744534194e-07,1.004073475136126
0.6295324608417668,0.0244596259945522,0.0024266123639306,8.347738414886963e-08,1.0040802179071169
0.6289345819440131,0.0265920202940801,0.002275133294635,-1.1504612380159269e-07,1.0040874057966092
0.6282018592437022,0.0287965852687316,0.0020570916399841,-4.844922227892533e-07,1.0040970506720936
0.6276844776492377,0.0313313054815522,0.0017306755128277,2.0906100080270858e-07,1.0041031129905662
0.6290117971400563,0.0334365100583869,0.0013992852919155,-4.7592032878307035e-08,1.004085932295579
0.6312204357368874,0.038202416863298,0.0004383910670559172,1.6735074985257012e-07,1.0040576265544692
0.6304490805819122,0.0372325645854387,0.0006578608816919684,-1.525129599729467e-07,1.004066381879203
0.6337068412245933,0.0388243094631566,0.0002917711042455555,9.267442588834292e-08,1.0040264238830987
0.6339157267352359,0.0393079242611735,0.00017393644548081288,4.2074244170358696e-08,1.004023696665556
0.6325879146920385,0.0382003427823773,0.0004392233688927799,2.702635744922849e-07,1.0040414876602477
0.6424910715553308,0.0012049475566999,0.00029894004806105143,-6.267893709541856e-08,1.003913588663618
0.6437063766606109,0.0006874908320218669,0.00017292052840477612,6.245530058193051e-08,1.0038970347894969
0.6441589956288464,0.0012413163556341,0.00030741691100013023,2.573784789843809e-07,1.0038912313713235
0.6451048058430665,0.0006874219820942632,0.0001725177884964623,1.2180740829573398e-07,1.0038788255017244
0.6421230195124669,0.0019334965581805,0.00047035510571562033,-1.252627396212195e-07,1.0039188522565896
0.6400771096419832,0.0032410932249549,0.0007609759856480885,2.4790023250528706e-07,1.0039449281423958
0.6415521995863969,0.0027981904060995,0.0006644327271071892,-6.848595245899498e-08,1.0039264723737045
0.6370048244592136,0.0050374400859261,0.0011214165243627,1.8499168173210394e-07,1.0039848742280146
0.6385946558467435,0.0042829615291512,0.0009762740892937072,3.9122124125236545e-08,1.003966354730391
0.6349402859964745,0.0087852866477729,0.0017492957201737,1.4149807439049189e-06,1.00401139901198
0.6366757194510005,0.0072441944928125,0.0015084746631577,-2.312336353735496e-06,1.003988886796885
0.634452350198586,0.0134094893321201,0.0022762511827879,1.1507737238374301e-07,1.00401600466504
0.6355989312594622,0.0115682616155836,0.0020981657900814,-9.496339383503128e-07,1.0040030817022485
0.6400793009543123,0.0047750538354684,0.0010700635663234,3.50905696173385e-07,1.0039440733634173
0.6336973849175634,0.0152171164375927,0.002407949212614,1.0033048624728964e-07,1.004027175119414
0.635281315032427,0.0148743477918942,0.0023850007197945,5.9474044164158355e-08,1.0040046927115571
0.6331438923218422,0.0172293099419773,0.0025030432483697,2.693279464470297e-08,1.0040335967825784
0.6326197403532065,0.0194274137850057,0.0025497777623915,6.142251659767056e-08,1.0040394520755829
0.630287617445755,0.035628348721397,0.0009949261036816986,5.4387347621149083e-08,1.004069146913315
0.6320912305740584,0.0216942996889986,0.0025346584651998,-6.756174811803059e-08,1.0040457865762389
0.6315634840229599,0.0239740217728042,0.0024530999436401,1.0567436486058716e-07,1.0040535676827749
0.6309489533661271,0.0262368988992904,0.002304404655061,-2.4684398580284256e-07,1.0040619175406258
0.6303043747773475,0.0284192190003076,0.0020991562706916,-1.9167960150940716e-07,1.0040696523146575
0.6296604079647516,0.0308362248756838,0.0018006661807251,-3.68603056467157e-07,1.0040767412093403
0.6309130952221366,0.03316131896851,0.0014458905812322,2.1117125736042346e-07,1.004061286337963
0.6319231094017598,0.0370135743809041,0.0007070564059730386,6.058984561415138e-07,1.0040498943404097
0.6332785648755117,0.0374175911630813,0.0006172171854805912,3.571876430076515e-07,1.004032823977829
0.6351145786741266,0.0388040614415062,0.00029653079178003686,-1.015977192682465e-07,1.0040080714721888
0.635314332688193,0.0393045579575261,0.00017471483879025594,-4.271104389860482e-08,1.0040053198705972
0.6339407446114417,0.0382574053615401,0.00042612759646044846,1.0158114049921957e-07,1.0040233083485843
0.6435504394019521,0.0019848359057447,0.000482049951786352,3.038527211403749e-07,1.0038991772084682
0.6453650595723208,0.0012114353009449,0.00029994646359950047,2.556343778142024e-07,1.0038756248398146
0.6465032479898835,0.0006891128401518547,0.0001726491059176953,5.1907751564472054e-08,1.0038611906994863
0.644956467025641,0.0018878694115385,0.0004593438408748351,4.5905544662754763e-07,1.0038807911787624
0.6429844232602396,0.0029441000966258,0.0006960411074469912,4.8026992160943785e-08,1.0039065655141413
0.6417301867820503,0.0042892984437909,0.0009769367616784075,5.376577740634972e-07,1.0039220683994066
0.6467160632334888,0.0011862905807646,0.00029353239606870674,8.668717717960319e-08,1.003858509466452
0.647901754625047,0.0006921690289503709,0.00017337843175150775,-3.2295264562750165e-08,1.0038444955024477
0.638686969268729,0.006650395523552,0.001413551879851,6.455684604189985e-07,1.0039599644588266
0.6375643758175459,0.0096728990344251,0.0018705837558996,4.745138178862305e-07,1.0039779698373617
0.6363764288540072,0.0136317030850885,0.0022953419142443,-6.591625137283232e-07,1.003991731191501
0.6374208656921333,0.0121451707171369,0.002158841774872,-5.256787761242005e-07,1.0039811458567494
0.6409409314303098,0.0065141975008845,0.001389226498129,1.3431602343469145e-08,1.0039361661628554
0.6351250417052708,0.0165742516054473,0.002477234038711,6.951103163515502e-07,1.0040065033262622
0.6367535977283109,0.0155381643470199,0.0024264582082088,-1.0149416648185756e-06,1.0039875991907936
0.6347954214558226,0.0187611851224645,0.0025417662659906,-4.085087863009973e-07,1.0040106596413416
0.6342910562232204,0.0210905141149092,0.0025454285033809,-2.398578769480013e-07,1.004017749742548
0.632195896110633,0.0350318877246323,0.0011103659585758,9.317951693377924e-08,1.0040463139328828
0.6337195944694209,0.0234242967237355,0.0024788579030873,-8.374299907882473e-08,1.0040254516020344
0.6330968550976094,0.025747737147263,0.0023426193487143,1.192594547716045e-07,1.004033651891069
0.6324311649895904,0.0281385758948354,0.0021289632144369,-4.307757688083637e-07,1.004042680599205
0.6317178065362253,0.0305023645146703,0.0018461814182747,2.790713989937285e-08,1.0040501977289749
0.6327733578949558,0.0327090427261177,0.0015191426926213,-4.6853918700313656e-08,1.004038832989632
0.633461270096757,0.0362059045336958,0.0008760975599285626,-3.264915406109067e-07,1.0040283052433978
0.6344888166976187,0.0373195113460609,0.0006388583511385175,-2.895706791787262e-07,1.0040150248967052
0.6365350282156513,0.0387989473802209,0.0002974398256045418,-1.8834719645438655e-07,1.0039892852403758
0.636712992220109,0.0393015680495097,0.00017521621447520136,-8.919714370698914e-08,1.0039868603118465
0.6352823211638198,0.0381760851811698,0.0004447443762053828,-2.861294757872326e-07,1.004005548340585
0.6379287290254521,0.0387928702489352,0.00029857758558224416,-2.151021863785923e-07,1.003971250529477
0.6381116728922328,0.0392994576770967,0.00017542315675346046,-9.261934900139052e-08,1.003969164811461
0.6444263324233166,0.0027809750636477,0.0006608200059828126,6.372395993866207e-07,1.0038882046690265
0.6463234348757406,0.0018269973729981,0.0004449620302641538,2.447097094642366e-07,1.00386303492276
0.6456339381693004,0.0026631052497615,0.0006343626218127961,8.18750412848984e-07,1.0038716143666992
0.6436843735188065,0.0042640236348924,0.0009709247843352576,3.395044592077536e-07,1.0038989057286596
0.6429182318457799,0.0061866281857661,0.0013324666167139,-8.237561888910895e-08,1.0039089477266103
0.6481207862904893,0.0011096845407121,0.00027514362111313173,-1.1947879721689333e-07,1.003841815499115
0.6493003393337834,0.000695548459620916,0.00017442819837864835,-9.652539628688306e-08,1.003827198991996
0.6476472473029061,0.0018645480456688,0.0004534551804743941,3.891728000998802e-08,1.0038475060167331
0.639948976921977,0.0090260221861966,0.0017807859579753,-4.843422278000144e-07,1.0039463617876356
0.6392340927247205,0.0116665719179245,0.0021101269546055,9.617486021049698e-07,1.0039557777389871
0.638393980018651,0.0139370173580389,0.0023204391084282,-1.8698687547665617e-07,1.0039675077509749
0.6420934149214085,0.0087784894915684,0.0017455000498848,1.2462916665676374e-07,1.0039196033556677
0.6384075448045645,0.0161133098650419,0.0024556386316549,-1.1357292414026953e-07,1.0039656100869605
0.6370781119389307,0.0178252357625995,0.0025238556119117,-5.755651125621179e-07,1.0039822472684696
0.636514686192731,0.0204203944181276,0.0025520944824625,-1.582345915728911e-07,1.0039901100798707
0.6359371957787183,0.0228016962798778,0.0025033638193354,-1.2982685058737365e-07,1.003997606222004
0.6338580874491849,0.0345125288732619,0.001206438589533,-1.2569747525872142e-06,1.0040212839784657
0.6353154754289871,0.0251624188680059,0.0023835197996584,7.362357739974375e-08,1.0040058720098646
0.6346028098242588,0.0275497206454688,0.0021896140994155,1.5016575506775462e-07,1.0040149803644505
0.6340655354551282,0.0303221719740158,0.0018700006808888,2.77478896216599e-07,1.0040219346726291
0.6344618610430696,0.0326467621998546,0.0015284238520023,-1.520269699153771e-06,1.0040154874441034
0.6350231460458339,0.0359403337142345,0.0009301068812913012,-6.984357589380338e-07,1.0040069853711744
0.6359360612296446,0.037170250969031,0.0006709658284289139,-7.074438027450523e-07,1.003996387948885
0.6367022571089699,0.0381405255193394,0.0004524511397089354,-3.8134207333749673e-07,1.0039870474957209
0.6393217305292359,0.0387740002856663,0.00030288553998598136,5.5750754921646546e-08,1.003954506367658
0.6395103359737755,0.0392981121718627,0.0001756379285104316,1.7126399631605415e-08,1.0039524768708143
0.6382276798855009,0.0381402273776384,0.00045228369401859313,-3.075779805229424e-07,1.003967674553509
0.6407592158856713,0.0388080307072523,0.0002949687941090348,1.6790368560800484e-07,1.003936951920572
0.6409089661812436,0.0392971495049823,0.0001760664540292448,7.317168176250157e-08,1.0039353176212458
0.6454591212334632,0.0038806395740736,0.0008936713101162546,7.241737406284033e-07,1.003875090212021
0.6469482466343538,0.0030324605631336,0.0007160851873981767,3.739851270946937e-07,1.003856155456792
0.6448541103775831,0.0057419877538161,0.0012531004590675,1.5984890577392065e-07,1.0038842918277815
0.6441206894922845,0.0081592423012009,0.0016532627183357,-4.914849954083826e-07,1.00389252040568
0.6494544943336206,0.0012219274646732,0.0003025431001155976,-1.886491862065673e-07,1.0038252271162094
0.650698973188347,0.0006986141484434826,0.0001754049042202235,-4.7823933174693166e-09,1.0038091674409908
0.6489769768628406,0.0019520662744867,0.0004741001406640533,-6.956208184218521e-07,1.003831231766757
0.6483096589692199,0.0028080637180721,0.0006664766156332967,-6.710734700673489e-07,1.003840707307364
0.6413768653754159,0.0111789246627808,0.0020548900918656,-5.312398226168022e-07,1.003927143793729
0.6406560682811581,0.013393547605927,0.0022758467469404,2.3569280872521927e-07,1.0039387609576915
0.6400751572036559,0.0155279507333806,0.0024253866579787,7.082285898212637e-07,1.003943558330476
0.6434308967108072,0.0106843108780581,0.0019975937920968,-1.5766309254543315e-07,1.0039018363983236
0.639513306710178,0.0176793021224191,0.0025199962779586,6.223971952389359e-08,1.003954645068854
0.6387882620858072,0.019856972392946,0.002551574560394,-8.704482938615891e-07,1.0039609070912692
0.6381975428161476,0.0221864454845343,0.0025225236879414,-4.9091679613812623e-08,1.0039689036827648
0.6375316774158891,0.0245120701053566,0.0024236642586991,-2.0783672780087097e-07,1.0039775054908768
0.63563560928587,0.0341559395781661,0.0012723189944548,-3.961967327892119e-07,1.0040008739291049
0.6368861559493159,0.0268455257744078,0.0022539480897311,-3.135391009557777e-07,1.003986856668001
0.6362443149722429,0.0290742073171506,0.0020238181474144,-6.834452916249435e-07,1.0039936829757876
0.6360312491052148,0.0318565776701937,0.001654157756136,7.584868127367242e-07,1.0039991180776828
0.6367446721173325,0.0357990680276813,0.0009590723518379668,-6.029911942979082e-07,1.003985275393381
0.6374640044653109,0.0371699087010644,0.000670920550632333,-3.6573656308439e-07,1.0039778583155874
0.6397559345035009,0.0380480994289829,0.0004736308293472762,2.7607197918482057e-07,1.0039489672033444
0.6389558536830379,0.0372389379380479,0.0006558725353951831,-2.450715179013775e-07,1.0039589504258128
0.6421959008784625,0.0387980061082459,0.00029782893738973564,3.184779870017066e-07,1.003919428908164
0.6423075548677816,0.0392963594829336,0.0001766231306158239,1.330730590332607e-07,1.003918026473524
0.6412634362646447,0.0379987470856197,0.0004853854209882262,3.423538085929027e-07,1.003931376064646
0.6435818713631893,0.0387787276803482,0.00030305381670346247,1.2577369803893253e-07,1.003901391306499
0.6437061137468344,0.0392950999682738,0.0001772694325451597,4.421656228125129e-08,1.0038998710432083
0.6467254649788831,0.0049174984484966,0.0011007475486551,9.024638121861056e-07,1.0038598501227474
0.6482651152974653,0.0041561009077771,0.0009507740829832368,-1.006356614164329e-06,1.003843220321265
0.6454347198848152,0.0100726493121581,0.0019221611111795,-7.435404385828737e-07,1.0038754541878827
0.6461554651230689,0.007312227613282,0.0015215699061896,-3.385578640665023e-07,1.003866210594318
0.6508228286762678,0.0012114050429905,0.000300187182704677,-7.906370001751357e-09,1.0038076372346547
0.652097618322684,0.0007011157654458151,0.00017600217133866087,-2.792133074746281e-09,1.0037914501132197
0.6504294662071234,0.0019038362356411,0.0004634487763351066,5.9058352443396553e-08,1.0038128479231851
0.6496833671726655,0.0031489804989311,0.0007414971431297949,-6.611554099104073e-07,1.003822377321047
0.6522012057382377,0.0012176436619801,0.0003016776114933252,-1.5740382542779335e-08,1.0037900646014852
0.6534962568380012,0.0007032946049717605,0.00017660853991536264,-1.860785600300013e-08,1.003773627718929
0.6427559211575308,0.0129213334604108,0.0022336452769418,-3.586334741945787e-07,1.0039105379579387
0.6421006586331027,0.015131170835142,0.0024023061620355,7.952050298370344e-07,1.003918941829852
0.641380206028508,0.0173052278865419,0.002508554994155,2.970261852326203e-07,1.0039283420947684
0.6448218820970305,0.0124382675277778,0.0021884309497656,-5.615940563461267e-07,1.003884649491528
0.6410302660643591,0.0194366334857281,0.0025501918949238,6.843852634561258e-07,1.003933748964708
0.6404765996799103,0.0215974536175778,0.0025351905286691,-8.926049782954102e-07,1.003938669779334
0.6397687484372251,0.0238919081609826,0.0024571097942239,-2.2371892612032986e-07,1.00394819075776
0.6390837040295779,0.0261838994600279,0.0023091921811578,-2.780470644617825e-07,1.0039572838750788
0.6373143824423341,0.0338409041156707,0.0013295813501576,6.472029411435924e-07,1.003979604400284
0.63842686561853,0.0284279852321327,0.0020981039021086,-5.6161195130053e-08,1.0039661427831843
0.6378174000289153,0.0312000891116455,0.0017493022935162,5.224974815957117e-08,1.0039719727560348
0.6386975582076735,0.0355579143804847,0.0010096881997235,7.652498930937117e-07,1.003962691596988
0.6404395435909996,0.0367665408628155,0.0007594788226290177,6.198832975167551e-07,1.0039415448244835
0.642631439784007,0.0380303873615962,0.0004788636421123272,8.524413448328737e-07,1.0039137438806949
0.6418718868981486,0.0372202417162126,0.0006606453174716836,1.1158786908222625e-06,1.0039239161859168
0.6449655691420318,0.0387782016187094,0.00030325729914661804,6.486579304772063e-08,1.0038836222919978
0.6451047015380357,0.0392931227583955,0.0001778355825236241,1.9365698956415532e-08,1.0038817855143662
0.6440693218820305,0.0380057879496837,0.0004850057246556335,-3.892295134526909e-08,1.0038951497846382
0.6463929800051159,0.0387734797420831,0.0003045734632624526,-1.2419271959126676e-08,1.0038651678899833
0.6465033516852945,0.0392913702352691,0.00017831588239481305,-2.2722713386561734e-09,1.0038636061788675
0.6469188050853641,0.0119397954464042,0.0021385503490322,3.288156440789055e-07,1.0038583151089304
0.6496271404642442,0.0046630695918154,0.0010492144068955,-5.15312408332443e-07,1.003823203281549
0.648296813565426,0.0063665326262141,0.0013662151073397,-6.016038816765008e-07,1.0038403713229105
0.6475657921160889,0.0093405077749409,0.0018261069689533,-1.9857467622625926e-07,1.0038507448337308
0.6518467532176295,0.0019056413805961,0.0004637219663583162,-1.4841005207371494e-07,1.0037942050578357
0.6511151087421043,0.0027744966799648,0.0006595208438995208,1.3468592631126729e-07,1.003803464411405
0.6509979200617934,0.0041034453885333,0.000939758612081368,3.033401840737e-07,1.0038040079291604
0.6536233834322425,0.0012041440257627,0.0002985604847863023,-5.527785143075359e-08,1.0037721068554133
0.6548948954493113,0.0007052236086637646,0.00017717199288822365,-3.8171859998465376e-08,1.0037560289859728
0.6532955585984289,0.001840289391619,0.00044884937489049465,-4.1704165960152533e-08,1.0037764844481225
0.6550390454872071,0.0012186906794462,0.0003022086214817009,-9.702151776025127e-08,1.0037541139871102
0.6562935410958792,0.0007068238161662442,0.00017770828936030752,-4.5786796479738953e-08,1.0037379799041006
0.6441490454451532,0.0147025112959279,0.0023742773752517,-6.114636843705677e-07,1.0038930812890503
0.643510441400907,0.0168235708309394,0.0024899961102011,-5.76127436094621e-07,1.0039025810584026
0.6426420812361417,0.0185685850315465,0.0025397477826835,5.070227402507338e-07,1.0039124328516171
0.6462344635982279,0.0142739509366503,0.0023443064828139,-2.2532755626374094e-07,1.003865413771653
0.642918365920203,0.0208023830524131,0.0025494255917218,4.4619041720689566e-08,1.0039095067798012
0.6420483242718308,0.0233066195389442,0.0024837233604688,2.9171775672974737e-08,1.003919456628062
0.6412734516852593,0.0255640879013237,0.0023560679516851,9.952499213078054e-09,1.0039290998320822
0.6405726737252527,0.0277922179968078,0.0021651838595694,-3.934172058796263e-07,1.003939421095068
0.6392951582275509,0.0331087650413673,0.00145419845627,2.518253196374096e-07,1.003954961207695
0.6399362696109386,0.0304304674149433,0.0018540992334828,-1.1112560056878379e-07,1.003947082407947
0.6406692929271484,0.0349812759767456,0.0011215382793101,1.3565167580710698e-07,1.0039385164145982
0.6420428010403495,0.0358555482305689,0.0009491042675279303,1.396691964943198e-06,1.003923050583151
0.6433340487349622,0.036839195865706,0.0007445580037934084,8.326061597131366e-07,1.003904722223796
0.6454323697057073,0.0380585239195849,0.0004729744074099382,2.787621433912471e-07,1.0038775594641454
0.644680078664504,0.037285407466378,0.0006474033503049593,1.1522339924557252e-07,1.0038863675766216
0.6477985739026463,0.0387702411381619,0.00030545095797229266,1.3769702226355138e-07,1.0038472484341618
0.6479020177534256,0.0392905967286871,0.0001786207443048265,6.315503646447574e-08,1.003845934666885
0.6466764396676609,0.0381512013408038,0.00045177378437013697,2.6428791937431914e-09,1.003861423001074
0.6491756033812361,0.0387530916581107,0.0003097483919955925,-2.0618218881340683e-08,1.0038290699762265
0.6493006379032751,0.0392904297296789,0.0001787377347934833,-1.3422186869574832e-08,1.0038273698853328
0.648414278917273,0.013704356731467,0.0023010387624196,8.580103815235568e-07,1.0038382309931748
0.6489927671996839,0.0114034509307016,0.0020791898254603,-2.5032167402429e-07,1.0038306681383036
0.6505857921138586,0.0063546835620453,0.0013636619688945,1.0732117847237269e-06,1.003813343359014
0.649320765705882,0.0089689856058362,0.0017733849795628,-6.933919118595441e-07,1.003824549136375
0.652530196428945,0.0030684916308726,0.0007245997432545312,-1.0489890114777485e-07,1.0037866611201414
0.6523076222120324,0.0049700172942339,0.0011089304991036,-5.138227773134915e-07,1.0037883526227116
0.6547271546736025,0.0018514132771529,0.00045159428606706434,-2.478719182191706e-07,1.003757846266578
0.6539832377621704,0.0027698336721457,0.0006588018514931493,-2.895206110941669e-07,1.0037678961773877
0.6564028100150573,0.0012174343501597,0.00030211837457164246,-1.1714399403834368e-07,1.003736565675567
0.6576922213436461,0.0007082385279596319,0.00017826420110865195,-6.035700115072262e-08,1.0037200920844356
0.6560833505270135,0.0018106735475944,0.0004423452257804595,-1.2067744258943657e-07,1.0037409917342035
0.6454708371384809,0.0166271560613528,0.0024819808087544,-4.977472500218259e-07,1.003874798698246
0.6445591747146276,0.0188958737216586,0.002545696522186,3.372487833194963e-07,1.0038858806241258
0.647631753853064,0.0162323981424418,0.0024646883559662,8.31267443444473e-07,1.003847432589648
0.6452566529455508,0.0208528332940357,0.0025478510941635,6.151585747060558e-07,1.0038810697450096
0.6443264908270537,0.0228782737673044,0.0024993250597901,-9.857216628354377e-08,1.003890511528046
0.6434570698586213,0.025036073140308,0.0023918395797891,4.168659319281212e-07,1.0039011232062387
0.6427060934918408,0.0271688021627524,0.002226166585258,1.6740289724389845e-08,1.0039117350647315
0.6420362756435001,0.0295550296134699,0.0019654283435766,-8.908186656783476e-07,1.0039205826685178
0.6413164645895867,0.0323297244740719,0.0015801934351166,2.6780432151775625e-07,1.0039295308277227
0.6425978484232736,0.033920615256607,0.001314851322412,3.714128077812101e-07,1.0039121156874733
0.6434188616083887,0.0353290507607367,0.0010514799857668,8.937492077922279e-07,1.0039032774667471
0.6447576739135158,0.0358500430185217,0.000950442689226032,1.154599091172448e-07,1.0038845237299918
0.6461004437512666,0.036941831058354,0.0007233307287893396,1.9102380338342617e-07,1.003869440459079
0.6480538652509445,0.038142287380842,0.00045395013715526696,3.385029523873348e-07,1.003843423913484
0.647369592442475,0.0373330155569643,0.0006370992365068868,2.921467367845287e-07,1.0038524637365618
0.6505444605220035,0.0387680050230404,0.00030607153298679537,-1.0073617117140355e-08,1.0038112963120884
0.6506992204355856,0.0392898947532078,0.00017884005367391003,6.840722106132746e-10,1.003809292653935
0.6495762328732101,0.038122566068573,0.0004585583596491321,-2.0992834692378243e-07,1.0038243802877374
0.6498960593576245,0.0154481264224937,0.0024218706782816,-1.9306275967906795e-08,1.0038198337285615
0.6590909538935453,0.000708681302350642,0.00017830868021628555,1.104454395366426e-07,1.0037011144760437
0.6577664688706059,0.0012206493052978,0.00030317115806935624,-1.171312697661601e-07,1.0037189714648609
0.6504251415658394,0.0130856134821506,0.0022478979747143,-4.328881685675781e-07,1.003811762692995
0.6511573883819786,0.0107591725811972,0.0020026817313261,-1.0728747148742557e-07,1.0038027330230166
0.6522240007650864,0.006992475583589,0.0014687613514008,7.370708105789317e-08,1.0037937729644355
0.6513262820225465,0.008418258844095,0.0016932834737489,4.534520602451049e-07,1.0038004914929348
0.6539484582290739,0.0040856533585315,0.0009356519310904896,-2.978392852392231e-07,1.0037685974771913
0.6536705637002801,0.0061648277475396,0.0013302712068858,-4.881799691973595e-07,1.0037734585253986
0.6553994078057149,0.0030141695633558,0.0007133225303423338,-1.2715498856432364e-07,1.003749550445846
0.6574852893819454,0.0018356805774487,0.0004484798216191677,-3.5369369097948294e-07,1.0037228872140764
0.6567627826924388,0.0026601987584988,0.000635195986787718,-5.678240288518979e-07,1.0037333707441605
0.6467401438025527,0.0188348393067495,0.0025453950844295,-6.270978412436876e-07,1.0038578103233566
0.649279683674678,0.0177751251796935,0.0025227231775345,2.202256629423108e-07,1.0038272268476796
0.6471868658921212,0.02112382571628,0.0025431235259508,-8.31628446631839e-07,1.0038542888207973
0.6464377327592769,0.0226844674726729,0.0025060520371268,-7.074795793750622e-07,1.003862943580666
0.6456217368473064,0.0246713555694043,0.0024137193715535,-2.270596156082613e-07,1.0038729693147708
0.6447643230392194,0.0266274970834579,0.0022741388599957,5.283133427781072e-07,1.0038847239330868
0.644144119022381,0.0286379274248666,0.0020748490871471,5.88991244507331e-07,1.0038932458390937
0.6434249424224526,0.0314167609594154,0.0017148005462608,-1.4449033363656529e-06,1.0039017259349008
0.6447147279517155,0.0336113311381033,0.0013704314342824,1.1280829758881414e-06,1.003888515572289
0.6462978827702573,0.0350934418218525,0.0010992467148199,2.575386660348908e-07,1.0038671541295905
0.6475110687286537,0.0359947006094558,0.0009211523117267849,4.367376535010513e-07,1.0038503855882992
0.6458457500151786,0.0278922378825198,0.0021551042941313,8.658937918780995e-07,1.0038716755565589
0.6488815031354297,0.0369263160476034,0.0007269795702420282,-5.267080947192564e-08,1.0038337925492746
0.6519565965305788,0.0387612361704341,0.00030755855192400724,-1.0592763358549188e-07,1.0037928113275016
0.6520978301706836,0.0392888746165045,0.00017901601660152774,-4.2576283290928273e-08,1.0037909177801168
0.6508353406790888,0.0381487080015929,0.0004525563309553575,8.259359813584733e-08,1.0038069504651104
0.6502051725439199,0.0373397184708208,0.00063548976311952,-2.779599842677844e-07,1.003815752100141
0.6513262891506305,0.0169491405699413,0.0024952443915882,-4.0309219186381256e-08,1.0038017753435753
0.6519918226874984,0.0146631537183711,0.0023719764775107,-5.131725047973323e-07,1.0037933748621712
0.6591904969270499,0.0012181836196542,0.0003023271955595108,2.626470631504362e-07,1.00369973077224
0.6604896883485538,0.0007075167259996963,0.0001775840225042624,1.2537712717478706e-07,1.00368310511389
0.6588263687282625,0.0018153991692127,0.0004436674250369276,5.261540516928467e-07,1.0037047991696912
0.6606232154821009,0.0012313999162596,0.00030491639808578457,2.929455638983541e-07,1.0036815017951577
0.6618883777891195,0.0007053813212677975,0.00017674734114771435,4.411411395819283e-08,1.0036655773075502
0.6528207006561658,0.0121629099284979,0.0021624435275575,-5.850823541329598e-07,1.0037836935106546
0.6533641231397741,0.0089928074272588,0.0017797525439066,6.958681943963075e-08,1.0037739532464849
0.6552345480798203,0.0049484524181703,0.0011056179515346,-9.2970859717214e-08,1.00375117372435
0.6549446297758929,0.0069995604034543,0.0014679003418498,-3.370766742780274e-07,1.0037531643902569
0.6567131520541095,0.0040462856656857,0.000928606353260094,-5.842124206188322e-07,1.0037349672260665
0.6580902408398236,0.0029478874680694,0.0006986937343286301,3.185273973161481e-07,1.0037142581206535
0.6490156152420655,0.0201288026627715,0.0025515404853159,9.281404886935268e-07,1.0038301305315331
0.6510682406255927,0.0190575753325448,0.002548414539426,3.722431964463334e-07,1.0038048616398585
0.6485508870074245,0.0223781240997459,0.0025170930652794,-1.2821196341479496e-06,1.0038363296137984
0.6477574299178833,0.024485360631279,0.0024248022568957,-1.4642235499823654e-06,1.003846080063238
0.6468074716766754,0.0263569029960356,0.00229604473079,-9.307017423640516e-07,1.0038590547513824
0.6458148948450829,0.0303695689047838,0.0018624291132861,2.404982704358732e-07,1.0038692205114488
0.6466498642246001,0.0328999991900702,0.0014831559839778,-3.242453523175595e-06,1.003859356832205
0.6480174390436985,0.0339700394292036,0.0013039376875456,-1.462429252667879e-06,1.0038441321430736
0.649150413108342,0.0351324968382847,0.0010895346891238,-1.0798840465360856e-06,1.0038290341176612
0.6476616442284325,0.0284667956597476,0.0020945323355278,-4.6423217010189013e-07,1.0038468001411365
0.6503720463268721,0.0359857592042224,0.0009219567174641228,-6.662166284119601e-07,1.003812574674214
0.6533784870340488,0.0387738591940192,0.0003042383390537577,-1.1214649142920549e-07,1.0037739078278254
0.6534964924388754,0.0392882681712961,0.00017897823173094893,-5.129401143164243e-08,1.0037723259308813
0.6523967729519121,0.0380324592564905,0.0004787507865748386,-5.208859610266322e-07,1.003787360772477
0.6516886537239994,0.03684793076301,0.0007430930933980376,-5.80452950109939e-07,1.003796537402608
0.6546978299209413,0.0387549780474354,0.0003086250618523078,-1.215226591759103e-07,1.0037569660365764
0.6548951601730353,0.0392886399908936,0.0001787153848072555,-2.0407644944627983e-08,1.003754245451344
0.6526294369857992,0.0180408847206246,0.0025289657854742,-3.944802870883514e-07,1.0037842515549145
0.6533244431368591,0.016327656173369,0.0024671250190371,-1.190431583889156e-06,1.0037751271729467
0.6541583022000439,0.0140058115122159,0.0023244601283188,-3.852279974714509e-07,1.0037651387316482
0.6620029120492514,0.0012280147519215,0.0003037597267896792,9.261985145366437e-08,1.0036643591941787
0.6632870055068304,0.0007026203868956834,0.0001761239061132472,-7.524612964793064e-08,1.003648894357612
0.6601996044123614,0.0019091929697747,0.0004646358553255363,4.594918178133327e-07,1.0036862363651633
0.6594926330419791,0.0026568759101099,0.0006338488367121643,9.733106744502565e-07,1.0036956732565547
0.6616973128841385,0.0018540386573542,0.0004515055515552212,3.752281586580388e-07,1.0036684469497623
0.6549588295677645,0.0115558717933164,0.0020970190823255,-7.85726206672069e-07,1.0037536901675077
0.6558927660166324,0.0088556025577629,0.0017582613493844,2.6453219456042637e-09,1.003745966865756
0.6568257769007895,0.0062231731275199,0.0013389834977038,1.2844416073161585e-07,1.0037291277868103
0.657984651652224,0.0045296527777098,0.0010226874198514,9.364727803181376e-07,1.003713906285398
0.65938021366458,0.0039657993588815,0.0009109217485435104,1.3863460648593937e-06,1.0036957955455954
0.6530206990763111,0.0199927952699879,0.0025515578334684,-3.98090629115707e-07,1.0037787332848118
0.6512383209321752,0.0217673715484814,0.0025359160502311,9.877856831716579e-08,1.003803594962018
0.6500581157835078,0.0242894707641609,0.0024364794398544,-2.316472475607345e-07,1.0038174540814169
0.6489246618199856,0.0264413146166679,0.0022886860662835,-6.776949911174255e-07,1.0038312674873942
0.6483254799335042,0.0312202976020254,0.0017462917012327,4.911605713119876e-07,1.0038388710375132
0.6494977614898277,0.0331403973815686,0.0014426835622244,-1.568620028866297e-06,1.0038231967626323
0.650765497001159,0.0339691638212426,0.0013027925812116,-1.3649593177565323e-06,1.0038078160557615
0.6499734782771053,0.0286171351076327,0.0020774394850545,-2.1638626001677322e-07,1.003817002967301
0.6519026619233285,0.0351170966610249,0.0010914897418513,-1.1836748149674263e-06,1.003792915526316
0.653778306728306,0.0380486024566802,0.0004748992172923167,-6.11377656288295e-08,1.003768704029197
0.653071754616946,0.0372002067572898,0.0006653375050569058,-6.113004872979366e-07,1.0037781668131975
0.6530991362136972,0.0359705628745783,0.00092420642904518,-8.059148099433761e-07,1.003776847065902
0.6558818706026149,0.0387168399132735,0.00031743844200580345,-5.1849668429332835e-08,1.003741430154807
0.656293776309856,0.0392895921041398,0.00017842634164060402,-3.731422308338005e-08,1.0037362188829366
0.6551654022132719,0.0380061983863812,0.0004842393722680703,-4.35712769163371e-07,1.0037509772955542
0.657574086886587,0.038752651251963,0.00030872716481922783,-2.0424482180722745e-07,1.0037199345550956
0.6576923237362551,0.0392903462999715,0.0001780146385705634,-7.249852562240312e-08,1.0037181047556554
0.6546020494669874,0.0181653612174021,0.0025329727820644,2.857117718508654e-07,1.0037563672087522
0.6548988379022563,0.0202050693275647,0.0025516890689428,-4.7616426617346876e-07,1.0037534045037186
0.6633924557173198,0.0012216436650713,0.0003023928774563725,-1.802241458911498e-07,1.0036476544312316
0.6646855585154338,0.0006999182791091938,0.00017571265674009572,-7.95904410314225e-08,1.0036312823989373
0.6555081317503069,0.0157189051215723,0.0024368339305291,5.628395441226399e-08,1.0037463187081055
0.6563765721858571,0.0133488832511692,0.0022704070435621,-5.230505588992454e-07,1.0037354926417148
0.663028155314218,0.001913918010007,0.0004654546670413125,-3.967809763770874e-07,1.0036517145395034
0.6608844732900351,0.0030086947158978,0.0007112069439625198,9.1678705066897e-07,1.0036782909251245
0.6623259326923566,0.0027000851318752,0.0006428526237351378,1.1509844884532269e-08,1.0036614544248668
0.657229056175679,0.0110330161625204,0.0020386856830798,4.184021415499496e-07,1.0037262365411668
0.6580898006042285,0.0082547201355828,0.0016688219784273,-1.1654825934731532e-06,1.0037162683050924
0.6589208901226201,0.0059279379342735,0.0012871014653781,7.483477560629727e-07,1.0037050335362163
0.6605393611851436,0.0049602345041401,0.0011086760490363,7.285388792562606e-07,1.003682740991174
0.6541676201468895,0.0221190411902996,0.0025266807215184,-3.0188062385997104e-07,1.003768075701834
0.6525874665543715,0.0242325171913976,0.0024396373221332,-7.365924077559384e-07,1.003785181223657
0.6512899284336071,0.0264318806700391,0.0022891336274374,-9.607112469309364e-08,1.003801298442775
0.6509902645671334,0.0314172682319734,0.0017195733636755,-2.517079100918425e-07,1.0038057339886226
0.65218356695827,0.033113782192349,0.001447760300068,-1.3725136570616977e-07,1.0037896545179592
0.6524479706286286,0.0285947715255684,0.0020798062197359,1.3215715462157182e-07,1.0037862745679187
0.6534405506658133,0.0339628427407947,0.001304889073938,-3.888043490654335e-07,1.0037726953107613
0.6545290814102024,0.0367744137707107,0.0007581186301025755,-4.897499416180134e-07,1.0037594488626114
0.6547403449590893,0.0350879316186112,0.0010970344676016,-7.437018004847487e-07,1.003756828639049
0.6565898278772123,0.0379741422847196,0.0004914244657076997,-3.5892830006680424e-08,1.0037326367951975
0.6558901804093205,0.0371709797321605,0.000671250647228761,-3.504997904606997e-07,1.0037415769451794
0.6589931180363671,0.0387839423504808,0.0003010898313402697,1.1472772440346925e-07,1.0037022234623123
0.6590908300807038,0.0392901828015634,0.00017807721763189822,6.1986421471225e-08,1.0037009213853565
0.6578681517063537,0.0381419886234387,0.0004526629151446736,-3.421493122943042e-07,1.0037157658096207
0.6603673483266422,0.0387597269350944,0.00030700990551814166,-1.3972716811106716e-07,1.003683978826313
0.6604893463859938,0.0392889523142286,0.00017835271354027797,-6.871930165747494e-08,1.0036824177598282
0.6562128078374307,0.0212911117524005,0.0025425026079682,-1.015218358049522e-06,1.0037401841598903
0.6564910129807283,0.0194570448674341,0.002551898333495,5.373799220264637e-07,1.0037352140036366
0.6576127786287634,0.0206290540476123,0.0025507444925098,-5.194608829224898e-07,1.0037220248156364
0.6570165033223591,0.0173462864497759,0.0025074932667366,-3.021120229008986e-07,1.0037272960878756
0.6648235313092979,0.0012141744834725,0.0003008824305307192,-1.8959259491322672e-07,1.0036294572894051
0.6660840628946157,0.0006981609231711307,0.0001755921391633175,-8.69147708593515e-08,1.0036136410597576
0.6644473756318829,0.0018772924274744,0.0004572810232046306,-2.3755463753994877e-07,1.0036344730325804
0.6662491640974658,0.0012198168375486,0.0003027207761486923,-1.888833266607488e-07,1.0036114352066468
0.6674825404591964,0.0006972519599688716,0.00017541319562599438,7.433545380677723e-08,1.0035948428013508
0.6578494860522947,0.0150516839933106,0.0023965629262318,-6.509074978500673e-07,1.0037173365665777
0.658678280103339,0.0127147292933263,0.0022146474800093,-4.335070586959209e-07,1.0037071453345632
0.6637082109731863,0.0031820704394265,0.0007490061521397493,-3.5180808769586294e-07,1.0036440176734454
0.6622009808026418,0.0040855656450717,0.0009362092424218494,-3.204732595805211e-07,1.0036637373705295
0.6593708364449458,0.0103220351602526,0.0019520732099372,-9.685923105406503e-07,1.0036963560000134
0.6600930555569399,0.0073268374385558,0.0015269505465848,1.338184180972852e-06,1.003689686464751
0.6617527673021956,0.0062189473628036,0.0013410456805444,-1.184719089723958e-06,1.003671894498299
0.6561600001050547,0.0229497159491735,0.0024956741915975,-3.483043785661664e-07,1.003739582163083
0.6550226209542086,0.0243712981414841,0.0024322439453337,-8.484995708955241e-08,1.0037549699867936
0.6537482905169338,0.0264158923130434,0.0022897673382,-5.455676024914634e-07,1.0037700199332549
0.6537380976814381,0.031265329993427,0.0017420691338088,-3.0827534736772386e-07,1.003770461123832
0.6549428282152766,0.0285352846019612,0.0020859411611446,-2.438303948030444e-07,1.003756872142236
0.6549721487892359,0.0331271397231545,0.0014458141453659,4.2302440238904927e-08,1.0037526682678857
0.6559584447307865,0.0359364145692733,0.000931179179935034,-5.911810217868319e-07,1.0037402588618003
0.6563535374308197,0.0338668220697415,0.00132262226902,-7.412105687633648e-07,1.0037346410634038
0.657325516696624,0.0367850856643437,0.000755276213927814,-7.330389431761125e-07,1.0037231351797484
0.6593662630154523,0.0381042655030398,0.0004611196512814693,2.632877521817586e-07,1.003697597492758
0.6586536731205082,0.0372675390290948,0.0006496493060177658,5.935802765534434e-08,1.003706488770692
0.6617406010306044,0.0387737542602494,0.0003033946925339027,6.923234597132401e-10,1.0036670643897183
0.6618879070390064,0.0392871184180851,0.00017868955929600406,3.146066727962394e-10,1.0036653742561998
0.66078109676211,0.0381457190263067,0.0004516308823850764,-3.873394891310873e-07,1.0036788168572828
0.6631424116090604,0.038757817271202,0.0003072970214105589,4.460754103162942e-08,1.0036491773754663
0.6632865194171037,0.0392851829653345,0.00017916846080820602,1.0035498438235132e-08,1.0036473794982852
0.6580296838773197,0.0223585505794936,0.0025174062808947,1.5376503088977628e-08,1.003712486580351
0.6588847717264066,0.0208186629740317,0.0025485354467028,9.748335498522464e-07,1.0037015199628818
0.6602236263092441,0.0218469986946695,0.0025327337458327,8.762544568044556e-07,1.003688419276788
0.658603152711929,0.0191054581092474,0.0025498449109579,-2.0869970503855347e-07,1.003706590410563
0.6599555019811626,0.0201532768458878,0.0025526050976582,1.2379769177218055e-06,1.0036905925684356
0.6593453663273509,0.0167590390436577,0.002485384156005,-4.461052945525168e-07,1.0036976981921824
0.6658044136731608,0.0018848330647061,0.0004594656900885767,-5.639294599747846e-07,1.0036172188252683
0.6651260606968388,0.002829353432801,0.0006717944448282316,-7.590144088837765e-07,1.0036267312687095
0.6676156506260479,0.0011995438750079,0.0002977721794156099,1.725525453264439e-07,1.0035930273764888
0.6688809863854931,0.0006975125383873352,0.00017526570773349515,2.998231417081841e-08,1.0035771023258406
0.6672472492510498,0.0018769812767867,0.0004577380983317367,3.1883278659491645e-07,1.0035979858290576
0.6689789479614604,0.0012094332366939,0.0002999461700394791,5.933876057946388e-08,1.0035758202398437
0.6702794382231153,0.0006995133725300085,0.00017568589910436726,1.043131109603129e-08,1.0035589044009714
0.6601720626173985,0.0144225557090026,0.0023545114126938,-1.6851219981737234e-07,1.0036883415311022
0.6610028326545158,0.0120611940560048,0.0021518270514469,2.0744085994235362e-07,1.0036788411384354
0.665105700638046,0.0041825517604339,0.0009565552794685164,-7.841577140103891e-07,1.0036282611372709
0.6635606066616736,0.0050036517382582,0.0011169457685819,-5.159542795520891e-07,1.0036455429200075
0.6618685418620031,0.0090792464056204,0.0017904578055705,-2.7978458855113565e-07,1.0036661018454842
0.6633267858459845,0.0070395639053342,0.0014754274829876,-3.284036867055381e-07,1.0036467820159
0.6573259330427234,0.0245476133831462,0.0024214223768916,-4.351084963940399e-07,1.003724294394447
0.656224588171029,0.0264280882761562,0.0022886359988576,6.099849128082527e-07,1.00373809860781
0.6570314676585653,0.0283572757717031,0.0021045225207918,-8.025332637949454e-07,1.0037289092033643
0.6562921271039525,0.0311654897456097,0.0017571450473341,-2.712405562802413e-07,1.0037386367618792
0.6575497320058857,0.0350554886991394,0.0011029018576359,-1.70658191308163e-06,1.003719644205714
0.6575655272127057,0.0330709549889387,0.0014567260241844,-5.783873826533341e-07,1.003715206064065
0.6588416670731196,0.035832572746798,0.0009513782146996632,-4.562861671056392e-07,1.003705093196314
0.6600687423946247,0.03692346632764,0.0007249857951170797,-6.256528586640494e-08,1.0036883517625876
0.6621550950805987,0.0380894586623121,0.0004645392068914011,1.815922302874163e-07,1.00366171005611
0.6613827016237194,0.0373114005831509,0.0006398307599213171,-3.241123981811029e-07,1.003670528430824
0.6645026487948985,0.0388549485757017,0.0002841165569320607,1.545919522176536e-07,1.0036322148973378
0.664685187166164,0.0392835226675358,0.0001797973222511047,8.541449886739618e-08,1.0036298741641103
0.6635198467897024,0.0380694087893415,0.00046924467837941136,-4.332396112922608e-08,1.0036445267267888
0.6596655680690247,0.0241274396548754,0.0024455639980673,6.622147183625832e-07,1.0036945447916474
0.6616745543735082,0.0233490723016945,0.0024832074615466,4.747857563518064e-07,1.003671957338854
0.6611956796686984,0.0203917143945457,0.002551532923311,-3.9137722248403324e-08,1.0036729862119405
0.6620583695666565,0.0215248813669277,0.0025390280453139,3.754367010995044e-07,1.0036691426669595
0.6609175557183514,0.0185752047615392,0.0025404433581607,-2.938353604358974e-07,1.0036770937926691
0.6616617187133905,0.0161238650730761,0.0024569208016179,1.7259193152370333e-08,1.00366890857336
0.6665430925828856,0.003133253076803,0.000738527808752316,-1.9822395628951858e-07,1.0036070941706592
0.6687153130792102,0.0018325707407932,0.00044722201919410333,1.3170594797845013e-07,1.003579132406732
0.6679718126655023,0.002761256231058,0.0006568909595366787,5.966611484137369e-07,1.0035883047097571
0.6704009161338451,0.0012189339630622,0.00030206214399487366,3.5877170654829775e-08,1.003557424086056
0.671677968359695,0.0007028644804754282,0.0001765572034323219,-2.7108402480441038e-08,1.0035413286870716
0.6700015350701678,0.0018825876142426,0.0004585586679340432,1.7502000649834758e-07,1.0035626061708685
0.6664787086414882,0.0046269363803622,0.001042227504967,2.974522592466904e-07,1.0036074364260876
0.662499958373347,0.0138286483694957,0.0023101820705889,4.0150021664682324e-07,1.0036590860626402
0.6633517490009507,0.0115338752476905,0.0020936483567311,-9.521148374449432e-07,1.0036471648765104
0.6652175242722039,0.0063200454949528,0.0013573096853566,2.951714395691522e-07,1.003621444367356
0.6642132066315801,0.0090842427288364,0.0017911551386177,4.555958508511626e-07,1.00363902523719
0.671834464259759,0.0012203906786457,0.0003025245610428947,-4.7857908382783554e-08,1.0035394081227842
0.673076612421764,0.0007063068469317134,0.00017734252858250498,6.348700268231467e-08,1.0035229574071898
0.6659151324079123,0.0387549115660937,0.0003083784536401246,-1.2124222428203522e-08,1.0036142277592666
0.6660839238245561,0.0392825721306644,0.00018011192027943466,-6.664111183330625e-09,1.0036118814649442
0.6588740338601037,0.0268602373133438,0.0022549555913414,-3.811959143522662e-07,1.003705167790465
0.6586272089027392,0.0292946434032132,0.0019963558735243,-2.180635044299359e-06,1.003705665741912
0.6583645391213693,0.0316458589247269,0.0016845641228089,-5.511165082566489e-08,1.0037130261714802
0.6591918597616085,0.0336609870819672,0.0013597992259174,-2.025645966680589e-09,1.0036972092425842
0.6602604784594668,0.035302869678603,0.0010542886081622,4.0438306967700653e-07,1.003686994365664
0.6614873126297325,0.0358938729422846,0.0009400674091055282,-1.8784254605351289e-07,1.0036679423948591
0.6628718538403354,0.0367830815139683,0.0007555798011664215,2.361923493989717e-07,1.003653634426085
0.6649080877672543,0.0380744710890147,0.000468300845325184,4.5784640676578557e-07,1.0036272863368645
0.6642370579668546,0.0372020700693305,0.0006643625434591898,4.809400719414117e-07,1.0036355977413178
0.6615427944808508,0.0258473061031099,0.0023363295452088,5.38504025124449e-07,1.0036706363379084
0.6634662928919973,0.0241506819859662,0.0024417643351402,8.884573757563219e-07,1.003645387267916
0.6631248306673546,0.0225428227612628,0.0025119688011562,-5.88398446631644e-07,1.0036516465266474
0.6625977950994731,0.0197628613702508,0.0025527129922952,7.987360190071786e-07,1.0036559514372545
0.6635337312821906,0.0212557459568017,0.0025407248863659,-1.2511313084166289e-06,1.003645923919975
0.6633157745372208,0.0177863802998358,0.0025204014089094,-5.593161707283737e-07,1.0036461237659198
0.6640277201636399,0.0155568095099931,0.0024269575896154,2.1989475731493515e-07,1.0036388959750973
0.6678826229067939,0.0041032547027478,0.0009396287645892146,9.485154779440172e-07,1.0035887302761295
0.6693309961291057,0.0031041669935055,0.0007323105735570594,4.597458584254034e-07,1.0035716312410503
0.6714359945113122,0.0018898016482166,0.0004602626280827381,-2.0283649832686746e-07,1.0035444069128134
0.6707116995750151,0.0027667316451726,0.0006579511464931578,-2.0271422711462505e-07,1.0035547561578368
0.6674069240614644,0.0062870896603256,0.0013517324614285,8.157107784845125e-07,1.0035975756285094
0.6648207133018684,0.0132995029546894,0.002265499023783,-2.020328091263641e-07,1.0036283996361577
0.6656151496073229,0.0111243026946657,0.0020475845765368,7.400086094613552e-08,1.00362009114038
0.6662240859154146,0.0087929106901568,0.001749493969916,-4.473539573474593e-07,1.0036119159974817
0.6732035488967901,0.0012245453153969,0.0003033722044270309,1.4701591457095693e-07,1.00352133742233
0.6744753517865901,0.0007087549856239707,0.00017783615231161198,-1.3103212162745413e-08,1.0035056547337968
0.6729182818541238,0.001849407378972,0.00045085820664408097,3.27898568849476e-07,1.0035252987464869
0.6673326772344542,0.0387567020205326,0.00030798551361058206,5.5202333181994634e-08,1.003596011914368
0.6674827410036754,0.0392830120350797,0.00018005743020823304,2.327427602469028e-08,1.003594195287228
0.6662207240206605,0.0381438045613128,0.00045255245882552336,-6.784266539752481e-08,1.00361011035906
0.6687501389384063,0.0387632034723113,0.0003064505485864524,-2.9942214747547544e-08,1.0035775537064158
0.6688816026401502,0.0392858458173066,0.0001793209712118359,-2.0590657244061723e-08,1.0035756963977385
0.6607325706090186,0.0283189915946991,0.0021112561255332,1.780367383306302e-06,1.00368132936451
0.6601470148667882,0.0311323354136696,0.0017583862984901,-9.502923417503064e-07,1.0036861301588065
0.6614354877662786,0.0334345134644057,0.0014002210026031,1.1186053992227171e-06,1.0036740609726416
0.6630518114056239,0.0349677122191803,0.0011208892141586,7.29550312065284e-07,1.0036509432144871
0.664424889576913,0.0358024401666714,0.000958139447234088,4.095394442176234e-07,1.0036335392422062
0.6656700887795713,0.0368939096249462,0.0007323200152381438,2.395229474444697e-07,1.0036174966141675
0.6626446749958783,0.0277653009229323,0.0021676265490289,3.710876539160541e-07,1.003654687707618
0.6638694429692839,0.0261661608182157,0.0023123928489631,-1.2975882962807033e-07,1.0036421685744614
0.6650742245394506,0.0245913394708405,0.002417951963458,-1.3173734745160372e-06,1.003622512000232
0.6648912059437544,0.0224336640495695,0.0025156084419437,-5.429719644037342e-07,1.0036244101976706
0.6650306108786052,0.0199603324729943,0.0025564234571021,3.82395283646812e-07,1.003624896896693
0.6655672888085188,0.0173212049773947,0.0025075580537275,6.446943113612687e-07,1.0036179115920287
0.666307388944828,0.0149859385461035,0.0023922915146895,1.1832537702780699e-07,1.003608682017175
0.6691485345538067,0.0050078661878055,0.0011161157244607,5.134876895190439e-07,1.003572716278356
0.6706595511729766,0.0041332480485626,0.0009454452663247416,1.0402174954358141e-07,1.0035564286906498
0.6721366088135224,0.002989743158211,0.0007070647603496665,2.499369464451127e-07,1.003535012376162
0.6679465727707078,0.0084496999422772,0.0016990487431883,5.639840471952424e-07,1.0035872228319211
0.6688650570410005,0.0069929460089087,0.0014698532216651,-1.997914579127511e-07,1.0035772707149944
0.6671223137379473,0.0127678944430473,0.0022173908443826,-3.591658727022655e-07,1.0035988596644012
0.6677699436149922,0.0106952739557368,0.0019958286636516,-2.497562736133003e-07,1.0035904833021367
0.6758741464776269,0.0007095784784955778,0.0001780984633801616,-2.17834464182784e-08,1.0034876041298442
0.6745749651888194,0.0012309445928868,0.0003048405500732237,-4.2861628053839456e-08,1.0035043565921844
0.6743125776304216,0.0018583985947073,0.00045282766775490974,-4.860220735403871e-08,1.0035074963947592
0.6735360310312447,0.0026802667196678,0.0006386522031280152,3.565300824228281e-07,1.0035174431524605
0.6676313169737443,0.0381260101418199,0.00045667600420767847,1.4793795910320297e-07,1.003591885990604
0.667025574948555,0.0372927516377621,0.0006447113005174736,8.05310018371714e-08,1.0035997771068157
0.6701096847133022,0.0388735638428668,0.00027984736969470747,-1.2513404772714878e-08,1.003559930697287
0.6702803963210863,0.0392914572496587,0.0001779725452828058,6.270204675934744e-09,1.0035576488194284
0.6690068795230117,0.0381337873185557,0.0004548072693497985,-1.94190356493928e-07,1.0035742787986484
0.6715007033502521,0.0387764959877492,0.00030294961031882266,-2.580962758266821e-07,1.003542137986708
0.6716790227163036,0.0392983472728212,0.00017601303732825107,-1.0621748349422719e-07,1.0035396904182223
0.6624969460243985,0.0303312652055879,0.0018690332224378,7.367054560248339e-07,1.0036559737677793
0.6634129912163316,0.0327525517095472,0.0015080755581853,-2.800360596174544e-06,1.0036453235049576
0.6647051759075447,0.0338100419891457,0.001330827895339,-6.307236367098614e-07,1.003629209580117
0.6659401583365673,0.0351082691529718,0.0010932546615929,-3.112181185906054e-07,1.003613692316842
0.6671700550074026,0.0359648587538312,0.0009248250482351008,-2.0492318076272718e-07,1.0035975256604015
0.6644850765274074,0.0284071802376805,0.002101085364037,-2.9806250860606134e-07,1.0036315398611884
0.6660035943972407,0.0262347815398169,0.0023068347896831,4.227960949753275e-07,1.0036136235279047
0.6670433318424341,0.0239986289643271,0.0024522425293864,-2.106566386475961e-07,1.0036010618380733
0.6669418581112532,0.0213318553460823,0.0025439596067356,9.132700015380092e-07,1.0036037054414624
0.6670857972860355,0.01900652479205,0.0025477801096363,-4.863110516293393e-07,1.0036005632525111
0.6685965223710074,0.0201833284834015,0.0025528614521461,-9.61527348707602e-07,1.0035812817239478
0.6677741852182811,0.0166838440402783,0.0024829107026769,-2.777466963519487e-07,1.0035912328071266
0.6685957281406266,0.0143854171193988,0.0023513788520435,-7.361385887696456e-07,1.0035803479388046
0.6706930191899502,0.0063943093534919,0.0013711745610099,1.038424249081867e-06,1.0035515174035128
0.6719376901576086,0.0046341059337364,0.0010425436035682,5.84826511654168e-07,1.003536797406676
0.6733705166551748,0.0040336150245913,0.0009249023156860146,2.69383271034858e-07,1.0035186083260257
0.6697269404439652,0.0091768254305255,0.0018050143514932,1.4651255130370777e-06,1.0035660492820313
0.6693819603587677,0.0119708548582329,0.0021412654423767,-6.572601552679643e-07,1.0035700511540355
0.6759938878252244,0.0012393157552229,0.00030686846656105614,-4.258329590303802e-08,1.0034861370410877
0.6772729452147821,0.0007084274646750423,0.0001779638221838177,-5.5824562899472345e-08,1.0034700176720046
0.6756275571866466,0.0019264632171044,0.0004685598950618437,-4.161071854250231e-08,1.0034908327834948
0.674889074090778,0.0030191359181631,0.0007136590848453911,-6.602252123058699e-08,1.0035009453706805
0.6684270256839133,0.0369668496702884,0.0007167254717461879,-1.4278586859595548e-07,1.0035820917250542
0.670444129724948,0.0381088969311793,0.0004603407687486541,-3.8783608471592726e-08,1.0035556669895802
0.6697917949207147,0.0372279523174209,0.0006587912050003272,-3.049852473047179e-07,1.003564120598467
0.672908751595891,0.0387897034412818,0.0002993965988504701,-1.1388998006122474e-07,1.0035244813634314
0.6730774926377701,0.039304415128198,0.0001742710724228945,-4.344869167217215e-08,1.0035223659452908
0.6717848956721699,0.0381726375552288,0.00044542444349631377,-4.853040190338997e-07,1.0035384923627102
0.6743161168289732,0.0388223800203159,0.0002913492752816853,-1.2817481607907414e-07,1.0035069832381665
0.6744758665846243,0.0393087153696134,0.00017306381341978023,-5.30629910183476e-08,1.0035049927188735
0.6651426242055406,0.0311723868871886,0.0017549060186456,1.120575344472318e-06,1.0036244988808745
0.6662585807042924,0.0330568917993149,0.0014569509833722,-6.540996312081923e-07,1.003608954360926
0.6674504135678075,0.0339578976944059,0.0013046064193035,-4.770501792741247e-07,1.003593478943033
0.6686801697233644,0.0351317320364937,0.0010882447026242,-5.570795737592993e-07,1.003578563362442
0.6667983939023413,0.0284858855797191,0.0020928985940348,7.168989767671778e-08,1.0036014436997602
0.6679737236517571,0.0263491472068159,0.0022973969321913,-6.451986492854457e-07,1.0035873625250271
0.6691144050631407,0.0247358372852654,0.0024102472651131,8.400519243307833e-07,1.0035754720426453
0.6693339377453515,0.0223410950056149,0.0025182889487158,4.48011320646706e-07,1.003570571265742
0.6704489919949322,0.0201816735966112,0.0025529054282374,6.992008574304055e-08,1.0035551351786265
0.6692264777859562,0.0183660664285264,0.002535992559836,-9.690110549188048e-07,1.0035722729210017
0.6700818267068857,0.0161950969786686,0.0024607517628662,-5.541181436498359e-07,1.0035630481495623
0.670906693884636,0.013709195424343,0.0023009813955579,-8.493312726424689e-08,1.0035519180103505
0.671650202610402,0.0085962358269614,0.0017208856235147,-8.019379675712243e-09,1.0035426561411869
0.6728631583498917,0.0062189380379433,0.0013413558312363,-1.0201420679820667e-06,1.0035314825855437
0.674626816386361,0.0048978652565513,0.0010962566086553,-6.920064506809449e-07,1.0035036538741056
0.6718375252714254,0.0111670870616149,0.0020548122777013,1.5863053806816993e-07,1.0035381488262187
0.6774180966096078,0.0012239041357396,0.0003034194487448229,-1.2720952551690504e-07,1.0034680899447324
0.6786717153369519,0.000705735607492047,0.00017731764062930413,5.4081947761996193e-08,1.003451522472522
0.6770625257630907,0.0018861861802487,0.000459486560519494,-3.2656114457026054e-07,1.0034726247049426
0.67629727142061,0.0028040111561364,0.0006659397834722216,-7.105739613395452e-08,1.0034828502063429
0.6761988760921082,0.0040487785786258,0.0009282966506495988,-2.077199470226569e-07,1.0034844459489969
0.6698484791723796,0.0359457956270058,0.0009282652195742954,-3.394984403976637e-07,1.003561843616218
0.6712383753726947,0.036932010107982,0.0007238851107564966,-5.444337555521413e-07,1.0035455923627554
0.6757286046009807,0.038794690502983,0.00029801766501561666,1.5947154580555684e-07,1.00348996754763
0.6758741983514744,0.0393105703311473,0.00017261261770228471,8.35112771529049e-08,1.003488399653429
0.6731926619137162,0.0381689260752497,0.0004457986017542891,-1.9365114713070425e-07,1.0035208378090483
0.6725970345091965,0.0373137663269631,0.0006395251638495595,-5.69934646527139e-07,1.0035280833343747
0.6745401048404142,0.0382413687559317,0.0004287265848276272,-1.867707856002915e-07,1.0035046160175245
0.6677269891932287,0.0313686833425036,0.0017280335055311,4.876287475010044e-07,1.0035912809587793
0.6689265284419896,0.0331169510813204,0.0014472155010055,1.0464598311787577e-07,1.0035746143138415
0.6702914338226078,0.0339604025928735,0.0013043627588821,-8.408370275083444e-08,1.0035575023346406
0.6690697723659483,0.0285693825315869,0.0020831118504835,-1.649009563120329e-07,1.0035727971727952
0.6701688545833263,0.0264229184687692,0.0022911033541252,9.30236151047458e-07,1.003561213676386
0.670967596058838,0.0242366710639948,0.0024386772129715,4.09476561010852e-07,1.0035467003017648
0.671658638780465,0.0220050758663181,0.0025259543032505,-4.3245171566306333e-07,1.0035398285121344
0.6722045653700012,0.0202161661950527,0.0025517530982436,1.0928850773521888e-06,1.0035344701482265
0.6716914296958081,0.0182445100283726,0.0025346093690163,1.1202955040977069e-07,1.003541146208163
0.6733745569561653,0.0193766325395757,0.0025493150103373,1.6046101919737955e-06,1.0035209633104554
0.6722979257677487,0.0157869519205151,0.0024395901700696,-1.5697300089127365e-07,1.0035334996608574
0.673220535981613,0.0134984210480045,0.0022834860417895,2.5692372693313805e-07,1.0035203731201043
0.6734567166265996,0.0089643113251453,0.0017743101103574,-5.379696084641458e-07,1.0035158760887768
0.6744146869706097,0.0068700111661007,0.0014478436757617,1.379912433789712e-06,1.0035064361677275
0.6757611036655943,0.0060099626919653,0.0013023712907942,1.683336577792403e-07,1.0034890547167203
0.6744284662211951,0.0113657035425576,0.0020765786548756,4.651961036660899e-07,1.0035072583946636
0.6787990825316284,0.0012091423132671,0.00029985633164383065,1.06764510242043e-07,1.0034498334622155
0.680070479257549,0.0007019856145645632,0.00017631426027419066,-1.896134556128537e-08,1.0034342156063731
0.678423461734358,0.0018943918055122,0.000461467782186469,1.6145343397677848e-07,1.0034547633979107
0.6801933107565112,0.0012152565012648,0.0003013162683356123,-6.069172287818962e-08,1.0034325014747287
0.6814692334365746,0.0006965617123954786,0.00017500475549834306,-7.8954060653391e-10,1.0034160530672396
0.6776792573441089,0.0031666588501991,0.0007455542143956334,-1.3752174264716792e-07,1.0034650445905502
0.6774165343714741,0.0048840429446041,0.001092415512512,-9.829059995197374e-08,1.003467818312892
0.6816317482856206,0.0012181317356509,0.0003019432415575845,1.3093178137605921e-08,1.0034140525939004
0.6828678751408159,0.0006893394421445701,0.0001733153274440032,-4.8663765673996126e-08,1.003398363092607
0.6714927193876331,0.0351040127178958,0.0010939895951275,-5.99591983209472e-07,1.003541897914845
0.6727630334990549,0.0359551743601345,0.0009267972413440297,-1.0951686242871569e-06,1.0035245889643576
0.6768133976708998,0.0387935801620127,0.0002985837850376083,2.918619850188208e-07,1.0034762769315275
0.6772725644158109,0.0393096819000449,0.00017319562902761392,9.980308754812384e-08,1.003470409103684
0.6759923068096317,0.0382273988894817,0.0004320272536338894,3.3661436887121734e-07,1.0034869286957144
0.6739907620151532,0.0370429939192557,0.0006993442983030848,-5.360204896447416e-07,1.003511113380353
0.6753240745304654,0.0374572581806614,0.0006071951889912555,2.402077875366663e-07,1.003495676022444
0.6780914205086805,0.0387639076350144,0.00030586363973098555,6.482377244038474e-08,1.0034594803093055
0.678671030176339,0.0393070046603025,0.00017405212586327863,7.939229024510117e-09,1.0034522223974078
0.6702987413599484,0.0313621588907898,0.0017291509551523,-2.22725236666704e-07,1.0035585630554082
0.6716646416859929,0.0330449057374269,0.0014596126875496,1.7318107466824514e-06,1.0035397276925262
0.6714430983303529,0.0284461163275192,0.0020971648199754,3.149409091171848e-07,1.0035441604576347
0.6723895083669148,0.0261377523204548,0.0023141555089421,7.050736058070543e-07,1.0035310560441308
0.6731402318714421,0.0237771077791373,0.0024621994199059,3.976186663515965e-07,1.003520432157088
0.6738540702468089,0.0212690375172678,0.0025439470373559,5.231284316509882e-07,1.0035123665371988
0.674820690345262,0.0196026305712962,0.0025498176153976,-7.315539354379197e-07,1.0034974969040666
0.6742056632973068,0.0175891243040485,0.0025138433666342,-7.428247645751764e-07,1.0035062739133556
0.6743372652074255,0.0153121709794323,0.0024117142175691,3.291440424346264e-07,1.0035058729242596
0.675547394937873,0.0136601248026928,0.0022975934146227,-2.102879326055909e-07,1.0034933210740051
0.6757064898373945,0.0087642162566938,0.0017476293926204,-1.5874093630031978e-07,1.0034890182900431
0.6771143996448182,0.0068412203547303,0.0014422345660326,1.4387679404431245e-07,1.0034702837813023
0.6767392318069109,0.0114835124523541,0.0020897451252109,1.6059320393311334e-07,1.0034776506760898
0.6799393182822387,0.0018379789222343,0.00044845247179086414,-2.3832187277161838e-08,1.0034357410609018
0.67916566461285,0.0027563462959714,0.0006555897597120805,1.126765841306025e-07,1.0034454239045691
0.6812247869834991,0.0019778747567108,0.0004806607154118074,1.604523340028816e-08,1.003419130000644
0.6790849352119616,0.0040514256775218,0.00092830667767678,3.297267022712832e-07,1.0034473490155833
0.6786283701130782,0.0061819755630854,0.0013319008543337,6.147288632137294e-07,1.0034502555638516
0.6827467767355819,0.0018815972565493,0.0004584999330474279,-2.0976579213773067e-07,1.0033999270357
0.6830825170897925,0.0012014952441194,0.00029811085832740354,-8.98936231074412e-08,1.0033957573959666
0.6842663136442979,0.0006823201631267094,0.0001715997093597279,3.6917118603792193e-08,1.0033796772531665
0.6732148021910834,0.0338934969692905,0.0013187637878592,-1.1380064048831569e-06,1.0035185878017776
0.6743859162679636,0.0351523232155036,0.001086350634205,-6.195556796016262e-07,1.0035062518928346
0.6773457074092103,0.0380370600392866,0.0004762311070918786,4.197118701231498e-07,1.0034693886758548
0.6765576728723763,0.0372199121441842,0.0006599141273644578,5.79922264304611e-07,1.0034792795374488
0.6755179538871198,0.0361614212076753,0.000884403557223576,7.966519645866613e-08,1.003491751168884
0.6798916407295414,0.0387729389019511,0.00030385927442852083,9.130271456578265e-08,1.003436300009371
0.6800695979263852,0.0393038306901395,0.00017487445865639587,2.8724991134822606e-08,1.0034338663889668
0.678812318957128,0.0380310977592644,0.0004780049965509179,5.065566132813167e-08,1.0034499537771204
0.6813348792147834,0.0387873477633858,0.000300633018396427,-6.369859139523955e-08,1.00341691632889
0.681468232140354,0.0393009120418585,0.00017563214028046674,-3.375066165299204e-08,1.0034151598038266
0.6729687256795184,0.031028670622298,0.0017751160632322,-5.459005585597268e-07,1.0035244058536053
0.673801885491704,0.0280610755624762,0.0021397813185363,1.254860369410265e-06,1.0035144694282057
0.6745924672155693,0.0256846850768869,0.0023477971185605,5.631419185517628e-07,1.0035033383536744
0.6753786019458973,0.0233286494239214,0.0024820329184951,-2.605781337210514e-08,1.0034926926416052
0.6762464409068941,0.0210697319617019,0.0025464844083007,-6.278942800316198e-07,1.0034838547819611
0.6764227203202582,0.0187086249712941,0.0025420976391622,8.009968173971739e-07,1.00348027330027
0.6764787289957616,0.0160765661086142,0.0024562059646512,2.4038332079056535e-07,1.0034784067768998
0.6777226248770071,0.0137307126001233,0.0023030318323601,5.800534182762362e-07,1.0034638835041296
0.6782599886854862,0.0088542128525331,0.0017604360377168,8.471024272775283e-07,1.0034580733060148
0.6789698949408992,0.0116458733713838,0.0021070728400413,-4.480032286115907e-07,1.0034493701160054
0.6806164474310823,0.0030750828339177,0.000726528207511833,5.316767153198556e-08,1.00342766926555
0.6820820319491097,0.0028131365706804,0.0006687218559823068,-1.1329241050236517e-07,1.003409585051229
0.6803814086499234,0.0051788085387801,0.0011485064814758,-1.262435824423055e-06,1.0034296711071924
0.6799362334417779,0.0073050363740091,0.0015204994140379,-2.1170961659278013e-06,1.0034370932511
0.6834554414438562,0.0029696562597719,0.0007021708329481243,5.060542939324784e-07,1.003389256507039
0.6842868983416369,0.0018045600464802,0.0004404327136513378,2.1564242802367138e-07,1.0033794915567222
0.684472566486818,0.0011852049534641,0.0002940790242313335,1.0773182263804025e-07,1.0033768759755617
0.6856645931959898,0.0006780875063602475,0.00017044218229190835,8.0584342737002e-09,1.003361528396963
0.6858508149550988,0.0011679247419739,0.00028985652655155394,-4.714720327206661e-10,1.0033591655439518
0.6870628438819595,0.0006776361490747132,0.00017034522452614165,1.3934507240691182e-08,1.0033433819697402
0.6747979194750373,0.0328352306057051,0.001498930547229,1.5459163128080724e-06,1.003500902190113
0.6761083804106124,0.034304470332167,0.0012455879984419,9.304188506616168e-07,1.0034847120827566
0.6779799281329394,0.0370334879740761,0.0007004693680830393,4.516711121416562e-07,1.0034612185871234
0.6772994282599968,0.0357331095497844,0.000971744569511272,9.423028797502344e-07,1.0034694677597484
0.6803054617318613,0.0380077646737611,0.00048363451068859296,3.065487888161957e-07,1.003430543538628
0.679433559251203,0.0371501971735213,0.0006753309951834041,1.5771399171583908e-07,1.0034419926705074
0.6827259341750228,0.0387832983510597,0.000301409599351831,-1.1340028398995518e-07,1.003399291337464
0.6828669101724967,0.0392984852934462,0.00017606727951817523,-4.0755940475578446e-08,1.0033974202811855
0.6817671507751791,0.0379726843257106,0.0004918439087280179,-3.640219688232935e-07,1.00341179455522
0.6841021744832703,0.0387625502764825,0.00030628767748666646,7.1476755092736704e-09,1.003381820652703
0.6842656180335411,0.0392969571033454,0.00017638803309241906,-1.0440964355071855e-10,1.0033797158106672
0.6754420614540968,0.029891140910346,0.0019265002015885,-4.551461599236516e-07,1.003494410951493
0.6760353902419137,0.0275374024164421,0.0021917392362807,2.696689941382422e-07,1.0034867627412298
0.6767722431007117,0.0252132562160906,0.0023799705856011,2.5575783456826362e-08,1.0034762222961542
0.6775137069495326,0.022867541274552,0.0025009150070523,6.720537923410604e-07,1.0034674816507778
0.6783394909680801,0.0178048100492553,0.0025214174974325,-1.3254513391348774e-07,1.003455745640171
0.678387676888467,0.020355518967584,0.002554313598324,4.086047292158926e-07,1.003458307566986
0.6788546980652974,0.0158011650615513,0.0024413444030339,-2.626306681367041e-07,1.0034508179069712
0.6799583702536843,0.0170921948165103,0.0024973035420639,1.1203054390826425e-07,1.003434594060199
0.6797458006086243,0.0137174570847621,0.0023013880241075,-5.862060558962685e-07,1.0034378172290912
0.6807601059617772,0.0121543204527741,0.0021590017221361,9.234102946878185e-08,1.0034272939871691
0.680725301013525,0.0097576555954752,0.0018822221929231,9.046598466766888e-07,1.003426464318144
0.6823164015603125,0.004532759904778,0.0010259594457878,6.244026036677172e-07,1.003404679795758
0.6816521568948936,0.0070039790520587,0.0014723953386279,-2.0710005896887132e-07,1.0034103071844074
0.6843082738155015,0.0042934245344844,0.0009780961742210691,4.683270276912838e-07,1.0033809347114782
0.6850385401941522,0.0027979408864664,0.0006644798726086746,-5.356518710934047e-08,1.0033705432172424
0.6856924886469916,0.0017708386438714,0.0004325912850128325,7.209498538847307e-10,1.0033615022844986
0.687256687348091,0.0011501895486073,0.0002856369531817424,3.075917471314022e-08,1.0033409312259625
0.6884611676932011,0.000680305750270237,0.00017090761586470196,3.4646812940145974e-08,1.0033257252170773
0.687043711107156,0.0017087201955609,0.0004182293573541736,2.5533357633111265e-08,1.0033437958904514
0.6886515658346869,0.0011595523441375,0.00028779460344810346,5.4126579470509696e-08,1.003323215270704
0.6898595974847206,0.0006848813355342558,0.0001719872153122914,-2.427002824570687e-08,1.0033081992876145
0.6767849017788574,0.0319439241994313,0.0016369978150397,-2.998900120715507e-07,1.0034728816508494
0.6780427767472309,0.0338424109172997,0.0013274743862839,3.306188802627891e-08,1.0034592596034595
0.679225598399057,0.0357093962457831,0.000977430740942189,7.983137580235581e-07,1.0034462666052038
0.6809017412762477,0.0367250981987881,0.0007679007280754752,2.0205340545071645e-07,1.0034231085827017
0.6830760240880042,0.038106653924054,0.0004608193723012693,2.1207216351945358e-08,1.0033942975520962
0.6823160946164795,0.0371970399894303,0.0006653816171140506,-3.83350067565188e-07,1.0034035774070569
0.6855296209098775,0.0387928400104078,0.0002990463666100673,-6.788651263154523e-08,1.003363789338964
0.6856643129012542,0.0392966509154675,0.00017644540013272557,-2.3126121317793865e-08,1.0033620688445395
0.6845639613783053,0.0380136351763913,0.0004821628075838033,-1.791042993106703e-07,1.0033766515168951
0.6774897252818665,0.0293280443748579,0.0019972798780904,6.337395586665134e-07,1.003466346824908
0.6781968441420999,0.0270766980169954,0.0022343287240971,5.954670743331909e-08,1.0034577693843183
0.6789164345247523,0.0247842163595299,0.0024073882723461,1.409678173531008e-07,1.003448320115522
0.6796002195619333,0.022525703696072,0.0025115677399809,-5.033815341756341e-07,1.0034387337681598
0.680152692485886,0.0188371964005415,0.0025402810073339,7.313911255909742e-07,1.003429198546537
0.6804462393986723,0.020673451414264,0.0025490585576511,6.546692350415031e-07,1.003429636224837
0.68086178926226,0.0155623642918642,0.0024275060391565,-5.296842609441371e-07,1.0034228312180171
0.6815831805022405,0.0174555252158116,0.0025098838509941,-1.7285147659563764e-07,1.0034123074010253
0.6819293076913256,0.0135712691735065,0.0022901976586006,-1.9388848168885798e-07,1.0034122618495926
0.6825679824336987,0.0114322256846322,0.0020831230956122,3.33903424935066e-07,1.003401613910202
0.6828603556320969,0.009038990183563,0.0017827989535118,-5.064325728547658e-07,1.0033973986125913
0.6837190507378219,0.0063952315437531,0.0013695085242481,4.331354946468482e-07,1.0033882961968974
0.685339715448318,0.0058735105044893,0.001278145262204,3.20472240989917e-07,1.0033669897919375
0.6859392397153142,0.0040061088817201,0.000919782616209881,-2.572775667686488e-07,1.003359964873317
0.6864489590729638,0.0026002718374749,0.0006213371694584012,-1.0154849707601045e-07,1.003352380256272
0.6884112057037034,0.0017301571666927,0.00042326581229814144,7.055407044600136e-08,1.0033256298373516
0.6876625057219805,0.0024951544124976,0.000597881685381208,1.3087950622405853e-07,1.0033353166631156
0.6899946953048341,0.0011797674901908,0.0002926579246705424,-7.021822982014301e-08,1.0033065627408475
0.6912581264696714,0.0006903757667281189,0.00017358032556574038,-8.744395188894343e-08,1.00329079787342
0.6897037869746483,0.0017706280449343,0.0004325805021758592,-2.8034517180691273e-08,1.003310390141097
0.6788734968579481,0.031267343634087,0.0017383110264054,1.563767960095898e-07,1.0034472074692216
0.6800119306937481,0.0335283488990584,0.0013813814894297,-1.8474030585985358e-07,1.0034330579482804
0.6809108921368316,0.0352064608626504,0.001073018300554,-3.063261768460141e-07,1.003422782532772
0.6823534538130153,0.0358169061585112,0.0009553046083372426,-6.574782536575672e-07,1.0034027839632402
0.6869520132379804,0.038771217933928,0.00030416230771710827,7.571039223076187e-08,1.003346216745127
0.6870629532771998,0.0392970174761109,0.0001763523828554928,3.675503710686496e-08,1.003344860171961
0.6837622975516896,0.0368526424684448,0.0007410635292180533,-3.3993627143279623e-08,1.0033866869300467
0.6858143046705734,0.0382068908988603,0.0004376510166530289,1.0616251617418673e-07,1.0033596143607637
0.6851519586557927,0.0372599263217957,0.0006517674778608351,-3.17222424197061e-08,1.0033687421504385
0.6796086851449082,0.0289086324789601,0.0020461271732475,9.495244251581976e-08,1.0034396378145116
0.6803481341685459,0.0266561611546357,0.0022711086626985,8.328231145504175e-08,1.0034297711019506
0.6810674592427319,0.0243657089528509,0.0024313918363074,-4.3087859001676964e-07,1.003420408537856
0.6818227055726007,0.0219880517455763,0.0025289825447176,1.5757632889691605e-07,1.0034123625859752
0.6822679024867202,0.0196607522028476,0.0025518064761387,-4.407905403232155e-07,1.0034031507473655
0.683378576529165,0.0178820900391194,0.0025214364106321,-1.0982823446410497e-07,1.0033898980944085
0.6831863290511794,0.0156594026222307,0.0024337036395124,3.941998184570785e-08,1.003393305152278
0.6913532680694868,0.0011969003990506,0.0002971213461139844,-1.777637964607861e-07,1.0032894952531992
0.692656720572902,0.0006958247197983025,0.00017496102731149465,7.750600868798935e-08,1.0032722504680371
0.6840566635064834,0.0132217953422999,0.002261181007703,3.786084796181808e-07,1.0033823368801775
0.6847308307036438,0.0108707748435475,0.00201868441901,3.171356672310595e-07,1.0033726865213028
0.68500490730142,0.0083607939515167,0.0016847500637646,1.0382741940460382e-06,1.0033706407478216
0.6865020606836343,0.0073106655059146,0.0015203562203128,-1.1944674451551827e-06,1.0033531225793408
0.6870424765328843,0.0054044974331551,0.0011916337433075,-1.4654335387720763e-06,1.0033467017779003
0.6874614456288458,0.0036241450961471,0.0008413755370529761,-5.055595986200954e-07,1.003339032521532
0.6889411971265005,0.0028935800947978,0.0006872111432754387,3.482754900214121e-07,1.0033196741803705
0.6910759102902714,0.0018039945954862,0.00044073046194088086,-4.4075206487568166e-07,1.0032932814122384
0.6903289449208163,0.0025992871685434,0.0006213953025619686,-4.914735421803165e-07,1.0033040570953256
0.6809675424717206,0.0310541123092007,0.0017697599386366,-1.373720073714163e-07,1.0034206404897434
0.6821980921928319,0.0335189766766092,0.0013840326062893,2.0759752417782406e-07,1.0034080464993795
0.6838545520129373,0.0349447242233468,0.0011253290794615,1.4660393002269677e-07,1.003385261633699
0.6883314569004035,0.0387832953572269,0.0003014142038717673,8.74095080829387e-08,1.003328416712183
0.6884615489386442,0.0392972793861648,0.00017642425904326205,3.8861410228068e-08,1.0033266700854333
0.6873846425358732,0.0380273513055907,0.00047883174503882,-8.927961809801638e-08,1.0033411821858105
0.6852321628645801,0.035862386279669,0.0009459746761453386,-1.2602199820068718e-07,1.00336747454886
0.6866086657747138,0.0369758408221903,0.000714672658071973,-2.058461176017012e-07,1.0033506500671576
0.6817869883197831,0.0285498296726993,0.002086838400877,7.313803003926554e-07,1.0034107611611514
0.68251201782647,0.0262504287334345,0.0023039589094009,-1.7307098597772314e-07,1.0034021652919485
0.6833070699831617,0.0238463903724202,0.0024589808468907,6.276912999557598e-08,1.0033925787085218
0.6839141414948907,0.0214757422068127,0.0025393631548175,-5.188341766055866e-07,1.0033843187770373
0.6845777816105433,0.0193132114484552,0.002549268648653,-3.40121578404944e-07,1.0033775189169
0.6851824663188352,0.017145114173897,0.0024995318014296,9.569270326596817e-07,1.0033677330007784
0.6856223704884994,0.0148434406496574,0.0023840152511359,4.3096510882185167e-08,1.0033631838387649
0.6927689438597281,0.0012030004841606,0.00029846243301629886,1.876813970075871e-07,1.0032707068799906
0.6940553041455804,0.0007007266967652115,0.00017585301344879786,8.272365109138319e-08,1.0032544600270097
0.6924155939946542,0.0018002123368318,0.00043987740287763113,3.893419079173288e-07,1.0032755269851206
0.694202259770778,0.0012224822624624,0.000302706428498222,1.9745923009799441e-07,1.0032526997672646
0.69545386234274,0.0007062733070461581,0.0001770308183865373,3.175330576015092e-08,1.003236829332706
0.6863567020154228,0.0124220451124854,0.0021879331811451,-2.3864731345859443e-08,1.0033542213231998
0.6869658797723243,0.0097630153660425,0.00188218935669,4.1187712766985193e-07,1.003344129739869
0.6881573243632247,0.0071515102743694,0.0014943782742817,-1.20563910491997e-07,1.0033267371621026
0.6886905980678586,0.0048623903983157,0.0010905058115497,1.039304083217853e-06,1.0033222495162162
0.6902555307636851,0.0039392099537143,0.000907100943729638,-5.209962943197059e-07,1.0033062005354247
0.691662760577808,0.0029241958900552,0.0006933553765814417,3.430472636615406e-08,1.003285445290248
0.6854821655590873,0.0337620985360937,0.0013407161861476,-4.395343285288338e-07,1.0033634904402045
0.683264736614975,0.0307068765153336,0.0018197129065419,8.213707204192176e-07,1.0033915560682607
0.6841383488581407,0.0327338689227024,0.0015106235223857,-1.4891327435069005e-06,1.0033815866358753
0.6896948728146195,0.0387837092517194,0.00030142506402543466,-1.2494813844015272e-08,1.003310845376565
0.6898601427435868,0.0392971988241153,0.0001765020682027377,-1.1652124062299118e-08,1.0033086345109885
0.6886106361558403,0.0381780706449765,0.0004443605066404307,3.539915794599751e-07,1.003324516911481
0.6880090689600624,0.0372720350060076,0.0006488438421087293,6.336738406535431e-08,1.0033332702048106
0.6868326795280177,0.0350392689459483,0.0011067641519022,-1.4260918643153158e-06,1.0033462064727414
0.686952681972161,0.0330037274492814,0.0014668405217606,-4.679382753652314e-07,1.0033425240717186
0.688127523473363,0.0359583216829694,0.0009254624310633596,-5.462373460260269e-08,1.0033314178099333
0.6841161739004099,0.0283211078818481,0.0021111380270428,-8.186392507739429e-08,1.0033822892336142
0.6848082376512955,0.0257852746547622,0.002339887915207,2.983564421037676e-07,1.003372870845296
0.6854971069433152,0.023355182674793,0.002481170149705,-9.777309509569781e-08,1.0033641074127442
0.686077911354598,0.0209963059565624,0.0025470877394433,-1.1513762390702984e-07,1.003357696517278
0.6866516347988015,0.0187199354602859,0.002542338057749,2.508215557102762e-07,1.003350424713943
0.6872174339640348,0.0164338526510348,0.0024712281775549,7.307094831861181e-07,1.0033415161986978
0.6878580541026279,0.0140913839993677,0.0023309596100628,2.394240514102425e-07,1.003334182174782
0.6937889225010921,0.0018933743618753,0.0004608566775299487,3.055042196046754e-07,1.003257209913106
0.6930775980445324,0.0026436908274999,0.0006308453590648657,8.073320988539756e-07,1.003266503849945
0.6955800902604455,0.0012229368461638,0.00030264327338235707,5.6254093364263497e-08,1.0032354432159816
0.6968525351570646,0.00071296618823426,0.00017871592852995374,-5.216545606466994e-08,1.0032200770435191
0.6952986410309575,0.0018446711260348,0.0004493617851480974,1.577528953301472e-07,1.0032392471717693
0.696957230834664,0.0012272319107223,0.0003038258320376261,-1.4693012244619644e-07,1.0032187229180318
0.6982514554393179,0.0007183133416753982,0.0001802526699338528,-9.299115888236941e-08,1.003202778100802
0.6885870088742615,0.0117071221212112,0.0021144907101582,1.7285662199919838e-08,1.003324890902591
0.6893683404499572,0.0091050221172376,0.0017918674042322,-3.722403981202219e-07,1.0033157324686182
0.6902856139920106,0.0061613995377107,0.0013299043234073,4.961164424829894e-07,1.0033039656642166
0.6915544172422173,0.0044643943696794,0.0010102670331128,5.204896212209053e-07,1.0032854859604734
0.6929646683580458,0.0039707830136224,0.0009122102983045206,1.2076694684422464e-06,1.0032667321139408
0.6857803332422671,0.0308670544979395,0.0018017318282445,5.285771852182758e-07,1.0033621398933497
0.6911242632977627,0.0387975819201975,0.0002979860507035295,-1.0146326817876313e-07,1.003292235038236
0.6912587638628515,0.0392970987641098,0.0001764231928114628,-4.3969348924730816e-08,1.0032905499338702
0.6900659769490831,0.0381258996569545,0.0004563955983576322,-2.053355671412372e-07,1.0033060345422564
0.6894053292821999,0.036966756696618,0.0007160606259828331,2.3444306699621242e-07,1.003314777606681
0.6925499032128988,0.0387711944709681,0.0003042009471531861,2.2301217219268096e-08,1.0032744146713843
0.6926574053944096,0.0392974077118116,0.00017628904384805991,1.2734481146785108e-08,1.0032731636383436
0.6878926416108357,0.0315408905421857,0.001702669764243,1.5221793942003527e-06,1.0033391011805204
0.6886637252519926,0.0339397105600505,0.0013108079619976,2.701928117130652e-07,1.003323276795558
0.6895488514810589,0.0353089007704935,0.0010533257397982,8.237374030674263e-07,1.0033135194732683
0.6863303663469261,0.0277049559390604,0.0021763097388514,9.844434110316056e-08,1.003354179316207
0.6870549682772946,0.0251853006898056,0.0023814710755425,8.111664609654566e-08,1.003345053209414
0.687662021149364,0.0227361069387151,0.0025051622343485,-1.391935519070087e-07,1.003337417088023
0.6881647821292879,0.0203775984664544,0.0025530410191718,2.741553211366528e-07,1.003330996125001
0.6886899005731887,0.0180535645156755,0.0025285767360745,1.9816087653966586e-07,1.0033236823750948
0.6893055535704832,0.0157483707633792,0.0024373912220337,4.909761406981087e-07,1.0033149725878951
0.698379475212794,0.0012443094743834,0.00030816642746753063,-2.433134874349131e-07,1.0032007950048747
0.6996505418061355,0.0007190786493628701,0.00018079205939826567,-9.208840499640167e-08,1.0031848934566772
0.6900592556629848,0.0133938888090613,0.0022750376852809,2.2147117095639678e-07,1.0033056018010085
0.694472347738911,0.0029977857322155,0.0007088801324111769,5.544462260131155e-07,1.0032492959607398
0.6967096340595496,0.001843409221689,0.00044936185146229125,-2.4410474819846293e-07,1.0032215918258591
0.6959285934644045,0.0027600279049927,0.0006563519584085047,-2.5411609236065494e-07,1.003231913922808
0.698003452750469,0.0019069984474421,0.00046433474110335534,-2.786535351878074e-07,1.003205947882606
0.6908314872762861,0.011053100339873,0.0020420124517354,4.3068945338471546e-07,1.0032963714330805
0.6915860555060659,0.0082214688780792,0.0016620779492774,-9.67966397729647e-07,1.0032864630152505
0.6923510847140562,0.0058966916572001,0.0012820545357144,6.835209665579764e-07,1.0032784617130304
0.6941548844747859,0.0049249563748797,0.0011023169856586,5.183708696493035e-07,1.003254321315142
0.6880655510756003,0.0291629101970108,0.0020132199935487,-6.46967307306211e-07,1.0033300958753235
0.7001949478730282,0.0012893079008951,0.00031941090461608035,-1.7920385098076897e-07,1.0031780722681995
0.7010495379655935,0.0007144949185069508,0.00017979374632164422,-4.3219742063332205e-09,1.0031666883315782
0.6914498003795608,0.0382023689477176,0.00043866071413670816,-2.4815657017778383e-08,1.0032877449224389
0.6907881463087562,0.0372356137727808,0.0006570032285938274,-4.037417366475304e-07,1.003296234711452
0.6908128226655122,0.035845221064688,0.0009493476332006208,-3.161886705748111e-07,1.0032942281248778
0.6939248555158998,0.0387601655949884,0.0003068748515729696,1.990196116836544e-08,1.0032565985891064
0.6940560433266614,0.0392981732245334,0.00017611413541979506,-5.1310732512805475e-09,1.0032549932076704
0.6929862936051774,0.0380077178472406,0.0004834357768453606,-1.1642851559927217e-07,1.003269241776951
0.6895409383323344,0.031301452575435,0.0017376118686296,2.2374171473774374e-07,1.0033103815563822
0.6907192000377679,0.0336131668559586,0.0013677634762606,5.755416594787415e-07,1.0032988927830095
0.6886550903063701,0.0269113730363224,0.0022488850883818,-6.224210781776191e-07,1.0033251447174794
0.6893146110568642,0.0244589940743156,0.0024253724538673,-9.74014638135084e-07,1.0033160456224433
0.6898201086404744,0.022061276267341,0.0025266345568841,5.524871132079854e-07,1.003310078553753
0.6901407295808757,0.0197350761974238,0.0025534960200659,2.789364428458933e-07,1.003305385643188
0.6907468317497866,0.0173357055397875,0.0025076737226267,2.412756976740327e-07,1.0032974303528912
0.6915136422055945,0.0150278672200254,0.0023951008207094,1.8891060223623426e-07,1.003287049825072
0.6993750747404252,0.0020743206500627,0.0005034484358337473,-6.06901489709511e-07,1.003188224325906
0.6923026832647011,0.0126828512542163,0.0022122905553763,3.3790910493412136e-08,1.003277278850284
0.6958425480890621,0.0040849238586884,0.0009360937810605876,-5.669729742283854e-07,1.0032349256394282
0.6973197964035425,0.003029349586336,0.0007168952020849122,-3.99063760029193e-07,1.0032147256297
0.6986995133488356,0.0028057131054128,0.0006672729861060392,-6.271679385114393e-07,1.003198785661111
0.6929674962716891,0.0102506825662306,0.0019431898120711,-9.286770307274464e-07,1.0032664740668678
0.6936308981188893,0.0072966375551185,0.0015208755417007,1.5237337048545067e-06,1.0032610179656771
0.6953457878936419,0.0062307335520052,0.0013429724513198,-8.14450944821539e-07,1.0032425168179868
0.690212348087773,0.0286628038763832,0.0020726464512572,9.498448419210952e-07,1.0033021521766068
0.7008804728923911,0.002119990650348,0.0005135061820409876,2.3054293914371305e-07,1.0031689660935108
0.7015199259729838,0.0012751294363004,0.0003161329391447943,8.002581480718987e-08,1.0031603526003046
0.7024482425157976,0.0007071492540220117,0.0001778919513861535,2.392944664150707e-08,1.0031476488368174
0.6953025075504725,0.0387796727646657,0.00030225406978926016,-3.9058501884555894e-08,1.0032393816767202
0.6954546503551625,0.0392993192496963,0.00017580663761233655,-7.464634041121951e-09,1.0032373474907408
0.6921580621884881,0.0369118589173921,0.0007283733534974352,6.977674774695779e-08,1.003279638068827
0.692280731387935,0.0350099134687047,0.0011132285123982,6.850699341307363e-07,1.003277687860283
0.694362465681399,0.038018045901064,0.0004813003446302121,1.3481134794966358e-07,1.0032510679104212
0.6936057860743934,0.0371834179959766,0.0006687288019207943,1.800034267318801e-07,1.00326112736852
0.6916921639300367,0.0308892334210215,0.0017958502270619,7.273577362799742e-07,1.0032848213223728
0.6926348030754648,0.0327755240746753,0.0015047229997557,-4.04733674135465e-07,1.0032737628131332
0.6909390261754061,0.0262716332892417,0.002302331340424,-1.0779897775079577e-07,1.0032954618622012
0.6917564517892155,0.023588046663688,0.0024727467304961,-1.1736293518375549e-07,1.0032862477834124
0.6916424620602563,0.021173991163045,0.0025459554584987,-2.347849424942877e-07,1.003288094375289
0.6932906130320892,0.0220299387825984,0.0025254561724176,2.53672411935388e-07,1.0032647467462692
0.6922069612106737,0.0189071673536301,0.0025454730614582,-3.654004591401636e-07,1.003279985592611
0.692956848241324,0.0166162743732757,0.0024799074313159,-9.149555392062487e-08,1.0032698897398469
0.6937770837872571,0.0143353910155991,0.0023485557889255,3.173144385023699e-07,1.0032592251788797
0.7000477790797397,0.0033124311019934,0.0007766643653243096,8.876375844667416e-08,1.003178666372386
0.6946024971431265,0.011941030615341,0.0021392946142668,2.322203573653365e-07,1.0032488924093406
0.6970827667338133,0.0050282517366378,0.0011215434445057,-7.05917278362683e-07,1.0032174354645724
0.6985956674024959,0.0042084144437558,0.0009624236191372054,-8.401039390570368e-07,1.0032001036678686
0.6954171980340859,0.0091112443437895,0.001793897744434,-9.146972519136354e-09,1.003237436104759
0.6968322594397579,0.0070622662924096,0.001479105698491,-2.2847194561053687e-07,1.003218665812902
0.692487916885783,0.0283602320640193,0.0021054351451854,1.7351227172594424e-07,1.0032749137437376
0.7017468097579731,0.0030143905460855,0.0007117680938538922,2.745614825936567e-07,1.0031577396157632
0.7023128323595801,0.0020635542435667,0.0005003897390219075,4.859391155692256e-08,1.003149707703827
0.7026171543659546,0.0012678631365815,0.000314283649103184,6.838220292899334e-08,1.0031454518855545
0.7038466537749741,0.000700680845915769,0.0001763111057609954,1.3486315426394406e-08,1.0031290515658984
0.7040397902259431,0.0012098216313581,0.0003002744166575115,5.761020078069645e-08,1.0031266463495976
0.7052449485307157,0.0006977968129450747,0.00017539467220656322,1.0425822799283689e-07,1.0031104889924485
0.6967271095550772,0.038783393304409,0.00030148643147790945,1.9619592809740661e-07,1.0032218842367389
0.6968532254229861,0.0393001926096903,0.00017576817418293658,9.343901621516377e-08,1.0032202102847076
0.6956202071356544,0.0381575719415956,0.0004491557304920458,1.7527231248292835e-08,1.0032352630481014
0.6981472859561847,0.0387868896135806,0.00030082853374036126,-1.0791373556689133e-07,1.0032030441934472
0.6982518146594202,0.0393005095696201,0.00017576589775077645,-5.1725650209066264e-08,1.0032016673106603
0.6937093540500685,0.0358266478164581,0.0009533312272582536,1.2692474939011997e-07,1.0032599785029337
0.6939167825506937,0.0337547479775548,0.0013425500184143,-2.7507055431086252e-08,1.0032551016423314
0.6950140179434571,0.036973919632562,0.0007153561706291898,-1.872515340877385e-07,1.0032430568798032
0.6942297191583978,0.0309023271466237,0.0017970365748701,7.176020090506038e-07,1.0032555566279309
0.6932505900571089,0.0258299439670382,0.0023354986355364,-7.84437717381635e-08,1.0032646129258185
0.6940514089424573,0.0236793302852024,0.0024668220096228,7.411853108986587e-07,1.0032563141203192
0.6936185182100757,0.0202434162959364,0.0025519335410184,-7.375833967402495e-07,1.0032600945881056
0.6950514517010032,0.0217979578830328,0.0025315121750545,4.432071591227814e-07,1.0032402137611702
0.694389669630041,0.0181861513506112,0.0025316740562958,-3.723450277280224e-07,1.0032509333938344
0.6951925313133388,0.016009819286774,0.0024516061387331,7.366220589423488e-08,1.0032409388282697
0.696032889077901,0.0137797025108973,0.0023062814462316,2.1225733841830733e-07,1.0032296846245117
0.6998284928542277,0.0047206651622366,0.0010607704572685,8.416772737483361e-07,1.0031794732152783
0.7011199332189005,0.0044671667016674,0.00101189590083,1.2147712844415253e-06,1.0031627341786893
0.6968777818224052,0.0115441163640367,0.0020954221687065,-7.321826280656078e-07,1.0032183457423078
0.6986456030763329,0.0064965676596848,0.0013871960534938,2.807024181542527e-07,1.0031955649429596
0.6977924865073583,0.0092181257691127,0.0018082184770834,7.378365064076009e-07,1.0032093173644645
0.6947399780436188,0.0277125691586905,0.0021735985632178,-1.9387924843119706e-07,1.0032467007231718
0.7025788085548116,0.0043117379174626,0.00098116381109497,-5.645234341664818e-07,1.0031474531790134
0.7032104682082334,0.0028884812884185,0.0006848449448058918,-1.1779625184919467e-07,1.003138218410798
0.7037652426690465,0.0019158836379617,0.000466621482234163,3.4357392749455976e-08,1.003130346326038
0.7054440214988414,0.0011875558012132,0.00029462594572840186,2.529220146313684e-07,1.0031079020296687
0.7066434029040173,0.0006987197889959001,0.00017523174370444146,1.0651700987733128e-07,1.0030928423830905
0.7051991713986377,0.0017636397643872,0.0004311009735266787,4.500741010759749e-07,1.0031111614124402
0.7067982535991688,0.0011964570013584,0.0002962808178637993,2.3874179813247266e-07,1.0030909192990458
0.7080421544765081,0.0006994527980385219,0.00017510088845353416,6.074600855411737e-08,1.0030752882931313
0.6970255835064268,0.0381592962591839,0.0004489867772376877,4.01872293586818e-07,1.003217876684612
0.6964072077698735,0.0373155261328553,0.0006396474477514905,3.519086317403563e-07,1.0032263751869377
0.6995287525442015,0.0387767906734882,0.0003028687586947567,-1.7175806272552198e-07,1.0031853581119126
0.6996504284503268,0.0393010849159891,0.0001753445495534023,-8.445850407419147e-08,1.003183942821993
0.698525965538611,0.0380818097196407,0.0004668083074989288,-4.793422739671483e-07,1.0031982319181216
0.7008985424776027,0.0387818331625346,0.0003014247447329774,-1.009183923838471e-07,1.0031682020300725
0.7010490103321494,0.0393020792166495,0.00017488281177846778,-3.6980672606442814e-08,1.0031663491443517
0.695243905260366,0.0350523205085977,0.0011045409767096,-9.72916569858593e-07,1.0032391760967216
0.695402182371929,0.0329617548502694,0.001475268216785,2.2494592298787967e-07,1.0032340451966455
0.6965418110756635,0.0359632664750216,0.0009257503413056464,3.873114084844384e-07,1.0032247737702862
0.6962580520383757,0.0315784587900696,0.00169606301043,1.136875027598647e-06,1.0032317850279482
0.6964436974309178,0.0292138077266577,0.0020056270513795,-5.54101795251449e-07,1.0032229149178986
0.6955309952548321,0.0253736996823896,0.0023683146000648,2.872367951686187e-07,1.0032381404216688
0.6963493664566319,0.0232676599658629,0.0024848547063988,2.6061124887691445e-07,1.003227253655152
0.6957837137202407,0.0197128417331207,0.0025520657469633,-8.619732822042262e-09,1.003232203344315
0.6971508713238025,0.0212224793536626,0.002542082045219,7.538028764541352e-08,1.0032155648505814
0.6965744292405157,0.0176336541606555,0.0025172032823974,8.374922780995497e-08,1.00322237010204
0.6974133684863206,0.015515781869512,0.0024248751683792,1.6770445688500214e-07,1.0032117315690643
0.6982817163390339,0.0133675926147135,0.0022717089237271,-3.450100418103022e-07,1.0032005918721278
0.7005536045704953,0.0063497953759138,0.0013613603409932,1.5548845298310357e-06,1.0031739296932665
0.7019422208110303,0.0058687988799749,0.0012762604889012,8.476770935152731e-09,1.0031567730046225
0.699103575426836,0.0112226998117081,0.0020602063603415,-5.8874442327607876e-08,1.0031912161568557
0.6998339440261817,0.0088884548377277,0.0017607888164054,-5.146478438779015e-07,1.003180345038585
0.6970563621413309,0.0270449205993147,0.0022354207077928,-5.212516964677678e-07,1.0032185000541147
0.7033788276160228,0.0060681581697289,0.0013110623192123,-2.33369006813443e-07,1.0031349005386927
0.7040903545787119,0.0041735372290599,0.0009536576920012132,4.095730798294637e-07,1.0031258862840615
0.7046317087203033,0.0027516544100087,0.0006549956909474154,6.393299957979232e-07,1.0031193783045038
0.7065361018363091,0.0017924407208598,0.0004372721596846288,4.4716573904454906e-07,1.003093830125897
0.7058252709378154,0.0026325574543236,0.0006280297835629859,1.054847193277628e-06,1.0031024731597271
0.708173831528558,0.0012046362816785,0.0002978709095737837,1.0486866230010016e-07,1.0030737745410152
0.7094410115982245,0.0006962878666459609,0.00017443043507908023,-1.3239999456895314e-07,1.003059066697185
0.707822077518621,0.0018555426183213,0.0004514594796285336,3.1389306378491415e-07,1.0030781052880668
0.6978468493378843,0.0369369965192328,0.0007230624538772023,1.1068946473670637e-07,1.0032072839730344
0.6999826145348317,0.0380176323669057,0.0004810805554856463,-3.073093150638602e-07,1.0031795246523736
0.6992420332466495,0.0372044421128004,0.0006641982236747805,-8.838680773806507e-07,1.0031877828814726
0.7023241775864921,0.0387881340564674,0.00030017968483348525,3.649959086719875e-07,1.0031514252215663
0.7024475202307535,0.0393026638210415,0.00017501989181144218,1.6388417585413877e-07,1.0031499923705098
0.7012278008742201,0.0381603645800783,0.00044818301477151176,7.670817646683444e-08,1.0031643190039394
0.7037386630105767,0.0387939170320007,0.0002994590196166088,1.9481820642469546e-07,1.0031329456081794
0.7038459801239985,0.0393019422070056,0.00017562796554791338,7.352538278764784e-08,1.0031315349007264
0.6969799192820866,0.0337632340003409,0.0013428381218261,1.8423126866330036e-06,1.003216399565558
0.6979699009985872,0.0353676796107715,0.0010428822459073,4.974796444902217e-07,1.003205097765249
0.6982347419485474,0.0310511702264561,0.0017717625088099,-3.7568023399169547e-07,1.0032032968519733
0.698557013722387,0.0286648701693695,0.0020703575735426,-7.168146391671846e-07,1.0031958745230531
0.6978217872844236,0.024838751121072,0.0024037249365491,1.9820336472867877e-07,1.0032080970095043
0.698581010225645,0.022712002680206,0.0025052479748086,1.1449173289219833e-07,1.003198398583148
0.6979181433386228,0.019194239248379,0.0025485971399486,4.519109591129346e-08,1.0032054506794383
0.6992215424964038,0.0206500909646299,0.0025489908092878,1.9200887485878198e-07,1.0031899556863877
0.6987432318699253,0.0171864956109162,0.0025025621959551,3.0285005296468897e-07,1.0031944090693032
0.6996122554273198,0.0151279829708286,0.0024012148518426,-8.237423611906536e-08,1.0031836055118724
0.7004639906975328,0.0130125636161536,0.0022407072909178,-5.5739366686077104e-08,1.0031734115250392
0.7020799300949209,0.0081471362351018,0.001653200182749,6.441212801345583e-08,1.003152554899841
0.701290334055011,0.0108567482959403,0.0020186381816434,2.8302975836790546e-07,1.0031632085711415
0.6992981241935331,0.0264243493575929,0.0022900571745927,2.3549271997529458e-07,1.0031875836905764
0.7043283902768144,0.0080456046536472,0.0016368622411011,-2.0283268681684582e-08,1.0031246424688849
0.7050928343277983,0.005662206233587,0.0012383642761629,5.431559997279886e-07,1.0031122521858349
0.7056590754078423,0.0038504518867414,0.0008878470216798738,1.2629459280974515e-06,1.0031054560830956
0.7071002973259839,0.0030046004896209,0.0007100815433780055,7.765064521438552e-07,1.0030870965102283
0.7096089130241516,0.0012364448440152,0.0003058250833591959,-3.425478040191567e-07,1.0030567999739086
0.7108397152061616,0.0006905957494622004,0.0001733903530048448,-6.399735521210714e-08,1.003041418468062
0.7092001858624397,0.0018449968951651,0.0004493612176356728,-4.318984831527669e-07,1.003062270769101
0.7085310049637473,0.0026828084812272,0.0006387915577532166,-1.353231287484123e-07,1.0030713801477014
0.6993151351309868,0.0358346743090479,0.0009521634176322926,-1.3060958828322666e-06,1.0031846518216323
0.700646167482197,0.0369126105665841,0.0007283131842897036,-3.0367463596766854e-07,1.003171671829015
0.7026166331764659,0.03816883842054,0.0004467756438057352,7.821241415005066e-07,1.003147807916268
0.7019961559064869,0.0373131484053582,0.0006402708051050577,1.1210928208837145e-06,1.0031562358941477
0.7051147996707225,0.0388042849639052,0.00029723195313672,1.2420205488902405e-07,1.0031152174792173
0.7052444537337227,0.0392996288549767,0.00017640129404147213,5.087183662523811e-08,1.0031134830471615
0.7039990622491511,0.0381909975325116,0.0004421749236785109,2.418365172349068e-07,1.0031296213535692
0.7064893096960488,0.0387858919598719,0.00030171327139958147,-1.0640797084456049e-07,1.0030969124339284
0.706642999788872,0.0392963007685953,0.0001772304822271697,-5.214723816226612e-08,1.003094851412462
0.6992664000136193,0.0336824616763008,0.0013573090422077,9.392361148606356e-08,1.0031884305742802
0.6999646103473877,0.0306618455826261,0.0018250655294886,-2.1042937157702667e-07,1.003178367067534
0.7006813629865533,0.0280154285549488,0.002142827455215,9.532306270968592e-07,1.0031695756828318
0.7001219528187566,0.0242148426780536,0.00243955032127,1.566843136058339e-07,1.003177593258651
0.7008213420941584,0.022078924518586,0.0025231878678163,-1.9793872944418774e-07,1.0031685146706584
0.700034768927856,0.0187760163480173,0.0025435781002956,4.034830213688064e-07,1.003177895557081
0.700965067214672,0.0202067097024302,0.0025509758455571,8.221263509717726e-07,1.0031651985177132
0.7009000153803909,0.0168685052399474,0.0024901880153662,-5.0506128678043975e-08,1.0031669144097783
0.7017973424572251,0.0148062093528114,0.0023803707758116,-7.354462658543191e-08,1.0031558504729674
0.7026527518436988,0.0126717665225152,0.0022097660550634,2.3448479355659132e-08,1.0031451605528563
0.7034694852374587,0.0105195120900065,0.0019774587137886,-4.72796556233561e-07,1.0031336298118776
0.7015705674253332,0.0257689271785589,0.0023416109018338,5.810532158334145e-07,1.003159737919374
0.7113307444550004,0.0012757174277726,0.0003153813238245991,-5.055335537134128e-08,1.0030350869090765
0.7122382319677829,0.0006853855118601171,0.00017213163898221947,3.524928363670321e-09,1.0030230538517433
0.7126325223017882,0.0012466226012505,0.0003085431592787722,-9.068403121769926e-09,1.0030178429115182
0.7136366376218781,0.0006817015027940345,0.00017126452142992245,1.003209042107754e-08,1.0030046746625274
0.7057680943218624,0.0101229188694343,0.0019288177450942,-4.545476903853517e-07,1.0031065875748222
0.7062949149577515,0.0072614602779703,0.0015148396742506,-4.626228029555298e-07,1.0030972481636982
0.7068473202341314,0.0048656479888708,0.0010907733126886,1.3095898114450094e-06,1.0030908999474433
0.7083846674209598,0.0041299599982753,0.0009458003915816684,-3.166074140906729e-07,1.0030744193716654
0.7106444411971099,0.0020943409381552,0.0005067624375724648,-1.7052662490452998e-07,1.0030436848514634
0.7099016837502441,0.0031302190690371,0.0007371689163553985,-6.658173661043297e-07,1.0030527510314196
0.7009194597069831,0.034903855368598,0.0011369907736952,5.253917194322529e-07,1.0031693124840688
0.7021152823571098,0.035951631907134,0.0009295304663216524,1.7267879007958746e-06,1.003156099724363
0.7034203239518585,0.0370593608230347,0.0006972908074319514,8.769097534759834e-07,1.0031373569262343
0.7054408398983715,0.0382153984298863,0.00043680023763582697,2.5590768599828004e-07,1.003110585595213
0.7047718714986706,0.0373804609407855,0.0006263827286968807,2.941162793648667e-07,1.003119351272571
0.7079180321714138,0.038772982805547,0.00030445597184956434,-2.1964525147993243e-07,1.003078179169005
0.7080416263338634,0.0392930340028713,0.00017773930286562673,-1.0370470307028409e-07,1.0030766970031737
0.7068769404234826,0.0381206489191493,0.00045878086983704326,-3.8881350332486054e-07,1.0030918588900255
0.709440286492129,0.0392905425855607,0.00017814469415097122,-1.4890241927391896e-08,1.0030591432473015
0.7093420920399103,0.0387769307254123,0.00030323518380029313,-4.565061217567964e-08,1.0030603917659453
0.7020788496095017,0.0294211391124297,0.0019845231045335,9.898807748192458e-07,1.0031552750354884
0.701471196874365,0.0322880996549036,0.0015845183954235,-3.502799847864531e-07,1.0031602341032773
0.7028352986149576,0.0273597533559313,0.0022073034886262,6.748194803914481e-07,1.0031449695168169
0.7037703915051137,0.0287490945092286,0.0020624312724084,-3.388806459382236e-07,1.0031352045548128
0.7023248712815606,0.0233568381725506,0.0024814178899884,-4.810998359943019e-07,1.0031496535979036
0.7029308940883678,0.0208646382684175,0.0025489323789326,-2.719448389226558e-07,1.0031405319343458
0.702112180734335,0.0186742279872095,0.0025422210799514,-4.0791453510681794e-07,1.0031513599350192
0.7031003128782968,0.0166402152685772,0.0024809560775207,-1.3727518749057798e-07,1.0031385757076396
0.7040288886914386,0.0145048009697372,0.0023597904301969,-1.543511962110311e-07,1.003127280457359
0.7048530620365439,0.0123221099454878,0.0021761451623232,-4.554996460870232e-07,1.0031167626445094
0.703718801681107,0.0251734324500863,0.0023820598219843,-3.6975606186664563e-07,1.0031321360999497
0.7139880956380269,0.0011419613731231,0.00028347888094548327,-2.859264182056388e-08,1.0030001175731031
0.7150349728736227,0.0006801224637543596,0.00017096028099490874,-5.06213362933486e-08,1.0029869082660752
0.7070273167482005,0.0118869694497466,0.0021330176217955,5.580307052834573e-07,1.0030908486746009
0.7121478103225676,0.0020853918100522,0.0005046470172243321,-1.0052163468500818e-07,1.0030242619422711
0.7135670491596827,0.0019664061427366,0.0004775051011315875,-4.7515220503859993e-08,1.0030056087891162
0.7076737552602635,0.0092462790252487,0.0018132459841815,5.993428307745405e-08,1.0030804915234215
0.7082905438354927,0.0063433511717192,0.0013631899612323,-3.267527788765335e-07,1.0030744631701511
0.7096371544161595,0.0047531327891768,0.0010678299391129,-3.100961323532736e-07,1.0030565506541895
0.7116172605043104,0.0030129801009691,0.000711080551370316,1.6635163551420504e-07,1.003031866182509
0.7110009912776407,0.0044965954184525,0.0010177681860496,4.2264787142130926e-07,1.0030362562872517
0.7154197140019759,0.0011299624677824,0.00028078388791823525,-1.2045352394583473e-07,1.0029817970476795
0.7164332958077304,0.0006814758752910727,0.00017137719049900295,1.40672676627402e-08,1.002968211573686
0.7028055046356503,0.0339208547939742,0.0013156860712137,1.2874244339205264e-06,1.0031432080655591
0.7035905898561554,0.0354739727169149,0.0010233912303385,5.902926767869842e-07,1.00313468538704
0.7048587626455723,0.0360829973148624,0.0009028125825247192,2.393026045364977e-07,1.003118000337336
0.7061623224883239,0.03705745262288,0.0006982165788821155,1.05394118433973e-07,1.0031017994655087
0.7083065116890445,0.0381033064053722,0.0004623234792341852,-3.479879156874221e-07,1.0030729020400726
0.7075641371219481,0.0372356264124874,0.0006584555808177247,-9.159856049511998e-07,1.0030817210685177
0.7107161547851452,0.0387748509629495,0.00030396238854575787,2.40435786449378e-07,1.0030434805037507
0.7108389340630499,0.0392886403774342,0.00017882570616358577,1.0963496730024845e-07,1.0030420250807672
0.709586923331909,0.0381498214118919,0.00045150696895207765,6.637945067383278e-08,1.0030576090246115
0.7120915225390582,0.0387693933121281,0.00030564895894501,1.1551578396880777e-07,1.003025707772358
0.7122375694218637,0.0392869076732569,0.00017951093938633797,3.760850838804162e-08,1.0030238116802117
0.7038362279718479,0.0309795230746591,0.0017791024971865,-5.746637691059023e-07,1.0031291126232238
0.7051990259786791,0.0291896858951081,0.0020103504500132,-3.22606695491466e-07,1.0031111943405402
0.7051398083232358,0.0271698771217187,0.00222577485288,-7.707807609437126e-07,1.003113895389263
0.7044925199223736,0.0227471648017771,0.0025046416066152,1.4759464227712458e-07,1.003122372197614
0.7054459918048726,0.0203859943801075,0.0025524306068175,-6.867428596542226e-07,1.0031121361559536
0.7043273070341097,0.0185764429846414,0.0025408524091856,6.266119686192263e-07,1.0031224695601784
0.7054268015425699,0.0164056734928607,0.0024704002274542,1.7542727079829298e-07,1.0031088057129172
0.7062993885764232,0.0141458636083332,0.0023334112355877,-8.71136038227973e-08,1.003098358830168
0.7059497444877411,0.0246377421866605,0.0024160467759732,-4.0343239581202853e-07,1.0031022886601095
0.716900145526138,0.0012330061860438,0.00030549781912259766,1.7728693787629817e-07,1.0029621358249816
0.7178316757648727,0.0006852507338567722,0.000172048120264713,1.0652899068593001e-07,1.0029497890545518
0.7149963631008857,0.001848734147127,0.0004506628866323636,-2.428141802204837e-07,1.002987434870917
0.7085880777046807,0.0136569694683969,0.0022959792404897,4.709517124536733e-07,1.0030691798832725
0.7091425456382606,0.0113800228456985,0.0020768066625657,2.5373468439669415e-07,1.0030618352546672
0.7131286288614945,0.0030392873080795,0.0007167540480313644,-4.683897166089183e-08,1.003012133778274
0.7143590169673699,0.002768531453835,0.0006580555308340977,-2.714951274493295e-07,1.0029958853345609
0.7094679368373039,0.0090229618481435,0.0017811210091677,-4.918432033715202e-07,1.0030537358653904
0.7103750740128988,0.0065403795263495,0.0013953190785903,2.253534879905974e-06,1.0030480496737997
0.7126340164227621,0.0043657167388787,0.0009915988198406875,-6.039928847596548e-07,1.0030180982320185
0.7119588097609831,0.0062563337678299,0.00134555298581,-1.8291441199536745e-07,1.0030284381185837
0.7162926708328836,0.0019447591870724,0.0004728394482596566,7.725688720958524e-08,1.0029700223995055
0.7050048089179447,0.033863321143133,0.0013264224647434,-3.3321545227225733e-07,1.0031141226464533
0.7061976445242777,0.0353971605261086,0.0010376362528231,1.669289340070551e-07,1.003100570890397
0.7075750369316202,0.0359212139010801,0.0009349010744106716,-1.2808138187697215e-06,1.003080350799609
0.7088998740772691,0.0369755102139556,0.0007163223305319006,-3.2655293292838095e-07,1.0030666852715984
0.7109981910210273,0.0381623005776613,0.00044893519535141785,5.022856321902489e-07,1.0030398488857353
0.710330868779289,0.0372425871333288,0.0006567754090603106,5.189255749366796e-07,1.0030491094246696
0.7135163509467929,0.03877919907813,0.0003034405381657159,4.0319360014763084e-08,1.00300728046562
0.713636216371251,0.0392853741829573,0.0001799772030379497,1.6014512821315374e-08,1.0030057973127615
0.7124011821787595,0.038149560213678,0.0004522770160651977,1.0315495582033622e-07,1.003021935534074
0.71493406656404,0.038764845375085,0.0003069022941616629,2.2417376016932664e-08,1.002989028025974
0.715034888465767,0.0392842917485313,0.0001802859358892077,1.8843955816181422e-08,1.0029876692536193
0.7062024850563581,0.0307921755198708,0.0018061454892289,-1.4512127268223808e-07,1.0031013888710802
0.7069231619398111,0.0285793368183328,0.0020811113668827,2.5158629408793546e-07,1.0030905550379254
0.7074849071414037,0.0263169392403209,0.0022981308139923,-1.019623984842153e-06,1.0030826395353014
0.7066493403855384,0.0223811494854725,0.0025150392843246,-7.553977191788116e-07,1.0030927674711192
0.7072677008650804,0.0205176341096925,0.0025508404142872,8.576892174747689e-07,1.0030872914352027
0.7069476611653219,0.0184879702625294,0.0025407293673415,-3.78295873313179e-07,1.003091517624613
0.7078451957709698,0.0160689599331285,0.0024544745917417,-1.785565542924751e-07,1.0030789700388822
0.7085197749422156,0.0197180060166812,0.0025516184201689,6.337403387786108e-07,1.0030719747992023
0.7082124607618338,0.024025633195025,0.002450018521492,-2.892202683964145e-07,1.0030737805945515
0.7101636726530921,0.0154676321144277,0.0024233550791406,9.192371250906366e-07,1.0030504726291272
0.7180066142165433,0.0012023042547065,0.0002979136150961788,2.2166993141726687e-07,1.0029476788867464
0.7192301199294382,0.0006903876630032365,0.00017309953445955755,4.019795504313915e-08,1.0029322233996685
0.7176319508355885,0.0018971441841438,0.0004616719798307922,4.217578436137925e-07,1.00295255806574
0.7193646109771957,0.0012075224639738,0.0002989036935932225,8.344972929651838e-08,1.0029305905111112
0.7206286490359908,0.0006969058683531777,0.0001746439040632143,-2.0009893856132785e-08,1.0029152956457406
0.7155827382223783,0.0029603494366658,0.0007000811884605884,-2.0661888097217605e-07,1.0029785338221588
0.711050346946516,0.0129927876464172,0.0022397399373907,-5.45058893362553e-08,1.0030389533588784
0.7109302772034085,0.0106331317184751,0.0019893132559298,1.023010703269577e-06,1.003039214404336
0.7144129204365814,0.0042365238612429,0.0009670165388888174,-5.537916966392593e-07,1.002994915365768
0.7119657731670035,0.0083843976223853,0.0016895351931728,-1.7268775259540965e-07,1.003027387043426
0.7134211460890613,0.0062870005590302,0.0013515632317184,-1.864785910985084e-06,1.003007249342974
0.7170697570729351,0.0029037132425934,0.0006876657325369544,3.8261980282107604e-07,1.002960511051981
0.7074697333023983,0.0335756809342925,0.0013758288363151,-1.4162405740566884e-06,1.003084252515347
0.7090713239979772,0.0348262484991609,0.0011491082642777,2.6793395040019743e-08,1.0030646522113644
0.7103822569508677,0.0359252518720627,0.000934134949673702,7.860046838525098e-07,1.0030478164367496
0.7117870985153714,0.0370000515910723,0.0007111189981321967,5.795758303916666e-07,1.0030305765480156
0.7138180827815178,0.0381810933553994,0.0004451219927156152,1.4757365658405398e-07,1.0030028783092142
0.7131667173029412,0.0373369855047506,0.0006365286797629831,6.051641609128303e-08,1.00301153967695
0.7163100695018055,0.0387420654933292,0.00031239562698270206,6.741845769662596e-08,1.0029706168612014
0.7164335860863875,0.0392839276029217,0.0001804324285490492,2.0996530297760518e-08,1.0029690125740605
0.7152855923047391,0.0380731620889503,0.0004699658180710475,-1.0164693333360617e-07,1.0029847502042308
0.7176864625690906,0.0387555909250921,0.00030913438413801266,-1.6470618442403337e-07,1.0029522169226832
0.7178323093452214,0.0392844252005657,0.00018022473291471304,-7.10195440098879e-08,1.002950121463929
0.7082506773993525,0.0304813801699824,0.0018497652414407,1.222883601657072e-06,1.0030758666814057
0.7089021197373881,0.0278089093608982,0.0021626727785476,-1.317468491443132e-07,1.003065086097508
0.7097777782233877,0.0256445617658565,0.002350085664621,-6.691766201738706e-07,1.0030524104658067
0.7089325229068918,0.0216010795711669,0.002537011832131,-1.3317948176293638e-08,1.0030660226198254
0.709529341389194,0.0180141957881459,0.0025296420184906,-4.046113889659908e-07,1.0030579041079248
0.7099216483864311,0.0199691607897224,0.0025514382161791,-4.656163779024739e-07,1.0030502962271808
0.7104792329066577,0.0235666592876221,0.0024717078588799,-2.051141786828146e-07,1.0030446437999638
0.7118302608529321,0.0172114916471945,0.0025036111203342,1.2021304028022368e-07,1.0030267573576082
0.7122939430626274,0.0151879564865791,0.0024052457676477,-1.1117998990779838e-06,1.003021031962161
0.7132813141175063,0.0134880210098551,0.0022812015424788,-7.067882708826315e-08,1.0030108510512374
0.7207686923136051,0.001212017295723,0.00029992510521928347,-6.534621235804793e-08,1.002913538614135
0.7220273625301936,0.0007039608157198698,0.00017654360055279657,-6.516026675792216e-08,1.0028980845932298
0.718987883093535,0.0018220324829385,0.000444026315294146,1.0626615515700485e-07,1.002934585616279
0.7183181845685163,0.0026472197134634,0.0006311086368922167,6.101292482727412e-07,1.0029432032657
0.7205021345447243,0.0018289005784469,0.0004456396728842251,8.378845479045652e-08,1.0029173176774593
0.7163429159949669,0.0041879595200541,0.0009567928469398608,2.0306881683108204e-07,1.0029700832872075
0.713199628437159,0.011181939950932,0.0020557195160388,-7.869301698508433e-07,1.0030088473622831
0.7154339451075679,0.0060657826694886,0.001312079135782,-7.097026600351599e-07,1.0029816199629626
0.7144075398282091,0.0087690359859366,0.001744252884588,9.58311595162475e-07,1.0029960294348876
0.7181654818560977,0.0038653662489074,0.0008912029647176501,6.417423174297119e-07,1.0029467726890948
0.722190624505843,0.0012301532608102,0.0003045533926203546,-1.6902448943705226e-07,1.0028960611561966
0.7234263165838047,0.0007089550413001919,0.00017801386634494335,-6.582766047727609e-08,1.0028806753587638
0.7096291403010159,0.0323549081400847,0.0015760446684841,-1.0763753802477913e-06,1.0030568849289898
0.7108991212140062,0.0337113501625899,0.0013500555654205,3.42820568217876e-07,1.0030427353792388
0.7121106469770427,0.0351067835655085,0.0010944602524968,2.0656911264563322e-08,1.00302567818128
0.7132899066362893,0.0360040600128703,0.000917955473563879,4.750358972929616e-09,1.003008966199718
0.7146119011292589,0.0369673118365349,0.0007186738583970329,-5.8192154903098176e-08,1.0029935616818582
0.7167517963776655,0.0380068638509285,0.00048517626973565816,4.704836137054929e-08,1.0029648397499455
0.7160239183721441,0.0372106195081491,0.0006641024067848059,-2.2471594399380059e-07,1.00297495432844
0.719111351266234,0.0387629171114357,0.000307129725517095,-6.949278461760593e-08,1.0029338519029274
0.7192310725783099,0.0392859258596656,0.00017969298238666332,-2.0020029699121717e-08,1.002932252892673
0.7180017053677328,0.0381282361721771,0.0004572392016575612,-2.662523671889755e-07,1.0029479109909427
0.7206298676364338,0.0392891166779985,0.00017881256736025717,-3.17920737963435e-08,1.002914082617718
0.7205306828461248,0.0387671891959289,0.00030596020960105687,-1.0405182962557561e-07,1.002915527790985
0.7100664814382994,0.0294660190040995,0.0019770545033237,-1.195665727528206e-06,1.0030480835333124
0.7107895402693917,0.0272750862868252,0.0022119149161981,1.3884511564933662e-06,1.0030399882893726
0.7123049980361026,0.0253425416306237,0.002373786727529,8.440084976416603e-08,1.0030237305114045
0.7111255339329122,0.0212957547359823,0.0025421372404879,-3.6805791885700405e-07,1.0030377549514056
0.7114870737371818,0.0191962428846948,0.0025493407203048,1.838197217108683e-06,1.0030318137260978
0.7125463172205212,0.0229609545468199,0.002498097855111,3.9437884708179566e-08,1.0030209248949509
0.7131070411649159,0.018494734412221,0.0025380971419716,-2.499929706862746e-07,1.0030098712995406
0.7140512958437993,0.0241389338873951,0.0024429603856704,-2.925371823549299e-07,1.003001219196711
0.7138077156237275,0.017016893727922,0.0024958468583554,-9.234936664365356e-07,1.0030011624598605
0.7145363576915469,0.0149836134683334,0.0023930012878416,-1.2275129786906306e-07,1.0029951955653755
0.7150911219747719,0.0127906155833532,0.0022198336883064,-2.317064478655114e-07,1.002984221536921
0.721732071297955,0.0019752612430995,0.0004797190214805884,-5.107976839077139e-07,1.002901145832116
0.719646815934711,0.0030492320668107,0.0007201597204256816,1.7599130257423989e-07,1.0029273889134065
0.72112247217134,0.0027876249438596,0.0006623429425678622,-3.619113812992749e-07,1.0029102071213951
0.717438765617567,0.0056579673453095,0.0012396143868488,8.148335057990316e-07,1.002956764290175
0.7157114680548912,0.0106962591967905,0.0019983629614731,-9.844727969813689e-08,1.0029791558909873
0.716520330407835,0.008236565992052,0.001664192099929,-4.534611725261392e-07,1.0029672401367
0.7192910119024547,0.0048518262193986,0.0010885994314489,3.357504459092696e-07,1.0029336986403086
0.7235658636734087,0.0012069047531975,0.0002993143084645885,-1.862052612819519e-07,1.0028787402046897
0.7248253705296467,0.0007090039381800355,0.0001782882000672973,-9.141988087177345e-08,1.0028630813380182
0.7231767781763319,0.0019135022466843,0.00046587816586725,-1.9966310173560002e-07,1.0028841605323964
0.7116631115668342,0.0313005574347634,0.0017344937905779,2.461201619748068e-07,1.003028139545094
0.7125065966205077,0.0329985365186426,0.0014683481122404,-7.140670517505399e-07,1.0030196902030035
0.7137150042502967,0.0338831440724359,0.0013194835293275,-4.995039490803449e-07,1.0030037538841128
0.7149213938876455,0.0349397104958064,0.0011257408538659,-6.978817625207286e-07,1.0029885721263057
0.7160633497470342,0.0359960112748348,0.0009190391730757492,-6.538101626812535e-07,1.0029723312897063
0.7174253339408941,0.0369915669810189,0.0007121680406139151,-2.5667787930301924e-07,1.0029563996722162
0.7193943889109091,0.0381343378603429,0.0004555916301876568,-6.61527678011047e-08,1.0029297818651364
0.7187820767530166,0.0373215147768742,0.0006396265267353093,-2.3062427746831934e-07,1.002937659630543
0.7219081893697635,0.038760304509352,0.00030741634347708507,-4.4627009199572006e-08,1.0028975961431807
0.7220286030267407,0.0392945581105117,0.0001773698244106052,-1.879213017352041e-08,1.0028960898269
0.7207913182633482,0.0381389508383507,0.0004542579226444768,-2.564792364172171e-07,1.002912456790952
0.7232824711744384,0.0387752840132124,0.00030353756241916505,-2.865381135007738e-07,1.0028798277564357
0.7234271689753646,0.0393009594371867,0.00017553615879760469,-1.148787167695054e-07,1.0028777795345138
0.7127742239932255,0.0282540104131351,0.0021196946341309,-1.1105715534905249e-06,1.0030157978833367
0.714619141078752,0.0260048673540124,0.0023227092818956,4.722628079636514e-07,1.0029915857077742
0.7133864084290115,0.0204803219362509,0.0025531826139139,-3.46397442349607e-07,1.0030092774220094
0.7147079084397797,0.0223217731045668,0.002517009136254,-1.0083495470847111e-06,1.0029934629061878
0.7148822896650132,0.0187132191643314,0.0025425293784445,2.912946749112709e-08,1.002985791286351
0.7158736665058952,0.0241274787188041,0.0024435714939328,-1.4407490002320202e-06,1.0029713256737844
0.7158340632545888,0.0167174780664175,0.0024841703976232,1.3669678257172037e-07,1.00297620796046
0.7165910045549723,0.0145435509843941,0.0023629214587093,-6.011959969168169e-07,1.0029662977904616
0.7173169539931535,0.0123443292542501,0.0021786968653074,-6.974112171089632e-08,1.002957164063121
0.7224314515688776,0.0032478068574717,0.0007636837974019398,-4.930280277832719e-07,1.0028933225159495
0.7210125978298568,0.0040845319369737,0.0009367992311092702,-6.144967503132078e-07,1.0029128503000104
0.7186568304162032,0.0070925326382618,0.0014858600592163,1.0817529509183556e-06,1.0029401232000907
0.7180059799974962,0.0099532811116028,0.0019058611885281,-7.954186525978037e-07,1.0029478186549754
0.7204616057083914,0.006124358337272,0.0013232234276562,-7.634237108111679e-07,1.0029209376668822
0.7249555057210072,0.0012546567876845,0.0003111490264452468,-2.020461980414985e-07,1.002861227191724
0.7262242505540832,0.0007043498343886613,0.00017730958382286812,-1.6322049769957225e-08,1.002844181285857
0.7245376813726696,0.0020122212312957,0.0004890466480555762,-4.819075748388828e-07,1.0028666066260727
0.7238612514788436,0.0028427527533997,0.0006750824440329122,-7.467455212796463e-07,1.0028761720313917
0.7140143367283251,0.0312849454070573,0.0017381597194842,-9.431902224572578e-07,1.0029975575444094
0.7152126141895164,0.0329719487140113,0.0014705755087372,-1.034512035121751e-06,1.002983821089679
0.7164684684146375,0.0339235510314314,0.0013113344521944,-8.503160908972141e-07,1.0029684132400327
0.7177011115702392,0.0351796844399833,0.001079989738891,-7.273537295866297e-07,1.0029531294371583
0.718939728086653,0.0358742257283424,0.0009431822743867096,-4.4141138981958123e-07,1.002936024290834
0.7201823131903142,0.0369873563722948,0.0007137619335803766,-4.1236865724300637e-07,1.0029201193853363
0.722362186958935,0.0380076376825313,0.0004841656320234391,-2.751282685185816e-07,1.0028918349152665
0.7216063863141289,0.0372212491932538,0.0006611706247808523,-4.548512423485921e-07,1.0029019766243152
0.7247006032750559,0.0387917320272343,0.0002991650736844248,-7.986156052475452e-08,1.002862297948117
0.7248255903909504,0.0393057299397248,0.00017410804631007418,-2.0485106441756728e-08,1.0028606834904148
0.7236007893186684,0.0381516165353741,0.00045067892559568016,-4.760295721700337e-07,1.002875697309962
0.7261009814771703,0.0388158398530664,0.0002932990129333138,-2.6680685005771952e-08,1.0028447142714818
0.7262240028807109,0.0393080379470616,0.00017352101701983432,-4.854861510517316e-09,1.0028430425366477
0.7155637011077928,0.0283378335123699,0.0021097214159259,6.065427956359852e-08,1.0029818508188606
0.7169967930828324,0.0260021165113361,0.0023233892349578,1.596374546099375e-07,1.0029605762015903
0.7158275563592901,0.0203569272678978,0.0025536814212634,1.815755183398201e-07,1.002976681238973
0.7164253033187163,0.0223968431053188,0.0025132932049892,-4.2129082816784214e-07,1.0029658356062778
0.7171007702178082,0.0185064940884682,0.0025395812504093,-6.872669036955438e-07,1.0029609511913462
0.7181229638129096,0.0235489605053568,0.0024754971329118,1.0805966851805001e-07,1.0029486279132895
0.7179659140743989,0.0163336533682139,0.0024670880015563,-5.042169741034753e-07,1.00294927966214
0.7188016163037184,0.0140919202246447,0.0023302572972021,-4.523842720240297e-09,1.002939054858104
0.7263936374650707,0.0012606191662464,0.00031258192357278567,-7.178765594864445e-09,1.0028417759758437
0.7276228284543447,0.0006987057193978391,0.00017592564966044375,3.9747742451990734e-08,1.00282532985428
0.7280433806185976,0.0012461594934066,0.00030912416676132163,1.3022870535953336e-07,1.002820143161121
0.7290211985923992,0.00069513215386087,0.0001747794011606316,8.866381531427157e-08,1.0028072931832634
0.7196423330233829,0.0118228378311148,0.0021266488028417,5.299476917161899e-07,1.0029288245607757
0.7238142791975721,0.0041399205457153,0.0009487012943517544,-5.400452136972923e-07,1.002877720638642
0.7223007108302432,0.0049910543325697,0.0011143791793102,-5.965548642275685e-07,1.002894795332149
0.7205114769289562,0.0089378913622613,0.0017697669487395,-4.861921527903363e-07,1.002916703000919
0.7220153772297482,0.0069792687261356,0.0014645327350112,-4.490222885018057e-07,1.0028970103288155
0.7259265201707527,0.0020795314386949,0.0005045205177233888,1.1351974674463531e-08,1.0028481081002936
0.7252626770318971,0.0031280270068042,0.0007374952513647914,-2.884252987320191e-07,1.0028560078883828
0.7250315037988982,0.0046938055217911,0.0010560566593665,7.902782168298962e-07,1.0028579591451452
0.7166651053701044,0.0312485871840426,0.0017442318391032,-1.6677312348404513e-07,1.002966091390225
0.7179070885814314,0.0329909276894077,0.0014681279096627,-6.578178904914379e-07,1.0029491545548133
0.719158134771588,0.0338694228347017,0.0013203235476294,-6.645597159221014e-07,1.002932351802462
0.7203893982938658,0.0348958089651817,0.0011331351289256,-6.81074733897333e-07,1.0029174826784784
0.721678646239427,0.0359820046215977,0.0009215584142003844,-9.217304799204524e-07,1.0028995050330043
0.7230174669186196,0.0369902964514942,0.0007118965324834412,-9.108846954971172e-07,1.0028834623089036
0.7249890358073934,0.0381724484169775,0.0004453327614088541,-1.0835786056576481e-07,1.0028585488141006
0.7243896026405015,0.0373309867491727,0.0006360765911227393,-5.568746742095395e-07,1.002865994906181
0.7263367752778813,0.0382325810283364,0.0004312219974188816,-6.197261902503472e-08,1.002842226463757
0.7274512097099795,0.0388015683739709,0.00029674224176151094,3.202268871577585e-08,1.0028276473197673
0.7276224699867635,0.0393091034249953,0.0001732418955884745,2.4869568393866233e-08,1.002825515297806
0.7180932168502996,0.0282758755973489,0.002116282838083,7.444370762132929e-08,1.002947582185251
0.7192251360361296,0.0260791716155656,0.0023175452074035,-7.091286021390121e-07,1.0029327363010632
0.7186251603222013,0.0207415424472998,0.0025534967767597,2.0836680266165904e-07,1.0029439286293054
0.7199551015624709,0.0224857317914337,0.0025109879364864,-1.941375334570224e-06,1.002924408770378
0.7207757054874037,0.0211711530134918,0.0025451993615782,-2.292120478759521e-07,1.0029190342056684
0.7193044864445975,0.0182223767107675,0.0025343649666979,-5.33365787222951e-07,1.002933181580815
0.7205238091746047,0.0243681182925724,0.0024299186692962,1.987302290380901e-07,1.002916736870417
0.7201824849078551,0.015871404278093,0.0024448215302883,1.1428466612995228e-07,1.0029211087006171
0.721112761652502,0.0136345207748635,0.0022945800118508,2.644217145794816e-07,1.0029094874714457
0.7291813003303842,0.0012075974322158,0.0002996576157946042,2.0545609490002625e-07,1.0028051310150896
0.7304195213038569,0.00069464482196847,0.00017441153719603003,7.188202298230217e-08,1.0027892177538158
0.7273818707653735,0.0020213665849283,0.0004910699262692038,-1.21180284738128e-08,1.0028288843803297
0.7287938364300878,0.0019064609778629,0.0004645693327682605,4.446779921216436e-07,1.0028102129734189
0.7220063430858281,0.0114175696189764,0.0020811722684095,-6.249980774755171e-07,1.0028966827938377
0.7238406429904501,0.0062776510920441,0.0013491818227434,3.987488655900958e-07,1.0028731477381043
0.7229796145841753,0.00894908092381,0.0017703614516506,2.665554230379987e-07,1.0028875494849594
0.7268943945635883,0.0029235372076009,0.000692714761857646,2.348386105477368e-07,1.002836329702342
0.7262732244022008,0.0044450657721522,0.0010076756334524,5.571261818915302e-07,1.002841058377322
0.7256956416773451,0.0060932323829327,0.0013162439852455,9.810944645280218e-07,1.0028531596687311
0.7305521271659846,0.0012063888857108,0.0002989843815058934,1.580837478568084e-07,1.002787638401809
0.7318179143089979,0.0006967157931708584,0.00017479128508577382,-2.4688263957320783e-08,1.002772048103483
0.7193075426131034,0.0312214533737008,0.0017487394525827,-6.413414765417317e-07,1.002931691992747
0.7205412695469167,0.032885927471547,0.0014844213887912,-6.770230301797392e-07,1.0029136107168397
0.7218627734617188,0.0337879154301846,0.0013336486991951,-5.84138649883243e-07,1.0028978731108162
0.7232898052250755,0.0351317443939149,0.0010890484821169,-1.4815825097289308e-06,1.0028793112164756
0.7245237837067307,0.0359776193911404,0.0009223002785488436,-1.073076990392002e-06,1.002863051408939
0.7258200517606442,0.037085911920663,0.0006903396990460068,-2.961214824099802e-07,1.0028487569344924
0.7270949988282257,0.037397506552192,0.000620753008622233,5.493844057746893e-08,1.0028329356580423
0.7277241407895683,0.0381926365698836,0.0004404464641656485,4.48705487038752e-08,1.0028240785478273
0.7285687466190783,0.0387665757777231,0.000305078125851959,5.98144601849931e-08,1.0028131405373506
0.7290209405429529,0.0393095831062376,0.00017318586237838858,2.382982788982012e-09,1.0028075785464474
0.7206545783626629,0.0284438748354462,0.0020973314181962,-3.018826853379155e-07,1.0029144993144117
0.7218049764352964,0.0263056744498484,0.0022986842602846,5.532425738948279e-08,1.00290073796047
0.7217278690258421,0.0225987960289386,0.0025082938367958,4.3993924235455837e-07,1.0028998303533552
0.7207217683474535,0.0194368681998856,0.0025502335908173,-9.244200384726756e-07,1.00291376786403
0.7223738876804341,0.0207817764604538,0.0025496643419081,4.679731272382983e-07,1.0028935366773408
0.7215529498244116,0.0173850563674804,0.0025094679766154,-4.736253178045968e-07,1.0029028718389
0.7228929326014826,0.0243479167156987,0.00243132466713,-1.530234530201369e-07,1.002885357827206
0.7225291586657946,0.0153921070510232,0.0024175236327109,-4.056217490280036e-07,1.0028909255932346
0.7235157804221282,0.013211231821644,0.0022584137611711,-6.082752481466501e-07,1.0028778331645418
0.7301185752629018,0.001905374535313,0.0004638659047190663,2.482693344795498e-07,1.0027924361267786
0.7282575904435405,0.0029380491506911,0.0006961852770670402,2.286919323231243e-07,1.0028179569975997
0.7294595305150964,0.0026863326817645,0.0006405460321244007,9.967804994247737e-07,1.0028006457265637
0.7244232176759401,0.0110601749850461,0.0020409588610994,-2.1710549762629427e-07,1.0028671482489384
0.7251067307527163,0.0084844579586523,0.001702670404914,6.280952328396358e-07,1.0028592988694267
0.7277178483467964,0.0041613404753987,0.0009515130400135578,-1.106934761482558e-06,1.0028257894229895
0.7270372809946792,0.0056704520383856,0.0012403332804749,6.0837222570209106e-09,1.00283506997922
0.7269025902146753,0.0077184755803796,0.0015865538409528,-5.906332671969022e-07,1.0028394882989018
0.7319620827613972,0.0012089770232021,0.0002994775957941812,-6.838657396206336e-08,1.0027702761649449
0.7332164298843397,0.0007001335450265084,0.00017583799018687323,-7.041191048549603e-08,1.0027546351690986
0.7315748885771757,0.0018708647291982,0.0004557083620532952,1.633571008338671e-07,1.0027754766418224
0.7333787736646137,0.0012314591128136,0.0003052093417188883,-1.4863596558888106e-07,1.0027526565736722
0.7346150596717816,0.0007035301391323603,0.00017675490081950633,2.4621960382458392e-08,1.0027366064514809
0.7219697597881681,0.0312271882123488,0.0017482873366521,-1.724500054347998e-07,1.0028973997373465
0.7232629014136269,0.0327398317469464,0.0015089366515739,1.298194442722231e-07,1.00287823239522
0.7250042739123771,0.033943479004687,0.0013078234282526,-1.1404260877905109e-06,1.0028573176262745
0.7261732555190034,0.0352805824551026,0.0010607905193068,-1.8977664332042798e-07,1.002844651328483
0.7272968949599536,0.0363172516609053,0.0008524580558273873,-2.067226367624307e-07,1.0028291448257998
0.7282971313530807,0.0371591515811719,0.0006731998240969446,-2.0424580822343375e-07,1.0028159646878352
0.729121052090599,0.0380351185633758,0.00047660514102009286,-9.232275075515293e-08,1.0028059189279288
0.7300519467704064,0.0388444162051673,0.0002863118788351393,-3.888407870533081e-08,1.0027940825146784
0.7304193799665484,0.0393087251416677,0.00017337392533332003,-2.5028911369112583e-08,1.002789304918235
0.7315451354919705,0.0388068551063693,0.0002951710666790225,-1.2536600743823728e-07,1.002774669626236
0.7318178294461004,0.0393061137971459,0.00017384497187051398,-5.17429679888137e-08,1.002771250132804
0.7232601842639935,0.0284143477660862,0.0021000779465664,-2.669787343755265e-07,1.0028816739195483
0.7242732182891144,0.0261801135058809,0.002308864301987,-1.1706258130589901e-07,1.002867986652351
0.7236348523832964,0.0223499717600655,0.0025163718872973,3.447899109720619e-08,1.0028738213884354
0.7231821497957189,0.0189721622603274,0.0025455234279719,-2.255647691565893e-07,1.0028804725478964
0.7240435967085357,0.0207356885175369,0.0025471309678861,-1.1422846485499854e-07,1.002868736233412
0.7241268790539664,0.0171441670757304,0.0025012987745796,-8.257384729390221e-07,1.0028696032516466
0.7251194347284776,0.0239538488845706,0.0024526482594304,-4.958700913402212e-07,1.0028556513484084
0.7250633578846429,0.0149941715536754,0.0023931469022598,-4.520237843903166e-07,1.0028582358968166
0.7259603554949514,0.0127691320262644,0.0022194058407255,1.849805049702391e-07,1.0028477170447967
0.730780717090334,0.0031571094505553,0.0007436346666926149,5.342659264584944e-07,1.0027850673818473
0.7292355361018535,0.00397092240142,0.0009142949821170624,1.2715232656923747e-06,1.002803289516019
0.72689012411559,0.0103561814476006,0.0019581082852963,2.70541976758765e-08,1.0028347481407665
0.7285891407901036,0.0060465283507163,0.0013076626828958,-9.091664020120688e-07,1.002811849771046
0.728250666751024,0.0083926600418211,0.0016867147530168,-2.2356966154277545e-07,1.002815049639853
0.7328916314526271,0.0019778610810485,0.0004806577091282628,-5.494597855258199e-07,1.0027586233615369
0.7322300767655725,0.0027828799103396,0.0006615329303613944,-5.652804221729223e-07,1.0027682403004323
0.734765570868727,0.0012288408215349,0.0003045926627938953,6.449450662964728e-08,1.002734690710536
0.7360137550130252,0.0007060474528881588,0.00017734478703334525,-1.777880688345995e-08,1.0027190533454944
0.734359105630861,0.0019253521511897,0.0004688228565756776,2.0911259041933835e-07,1.0027402336480262
0.7361201075634735,0.0012394593343171,0.00030715033726115294,-3.7198317391907624e-08,1.0027176679621073
0.7374124581554203,0.000707406637682375,0.00017767855068160615,2.4876647770571344e-08,1.0027008388437555
0.7248990688551541,0.0310969668625303,0.0017669693271881,-7.093829498426217e-07,1.0028606660699
0.7266418450799933,0.0330081572108285,0.0014687053431059,1.960447079547369e-06,1.0028388830968409
0.7277643037915761,0.0346199991114238,0.0011852251190866,-6.170039555488512e-07,1.0028217768329954
0.7288046300671538,0.0359658957010883,0.0009244048984517084,-4.337280907598315e-07,1.0028086686802045
0.7297303308511144,0.0369246474991844,0.0007236326010759084,-2.324274611079878e-07,1.0027978706882912
0.7305730331664143,0.037977348120666,0.0004896805736556428,-1.3564915627691686e-07,1.002787313052268
0.7329978001721837,0.0387920019068151,0.0002987627372075306,1.0315641039114063e-07,1.002756736633887
0.7332163443510935,0.0393022495017315,0.00017482217137688207,4.9111630254343054e-08,1.0027539637191727
0.7320290784527147,0.0379924016070372,0.00048625283903849776,-1.504261557043428e-07,1.002768617276511
0.7258427751361932,0.0280961708393954,0.0021343823178449,-7.119300202361807e-08,1.0028491797149188
0.7344017336675276,0.0387722205802426,0.000303880863649949,1.3978210402788933e-07,1.0027390959061282
0.7346149561943444,0.0392979715849582,0.00017609978322588108,5.688468855767343e-08,1.0027365020289412
0.7266594976023059,0.0257118644828519,0.0023444480635636,-7.054320771282531e-08,1.0028375071108953
0.7256494324254547,0.0217854017870742,0.0025330820334782,-5.284783310584786e-07,1.0028492037967076
0.7257306340896682,0.0192742054618452,0.0025504830333166,1.1574329603203589e-07,1.0028474580108762
0.7267030240481535,0.0168474265166538,0.0024903075513188,5.462070825614761e-07,1.0028366246860785
0.7273440306799158,0.023419143439209,0.0024784575259395,2.74704216243423e-07,1.00282926089457
0.7275481069159432,0.0145999781356384,0.002366986035672,1.7316183055287e-07,1.0028262580336798
0.7283253880526689,0.0123919180906095,0.0021828105404216,-5.659685588078483e-07,1.002815893415965
0.7321754970460407,0.0040888830212868,0.0009386533588783526,-4.910718597452171e-07,1.0027719443221332
0.7306083894252503,0.0048361742993938,0.0010863651329378,1.1031680249101387e-06,1.0027883722766515
0.7292397531939242,0.0102239562141627,0.0019413157006988,-1.9991658639852618e-07,1.0028055442520587
0.7300844764285208,0.0075519868207834,0.0015592306400678,5.382761604146522e-07,1.0027919324625725
0.7335952943360465,0.0031806623148542,0.0007489752553432014,-2.200267527573473e-07,1.0027500455429916
0.7357196867139654,0.0018927727815142,0.0004611091378938504,-1.226902799950264e-07,1.0027224063371254
0.7350737094030426,0.0027121754268288,0.0006459721297676099,4.3225315413774236e-07,1.0027309876671326
0.737540447950794,0.0012317264637312,0.000305174256582883,6.635272394381124e-08,1.0026992588742625
0.7388111270869794,0.0007078974540503918,0.00017777797949232213,-1.6474175687775006e-08,1.002683045699346
0.7371586148907552,0.0019229489062914,0.0004679639509605792,1.9396754581910558e-07,1.0027044173431623
0.7282792586440594,0.0327893906334246,0.0015032915143168,-1.3734656578173515e-06,1.0028141290148185
0.7277132666669744,0.0303929239306127,0.0018615451061585,-3.488068842835055e-07,1.0028261291972298
0.7293495220501184,0.0340891181990708,0.0012829803902674,-4.598877361475581e-07,1.0028019064415916
0.7304024885674137,0.0357030766086348,0.000977092485806383,-3.9518673052562255e-08,1.0027877734833828
0.7312773526640548,0.0369165852775013,0.000725323154241017,-1.4684131915069066e-07,1.002778562929108
0.7334060056060805,0.0380868153719299,0.0004649762797454564,5.569123749022979e-07,1.0027514869947711
0.7325620188993991,0.0371836100098576,0.0006677773965596409,2.917785038074904e-07,1.0027618025971368
0.7283139373579997,0.0274986174912114,0.0021952918074562,-3.792668863904135e-07,1.0028187420819334
0.7358755616878828,0.0387803040638282,0.00030221735187526506,1.8071613797163645e-07,1.002720584746471
0.7360136564229273,0.0392944083832449,0.0001772002506836486,7.42816556136145e-08,1.0027188298679266
0.7348332464112994,0.0380703711745426,0.0004692073027520996,1.5754820056598955e-07,1.002733742504166
0.7290098009399969,0.0251574143049583,0.0023832691209819,4.7457851686183524e-08,1.0028088015813432
0.7279257906183273,0.0210615827156016,0.0025458021863765,4.223830353111116e-07,1.0028218668093498
0.7292535045515204,0.0164275091345045,0.0024720175776553,-1.9865045576753894e-07,1.0028055254092545
0.7285625038400844,0.0186369234995645,0.0025414727422131,-1.5495077104529565e-07,1.002814677519517
0.7296769200334522,0.0228723438320301,0.0025004081887854,2.540966680027292e-07,1.00279938048126
0.7299851591622581,0.014169235127812,0.0023356784308399,-4.301375375309213e-07,1.002795520991412
0.7389672180979002,0.0012446879628744,0.0003083575989785456,-4.9767961772054574e-08,1.002681060906239
0.7402097691124778,0.000708198963790415,0.0001778857440565766,8.748350609743076e-11,1.0026652711974673
0.7307119212480472,0.0119143213878034,0.0021358460806412,2.286072536458069e-07,1.0027877121212911
0.7334843644003242,0.0047174044289544,0.0010593240866691,6.457046477743912e-07,1.002750584405239
0.7322103497893407,0.0063401071273913,0.0013601124479047,8.086425002662357e-07,1.002766238208993
0.7314518986942896,0.0093313075660083,0.0018245419466135,1.2843256948467345e-08,1.0027774553056206
0.7349526756538588,0.0040600801843316,0.000931082594443754,8.844528434226464e-07,1.0027314821407372
0.7363965863780849,0.0031770718263228,0.0007477785382102957,1.0947667850669073e-07,1.0027143711316917
0.7385420791376194,0.0018746176943377,0.0004567757399635823,-1.7832544162170364e-07,1.002686206032834
0.7378187354168868,0.00281910285466,0.0006694203866432676,2.7493458054558485e-08,1.0026961731306427
0.7298257613117615,0.0317725155927326,0.0016652346068647,1.1383998379008e-06,1.0027991986874636
0.7299945617028384,0.0290773100383725,0.0020237781303547,-1.1617692307418442e-06,1.0027949151833726
0.7310206899187461,0.0336838315471209,0.0013553272528938,5.893668668774614e-07,1.002782367296262
0.732390784874748,0.0356857749040405,0.0009831670660704992,1.39949811978806e-06,1.002765818527328
0.7340611553115329,0.036746679154966,0.0007638314432039278,7.423148650888274e-07,1.002744287856413
0.7306996728162366,0.0268380177919113,0.0022554377888503,-5.353491377338807e-07,1.0027878682470397
0.737302191861608,0.0387782152929295,0.00030298022723900626,9.59496941019758e-09,1.0027020220345315
0.7374123991948914,0.0392921853489594,0.000177884173822648,2.4119549328446687e-09,1.0027004700376252
0.73627155278075,0.0380854649783735,0.00046606930833097046,4.188186599619457e-07,1.0027154326159335
0.7355332956768934,0.0371798203127313,0.0006694528625766057,5.088171045068748e-07,1.002724880236667
0.7313557316744826,0.0246138017285733,0.0024174655271015,-7.09992983539936e-09,1.002778686193287
0.730361254653451,0.0205807750015561,0.0025504597555609,1.1810219813523926e-07,1.0027898168776268
0.7316897772701559,0.0160066818674857,0.002451745950556,-4.5092107248787837e-07,1.0027739751308629
0.7310337246683631,0.0183046344458958,0.0025352377730089,1.3059851996828372e-07,1.0027826882154705
0.7320649116486934,0.0224011785220156,0.0025162007727044,-3.9428985242650376e-08,1.002768697656913
0.7324165707671568,0.0136612799696254,0.0022969930966374,-1.5536552573301102e-07,1.002764689445982
0.7340188582809996,0.0155095165149633,0.0024253821329503,6.023630032107583e-07,1.002744954231589
0.740343709812931,0.0012288669480999,0.00030458810737429143,-4.455402741493864e-09,1.002663572442312
0.7416084370009917,0.0007084507587352692,0.0001779910378333202,-2.2561522848516843e-08,1.002647477318148
0.7400728536878757,0.0018513059966758,0.00045153316041694254,1.443662888382513e-07,1.0026676359294415
0.7417223853230318,0.0012309993138005,0.0003051952262402269,-5.666611013235887e-08,1.0026459559560674
0.7430071715482265,0.0007079934162553697,0.000177911285401028,5.0660404787002905e-09,1.0026295268314047
0.7330434170429551,0.0113337807627361,0.0020732223410764,9.88298818168214e-07,1.002757126369661
0.7344799703150102,0.0062514934855929,0.0013445139174822,1.2075804042113512e-06,1.002741116771387
0.7335890506121627,0.0086650691746063,0.0017297118315019,8.448511692552553e-08,1.002749865748111
0.736204054451576,0.0049333997391647,0.001101949917776,-2.9588875687187645e-07,1.0027163536904071
0.737679658334614,0.0041689097995906,0.0009527441271516496,1.2184571349557265e-07,1.0026979509807976
0.7392444675457536,0.0030729387295183,0.0007254775850064334,-5.085911212449027e-08,1.002677466878393
0.7316467328698432,0.0311134355568222,0.0017599049676023,-2.501876484721465e-07,1.0027713679235797
0.732254621094952,0.0284853154931592,0.0020928549298378,1.0270000216704031e-06,1.0027670988790518
0.732992982805193,0.0330839446341309,0.0014574566649629,1.008738533700332e-06,1.002759742118546
0.7341825530277831,0.0349964258521079,0.0011154036289952,4.941517751864494e-09,1.002740797671159
0.7356681712592237,0.0357753166782018,0.000963712155154328,3.444086057183177e-07,1.0027228350368638
0.7330822360018849,0.0263023980480306,0.0023009571226999,7.159176324209971e-07,1.0027590265956434
0.7339955111925817,0.0280056020790351,0.0021438281285127,5.205156693887475e-07,1.0027438225833127
0.7386858216286649,0.0387745056470601,0.00030381357222001275,-3.1441447963499485e-08,1.002684027782398
0.7388111510199705,0.0392912403260456,0.00017808662218704387,-1.3801522441971718e-08,1.0026824660637366
0.7376634748278219,0.0380879818084789,0.00046555048252433794,-1.4951320541408526e-07,1.0026973546946627
0.7370091854859008,0.0368274089751609,0.0007467659325801859,7.095418204402966e-08,1.0027058751027884
0.7400593558643925,0.0387666709346267,0.0003056118237496218,-4.6813720938683456e-08,1.0026661253443605
0.7402098988917647,0.0392916001864218,0.00017789166949256692,-3.1810621020882645e-08,1.0026640551292496
0.7336007977603426,0.0241113557372048,0.0024455109682769,-1.5770792832694765e-07,1.002750449619941
0.7329040438896289,0.0202079638865982,0.0025522671674856,-4.732376519484841e-07,1.0027582156208783
0.7334312638002394,0.0179680467710784,0.0025271203518368,7.148758284386337e-07,1.002752816051158
0.734459691549577,0.0220759301597004,0.0025255238453618,1.945036426477624e-07,1.0027390185305558
0.7355689267466773,0.0172386200371806,0.0025046308244977,1.710636647696106e-07,1.0027276966427638
0.7350511425472527,0.013034292363872,0.0022459910271937,2.1612130590699274e-07,1.0027313617394873
0.7364212985661158,0.0151650922244783,0.0024036084255847,-4.554275265282418e-07,1.002714919413893
0.7431412493610633,0.0012311127407678,0.000305211718960848,1.5724335498524282e-08,1.0026277026428156
0.7444059421088417,0.0007058030005845355,0.00017730792717462614,2.8578929220383637e-08,1.002611524732514
0.7413905493877935,0.0019156675594675,0.0004664674155498998,-2.655237116060245e-07,1.0026498022680992
0.7407504261294342,0.0026507960705815,0.0006326181976711117,-1.9998777703531202e-07,1.0026591814860295
0.7428683655187359,0.0018534311196146,0.00045220309674697,1.9698550719088745e-07,1.002631725214275
0.7351587051665417,0.0105989836867763,0.0019857995058143,-1.0962639863911588e-06,1.0027285935004426
0.7361240786209056,0.0069543091494707,0.0014618077490413,5.79638333256707e-07,1.0027215735176962
0.7352472767214409,0.0082863951198312,0.0016739525820494,8.730691297201996e-07,1.0027273247361947
0.7374174174853795,0.0061366255974729,0.0013239783143277,-9.116381734517436e-08,1.0027014325941497
0.7389966887300038,0.0048743200504049,0.0010916268184762,-9.938578860465653e-08,1.0026811818655814
0.7367519264662483,0.011554910076861,0.002096445763391,-2.9694672853923617e-07,1.002707864745321
0.7406187624922387,0.0039951107566099,0.000918022814456542,-5.1209371728780995e-08,1.00266175413525
0.7339814722912789,0.0303278506377412,0.0018678081484576,7.747503333312549e-07,1.002741981446914
0.7347356638487584,0.0326963493069527,0.0015178587370248,-1.7417025013480925e-06,1.0027337786525956
0.7359884859201946,0.0337926356377457,0.0013343417775531,-2.697618826794843e-07,1.002719286617024
0.7372343521330372,0.0351089301364989,0.0010932612126302,-3.699880732159722e-07,1.002702481920396
0.7348651902800748,0.0268423349029955,0.0022525931877352,-2.58047270498756e-07,1.0027337564295526
0.7347762950659584,0.025418244743837,0.0023626229287785,2.725481368616653e-07,1.0027328194474692
0.7358286515933622,0.0283809949697555,0.0021047211898195,5.421886203740611e-07,1.002720192855512
0.7390022642888597,0.0381197487923784,0.00045816557896963776,4.9265622122603127e-08,1.0026795165973983
0.738388882938554,0.0371788173444392,0.0006696119277772896,-1.359198212525795e-07,1.00268765880791
0.738487050631238,0.0359980588221423,0.0009185471640340498,-3.2409763766216335e-07,1.0026860725470776
0.7414186681852009,0.0388815676069184,0.0002778690279290378,-7.844143117865491e-08,1.0026485440008022
0.7416086388595081,0.0392930972007012,0.00017749237366160547,-2.196989323463869e-08,1.0026460566376203
0.7404401899548317,0.0380883187942993,0.00046524330710209593,-2.9106017315554564e-07,1.00266146707851
0.7428131080041438,0.0387777933532291,0.0003025625142676733,-1.311421339963071e-07,1.0026310654201644
0.7430073815084949,0.0392956464046491,0.0001766558502552025,-4.722157308399932e-08,1.0026285696792911
0.7358026418330798,0.023930293863424,0.0024545337610992,1.6561174928855202e-07,1.002719952113302
0.7355860171656368,0.0196714128881085,0.0025546539973595,7.141664040747425e-07,1.002726330957442
0.7369285888338756,0.021970640235377,0.0025282702134095,-1.4589915168128717e-07,1.0027073520263885
0.7373307754629564,0.0167647596107942,0.0024829218787903,-7.085894602329547e-07,1.002700893265593
0.7371373159724989,0.018306231444679,0.0025318758255021,-7.363851289372359e-07,1.0027014364652505
0.7375562794516394,0.0134190213342244,0.0022781197583296,7.476833503252773e-07,1.0027001109092302
0.7385828393369698,0.0155733237912465,0.0024287755181482,6.45406751111768e-07,1.002685173218998
0.7445658732734398,0.0012365619502603,0.0003064078960635028,7.290368983359482e-08,1.002609491915124
0.7458046688374589,0.0007018943725340357,0.00017625029329232942,2.0592946885947795e-08,1.0025935881791548
0.7441073110501358,0.0019912540072677,0.0004837788234811748,-5.4794371326699724e-08,1.002614789153056
0.742075455131145,0.0029874311326934,0.0007073753713993336,6.696461293404536e-08,1.0026419055696287
0.7434906765356316,0.0027591900414733,0.0006564089390983422,5.477052498936364e-07,1.0026238380399617
0.7372838263785059,0.0088421658106933,0.0017581689351052,-5.461583055271825e-07,1.0027003108823056
0.7387874053555374,0.0070412380642032,0.0014744920412683,6.094346960208204e-07,1.00268190877194
0.740274264854953,0.0060608891533497,0.0013095931977996,2.3014411596034038e-07,1.0026646359955682
0.7387390456295514,0.0114506050297671,0.0020853860408962,-5.541160283000525e-07,1.0026817045276284
0.7418085593632359,0.0048556622808297,0.0010873475401043,3.905280684376829e-07,1.0026440479967749
0.7364438895809097,0.0311152827851333,0.0017621923979664,1.539806168267196e-06,1.0027123997449332
0.7375374336929529,0.0331353792596271,0.0014440985107784,-7.623837884942672e-07,1.0026976745091818
0.738760022815579,0.0339885505652355,0.0012998896723694,-6.870903213740786e-07,1.002681969948949
0.7366432575254359,0.0261041890241144,0.0023161120127032,-2.468790940420788e-07,1.0027068837899742
0.7379600121162473,0.0284356009170153,0.0020983491438696,-1.612236407178974e-07,1.0026916799145005
0.7397824394589493,0.0368608883240353,0.0007395994379425808,-2.124399180101861e-07,1.00266998541632
0.7399981731104078,0.0351431029032908,0.0010861907212919,-5.383932798332411e-07,1.002666758654322
0.7418110196496319,0.0381471316002701,0.0004515112269862764,-4.316827611711442e-08,1.002643458990644
0.7411629401103326,0.0371926503391149,0.0006664747102057982,-3.303743630606925e-07,1.0026520839910409
0.7442322626495823,0.0387793495292581,0.0003020983942942257,5.624339154347205e-08,1.0026131051496077
0.7444060843468536,0.0392998377514484,0.00017561100829742993,2.56555559246376e-08,1.0026108059812175
0.7432212249113029,0.0381103229873674,0.0004597022118483566,-3.341036012878479e-07,1.0026260452767053
0.7456368782339514,0.0387948892174922,0.00029840433031174616,-1.401772247713223e-07,1.002595126330739
0.7458046636981089,0.039304821022118,0.0001743537625936293,-6.045249857934106e-08,1.0025930922111743
0.7383242408443565,0.0240895609539575,0.0024467345134053,-9.340544136114255e-08,1.0026887689511568
0.7380389366664265,0.0199966993751276,0.0025536222087104,4.6742235958082163e-07,1.002691876136414
0.7393600049453606,0.0220598111151991,0.0025255014642429,1.4416987187789597e-08,1.0026770627287995
0.739161923822569,0.0178597008903645,0.0025233135821915,-1.0510568132166796e-06,1.002675523494312
0.7398629821243902,0.0137084808438339,0.0023024349069254,-3.169989166486794e-07,1.0026699017593428
0.7411779405686267,0.0161589567107839,0.0024609146703415,5.535647954463199e-07,1.0026537471236667
0.7459435456872692,0.0012070695558048,0.00029919901941205274,3.485864675956155e-08,1.0025918606591573
0.7472032912621334,0.0006970997659095311,0.00017509758594728557,-4.390682248084044e-08,1.002575956283344
0.7455631884720083,0.001916260248212,0.0004663540907803372,3.032522783447679e-07,1.002597016876208
0.7473355694580922,0.0012297042597235,0.0003047150440787459,-8.330445046823802e-08,1.0025743394605522
0.7486017573481841,0.0006923269361461106,0.00017402719247378804,-1.5232884164203846e-08,1.0025574880676873
0.744853541289393,0.0032526822083612,0.000763603919389222,4.339848547437322e-07,1.0026056982967144
0.7433314128593677,0.0041729088654212,0.0009528872400857268,6.734466781712684e-07,1.002624871513117
0.7400447555824423,0.0087142597611639,0.0017407385252533,-1.178554474528101e-07,1.0026687021595182
0.7415000352152319,0.0068715583485247,0.0014467127431362,-2.8644247402459015e-07,1.0026473156353617
0.7410808120790492,0.0115413218734528,0.0020955110293477,-4.84224056643282e-07,1.0026544244112952
0.7430157441695361,0.0061159116582096,0.0013194848311509,3.9446851357153206e-07,1.0026274330490044
0.7487807405440257,0.0012031525986663,0.00029838502484433294,-3.254296422346555e-08,1.0025552062718364
0.750000093928589,0.0006899285547706953,0.00017353602657612486,-4.617829796794976e-08,1.0025396199955123
0.7502269283242223,0.0011985131220667,0.0002974354053113378,-6.613541220020013e-08,1.0025366669500873
0.7513985125523996,0.0006913841550290453,0.00017379904379109413,1.206070443182846e-07,1.0025203780479175
0.7515859769138641,0.0011942044310837,0.000296108187620677,3.170827964338324e-07,1.0025178119035425
0.7527971740712162,0.0006934346493159815,0.00017382395807345123,1.3929609828366166e-07,1.0025024693132336
0.7390245014514847,0.0313775930963502,0.0017260478803152,3.198987131248383e-07,1.002679863773323
0.7402786258743529,0.0331682391735035,0.0014395100556548,8.8764279594733e-07,1.0026635656873737
0.7393404477882509,0.0263003310731752,0.0022997234276787,2.8794632651674044e-07,1.002676798926242
0.7403910400374131,0.0285473802999698,0.0020851368063316,2.390716095298928e-07,1.0026636651846068
0.7412045074126512,0.0359536655305403,0.0009272494027191186,-4.810647612836838e-07,1.002650449263487
0.7416089519688002,0.0339074321074637,0.0013159057089328,3.929506585422702e-07,1.0026451871953073
0.7425765440755984,0.0369132474464295,0.0007279502096391122,-5.823613027873619e-07,1.002634049718223
0.7445465730729018,0.0381622281495179,0.0004477609634064476,2.234218619388126e-07,1.0026091147694152
0.743933476474617,0.0373207547449764,0.0006379091336769744,-4.8252582541966575e-08,1.0026175137576567
0.7470557333215259,0.0387890027599643,0.00029946511995581834,-7.405731991954359e-08,1.0025772633894752
0.7472031215986559,0.0393086985857172,0.00017313452514147983,-4.6387173383084794e-08,1.0025754407006684
0.7460049895039927,0.0381173165805248,0.00045801764052066414,-4.4622232057659437e-07,1.0025905480011803
0.7484404037026251,0.0389066833813334,0.0002712060479962328,4.181181567979064e-08,1.0025602299400669
0.7486015164815429,0.0393108199484725,0.0001726941321237011,3.6006896653725926e-08,1.0025582972644491
0.740998580224737,0.0240865031839001,0.0024482435503917,-2.421477928164693e-07,1.002654974368861
0.7406430660619955,0.0200755908940889,0.0025533755032222,-7.207736443937718e-07,1.0026587514717755
0.7414964399879317,0.02186854636704,0.0025280066076174,2.1633689603396105e-07,1.0026481267787704
0.7414503062160762,0.0183205013600962,0.002532929140733,7.921505817357025e-07,1.002649935547752
0.7429321188007986,0.0175236300946537,0.0025132706956244,2.504014939980185e-07,1.002628474511437
0.742124958728385,0.0138473757617371,0.0023128928927432,2.317046038261213e-07,1.0026409850025493
0.7433984175666776,0.015914392883045,0.0024471097226665,-5.016763036346522e-07,1.0026254512806994
0.7469384526899536,0.0019772307092859,0.0004803549680097987,-3.0269057879286985e-07,1.002579083812212
0.7463066839801669,0.0028456646776008,0.0006749815654800671,-1.990962007220079e-07,1.002587983686557
0.7484377158193407,0.0018826837175947,0.0004585964792066408,6.957707966145979e-08,1.0025600417513674
0.7463174948448561,0.0043029597729009,0.000980120712699921,-7.760861178692632e-08,1.002588819839051
0.7447445006672643,0.00506657587096,0.0011273859108693,1.1320117868486138e-07,1.0026075598442228
0.7426600518116536,0.0088705740535574,0.001763276288314,1.07054752229198e-06,1.002633818252986
0.7433229908140158,0.011705165593356,0.0021130162962442,-8.054921589365885e-07,1.0026256477855633
0.7444014473598421,0.0071778333434233,0.0014982935020992,-2.3460549731147305e-06,1.0026107048254704
0.7499328312252843,0.0018575965546816,0.0004528091752823826,-2.14662801513438e-07,1.0025406816443303
0.7513972684000078,0.0018161660277029,0.00044310130216100135,5.409468204431535e-07,1.0025205468783307
0.7529567151989585,0.0011756861793517,0.0002911429503456582,2.5393900941952845e-07,1.002500584043519
0.7541959470486542,0.0006927753875451438,0.00017344649147593827,-4.5360381362618024e-08,1.002485761827386
0.7527127062361404,0.0017521048013414,0.0004277005846980057,5.178826805533481e-07,1.0025036975787875
0.741808668200349,0.0311809055605053,0.0017539957876825,-3.626118511846923e-07,1.0026466844234247
0.741718255653023,0.0265450889583933,0.0022797136449686,5.37587820139476e-07,1.0026446930205628
0.7424019657174642,0.0284459977273358,0.0020953306621704,-2.657683777036943e-07,1.0026375204139288
0.7430318242434977,0.0250003498760821,0.0023926450176372,1.92492791597735e-09,1.0026279341149138
0.7428349859344833,0.0350673691540322,0.0011014829953113,-1.4467795852214826e-06,1.0026292726767414
0.7429625329798734,0.0331861024717002,0.0014369131651425,-6.239131179089263e-08,1.0026243644509834
0.7440636123845427,0.0359758286244657,0.0009222407041080068,-2.1924683679330037e-07,1.0026153898291634
0.7453354003628471,0.0369676003337378,0.0007155615681625414,-1.882360002133507e-08,1.002598981455154
0.7473344561571452,0.0381363738616702,0.00045329022528276577,-7.626700051287534e-08,1.002573408246015
0.746685715453054,0.0372901678222653,0.0006446504626333397,-5.873994363017416e-07,1.0025808709802553
0.749831228264731,0.0388059619219977,0.00029568758689370707,2.086560297866253e-07,1.0025433602577367
0.7499998965173276,0.0393108229102986,0.00017284976245152483,1.0440689751641412e-07,1.002541293437441
0.748769308447347,0.0381637786252273,0.0004470076435104029,1.874403441145838e-07,1.0025569046190252
0.7433406013348317,0.022867338116462,0.0025009743908979,-1.5476628010140924e-06,1.0026246511729526
0.7433364818342822,0.0199847103801626,0.0025564770444362,1.842160483858509e-07,1.00262446492156
0.7449998607763809,0.0175766706738581,0.0025157723102492,5.667253301961109e-07,1.00260068221725
0.7440330454998433,0.0139044415528153,0.0023166995473323,-4.600631284855757e-07,1.0026146987434308
0.744976231855334,0.0154610586661317,0.002421180250141,-9.367394082734528e-07,1.0026041388782825
0.7452222002504781,0.0122550140183071,0.0021692123990929,-3.0534231206651906e-07,1.0026024244979723
0.7464425606214429,0.0159714956291074,0.0024476027076785,-2.0904281305727828e-07,1.0025838184025235
0.7478112318156144,0.0031681473593964,0.000745452195558943,1.4287727548232066e-07,1.0025678574071486
0.7492858413498251,0.002807483533349,0.0006666146238402853,-2.175909226047487e-07,1.002549602241988
0.7477579611983085,0.0048691178760452,0.0010885928858094,4.368460673828282e-08,1.002567090772721
0.7464310501183898,0.0066155706450418,0.0014084100120491,4.008738366674173e-07,1.002582289448661
0.7452871230277412,0.009639968151171,0.0018678428118281,6.850710461330168e-07,1.002600351471017
0.7507326099661925,0.0029280738360394,0.0006926310086398831,3.555898098640107e-07,1.0025292334371427
0.7521554816246936,0.0026426453080668,0.0006303037229763225,8.51593230462839e-07,1.0025111115358405
0.7543814366621917,0.0012202455604538,0.000301645345528638,-1.3366175714120798e-07,1.002483276521701
0.7555946037340999,0.0006900552802737861,0.0001730545455585235,-9.45230613255002e-08,1.0024686186765333
0.7539790990555867,0.0018332484234252,0.0004463844902108109,1.5202084471804366e-08,1.0024878796024803
0.7533105727123871,0.0025459868345663,0.0006082211160970805,7.092983543279435e-07,1.0024962838678624
0.743796841642994,0.0317839330283712,0.00166260101238,-2.125118018774485e-07,1.0026216961431829
0.7439063292272191,0.0294279679617527,0.0019813001913082,-1.0175326821349838e-06,1.0026161599480528
0.7441956167348808,0.0270539516976103,0.0022365396211365,-1.4899299267259208e-07,1.0026156570365965
0.7450087717049155,0.0246392741408158,0.0024168551923941,9.075955253046716e-07,1.0026022483491366
0.7446459027304188,0.0340259187955826,0.0012971066046195,7.433894744000886e-07,1.0026073489768768
0.7454326081581699,0.0353942995155854,0.0010378470534441,9.176900521634328e-07,1.0025983910285068
0.7509642317992301,0.0387691605124202,0.0003048352243951297,2.3455419967521507e-07,1.002528609510709
0.7513983136144796,0.0393087655022938,0.0001736997631989297,5.19349338792344e-08,1.002523032505551
0.7524235630367685,0.0388220981171999,0.00029224693560608194,-5.072662065195835e-08,1.0025091870578589
0.7527968117403786,0.0393053036513336,0.00017458189690940646,-2.6020584101632808e-08,1.0025044498862477
0.7467744551845379,0.0359042059450223,0.0009383183134861812,-7.907536142631872e-07,1.0025784884859794
0.7481120448290612,0.0369790719691255,0.0007135141066313349,1.6944919261911396e-07,1.002565213444388
0.7501751076414416,0.0381346568071424,0.0004541240947626576,4.550140694707716e-07,1.0025388743549153
0.7494571271540138,0.0373179822478535,0.0006386776170689397,6.147801493412072e-07,1.0025486073306271
0.7455274855516804,0.0219723297096429,0.0025279238301583,7.070605764132536e-08,1.002595680535418
0.746302077081303,0.0196732745741,0.0025540353785407,-4.321027999105079e-07,1.0025894725030466
0.7473731518221748,0.0175176608967877,0.0025135178000529,8.087756141852238e-08,1.0025752934633612
0.746366550284904,0.0140079243901746,0.0023254950804279,-2.0446976129370343e-08,1.0025886521011411
0.7471565327365459,0.0116514918814749,0.0021074931985938,7.979223012045786e-07,1.0025755657915063
0.7480741235286268,0.0154560458029836,0.0024210384848854,1.025617694545053e-06,1.0025640063199874
0.7472545398495279,0.0239782487240467,0.0024514893278573,-4.495257866883002e-08,1.002573802276015
0.7494996233209824,0.00438064754693,0.0009952402138277618,2.45511587649694e-07,1.0025446357667074
0.748737549355374,0.0066393416793142,0.0014112682671051,3.892753290830563e-07,1.0025574977909726
0.7478155881032641,0.0092041275230368,0.0018070579766372,-5.274944482811081e-07,1.0025677704503329
0.7514497238252985,0.0042854771428209,0.0009757362361895476,1.141464373562473e-06,1.002520940485202
0.7560685272005859,0.0012684132815688,0.0003134904623413153,-1.6226059108603785e-07,1.002463033961759
0.756993082734877,0.0006879543696746317,0.0001726579081674964,1.0179590326824565e-08,1.0024504504266825
0.7530368980770928,0.0038438230524755,0.0008864617611454309,3.490236144112947e-07,1.002500384500957
0.7553761556487989,0.0020514426270828,0.0004966640418885918,-3.905409235124632e-07,1.002471668139388
0.7545974003583555,0.0030948308014368,0.0007296100575301146,-4.4198479640003685e-07,1.002481371740535
0.7571662100074126,0.0012229058273972,0.0003027994494994989,1.0016374464392537e-08,1.0024479405216091
0.758391495310788,0.0006882339819736215,0.00017280670468087085,-2.113593332511556e-08,1.002432732829847
0.7540097744480095,0.0387940962681082,0.00029888233308353204,1.9443914493965796e-08,1.002488912820411
0.7541954011344219,0.0393014719723309,0.0001754874358931134,8.387005209852758e-09,1.00248644021903
0.7554462983357988,0.038764947161847,0.0003060781955925045,5.537509210030104e-09,1.0024698439966704
0.7555941074166213,0.0392976402933283,0.00017642460647365865,-1.4106925009035316e-08,1.0024678912832583
0.7456607750771093,0.031098770352315,0.001763733913475,-2.0819225017593705e-07,1.0025950081129835
0.7460651193926323,0.0286592409196327,0.0020715721598933,-1.601450756609824e-07,1.002590525985435
0.7466182981755635,0.0263429844169012,0.0022975960974072,2.4091078716378488e-08,1.0025846129902922
0.7467578265619188,0.0336661817767691,0.0013593770604752,-5.179969435284735e-07,1.0025796091509565
0.7515325088634309,0.0380457912863477,0.0004748611665754475,2.2901881750263787e-07,1.002521136934904
0.7529947595391304,0.0380213179664217,0.00048048392630416177,-2.391851985655312e-07,1.002501666330973
0.7483231357421766,0.0351279142526508,0.0010923976669248,1.1504357431975264e-06,1.0025628264183315
0.7495976730787159,0.0360732843917834,0.0009038761056038392,7.08474853297394e-07,1.0025456015275709
0.7507070241098792,0.0370720681867413,0.0006929019282466089,4.926016140725428e-07,1.0025313089534158
0.7488070188593469,0.0256714775394309,0.0023486597858437,2.905908915377849e-07,1.0025547353375368
0.7479016048386516,0.0215934871543831,0.0025370595509697,3.7660826357843566e-07,1.002566538957267
0.7494528205060421,0.0172444600309497,0.0025048247697576,2.9958301540701e-07,1.0025478969240522
0.7486738776691109,0.0193947883698579,0.0025520985524618,2.3596247946704844e-08,1.0025581983464154
0.748659795273991,0.0133583044234812,0.002271589649172,-2.1924703575834322e-07,1.0025574425944097
0.7493514512801488,0.0112852457991757,0.0020665421930552,-5.832690572385391e-07,1.0025474684925706
0.7501402554234032,0.0151150547417482,0.0024005381289678,4.050562193560036e-07,1.002537683931126
0.7494286104255129,0.0234445158295019,0.0024765055291521,2.2649771179006546e-07,1.00254690824023
0.7507797856474866,0.0064976997544792,0.0013871427920061,8.148097863686771e-07,1.0025296589904469
0.7500395341614313,0.0090274774005504,0.0017824189724499,-8.347562883903443e-07,1.002538634841075
0.7525226043688235,0.0058341665706192,0.0012711557213557,-3.563371425437895e-07,1.0025084309871544
0.7568092838617293,0.0019887739755197,0.00048236429496107167,-1.8863839847502893e-07,1.0024527393412703
0.7542008994025949,0.0049053238413461,0.001098864267752,-5.499346009201641e-07,1.0024873272762826
0.7562020358508613,0.0031187676397307,0.0007338097570918979,-1.6446551424754262e-07,1.0024615534719403
0.7556711612393195,0.0046302830401363,0.0010451097156714,2.5736248476143e-07,1.0024672201637763
0.7585332222448882,0.0011731887581028,0.0002910190936796425,-1.0188249263413788e-07,1.002430946629138
0.7597899655113667,0.0006903594082127433,0.0001734705956629418,-6.049280617176274e-08,1.0024153609456532
0.7583082097528185,0.0017468687584485,0.0004270149122105024,-9.507139816463617e-08,1.002434074057618
0.756768762019604,0.0388857407735368,0.0002769819113337588,-8.605500780182823e-09,1.0024528859853985
0.756992943360061,0.0392954739679431,0.00017700302023224094,1.0229761586844992e-08,1.002449906629486
0.758178144542672,0.038782703488141,0.0003016992643998327,-9.287236770105899e-08,1.0024351492453514
0.7583918226472004,0.0392962316723376,0.0001767205921013899,-3.3855095496323e-08,1.0024323081437088
0.7544225476556301,0.0380580878877885,0.0004722306598638298,3.361043581111926e-07,1.0024833634680017
0.7558553759165164,0.0380318680698199,0.00047844687853379296,-2.544652247200936e-07,1.0024646667159507
0.7476374399267903,0.0306568721599432,0.0018250918867087,-6.876049958370344e-08,1.0025696559160395
0.7482775639754632,0.0279742715957462,0.0021468263849734,9.169083398861516e-07,1.0025615008097732
0.7489460355845775,0.0326209471933035,0.0015324394169928,1.160009201251378e-06,1.0025559841450773
0.7522581429873725,0.0369653597844843,0.000715657533049425,-5.870333477507639e-08,1.0025120525598827
0.7535535750845488,0.0371921462639691,0.0006664268394141672,-1.6500212686080665e-07,1.002494125795223
0.750197327139818,0.0343326822028019,0.0012391364673582,-4.31040752491457e-07,1.0025351269986889
0.751397978322286,0.035736413395304,0.0009713923506389732,-7.274757598558184e-08,1.0025211770625335
0.750396666196096,0.0271862395418416,0.0022238894700781,1.2951483006874149e-06,1.002536589646805
0.7508664345563231,0.0251022424937635,0.0023868845193994,1.8665160265883282e-07,1.0025297432237623
0.7500980504221263,0.0212594344399552,0.0025433766813313,3.247421307436509e-07,1.0025391591852406
0.7515611056728356,0.0168944140063623,0.0024917050089364,2.188366883620032e-07,1.0025208554693017
0.7508673931288053,0.019087981701515,0.0025491424697485,4.324969446494021e-08,1.0025295528818914
0.7507985907885822,0.0130361913778689,0.0022429672259755,1.5126663203553048e-07,1.0025297566044238
0.7515322408370405,0.0109874622059878,0.00203229048014,4.1014227448663365e-07,1.0025227096520988
0.7521917655991018,0.0147670933587886,0.0023781788638976,3.404263193433833e-07,1.0025114691311705
0.7515078326357437,0.0230695259397154,0.0024921745957224,1.1738241106776397e-07,1.0025215065575568
0.7599409927955342,0.0011880852810034,0.0002948297159091282,-1.654887587550289e-07,1.0024129726160445
0.7611885424051962,0.0006932247557590054,0.00017431848855614342,-5.480129503096473e-09,1.002397351509155
0.7523922929534166,0.0085176173357833,0.0017112437263808,4.011720866617336e-07,1.0025092250494063
0.7538256811948779,0.00706984834481,0.0014818393276234,-1.3589006528512826e-06,1.0024920823326475
0.757674248604013,0.0028765026070095,0.0006819309806892281,-4.775180115269477e-07,1.00244279209071
0.7552950963666212,0.0066011780283767,0.0014053000757163,1.0241310518214284e-06,1.0024684922895224
0.7571365455128781,0.0042056596720227,0.0009600666034566536,-1.275035019443191e-06,1.002450762197321
0.7565949899446063,0.0058559382579048,0.0012748053404979,-4.885547559159835e-07,1.0024571013284942
0.7595753754570755,0.0018176904048324,0.00044379547471617287,-3.318146350836367e-07,1.0024177994601935
0.7588692959740383,0.0025449796672883,0.0006089784764401765,-3.164196894135432e-07,1.0024263650851584
0.7596870399829853,0.0387830010653125,0.0003016317402372623,7.9837019894848e-08,1.0024160122990355
0.7597906104034187,0.0392997604720251,0.00017587578224035076,3.7848929910303044e-08,1.002414686538019
0.7585196952538419,0.0381772080798589,0.00044486097391345866,-1.4230285214276893e-07,1.002430759181278
0.75720910045841,0.0381063860600586,0.0004611175595184703,1.3087052182581738e-07,1.002447390327731
0.7564950788308147,0.0371499607593585,0.0006761109015502277,-1.1832487403844613e-07,1.0024559831495046
0.7550409625309403,0.0367177412937987,0.0007696934507966354,4.003843721649021e-07,1.0024757817404997
0.7500689371053743,0.0296469453465095,0.0019566277510311,9.925841072265515e-07,1.0025394774415803
0.7507868185555259,0.0322214839464643,0.001592409705914,-2.2491475877607297e-06,1.002526830419378
0.7533630120049598,0.0357244216081222,0.0009744420529371312,2.1734058213134562e-07,1.0024985727072993
0.7521601090997434,0.0337710903248241,0.0013399140899501,-1.1254005286084497e-06,1.0025114755053857
0.7522080497612692,0.0282717141909562,0.0021155906239022,-7.121825147437239e-07,1.002514226690172
0.7520779146144577,0.0264016875418912,0.0022898920609672,-9.606693160410707e-08,1.00251405266523
0.7529616268024472,0.0248395020613188,0.0024033318631308,-1.1420775991178155e-06,1.0025034914567312
0.7522044204284623,0.0209620432893841,0.0025479893684864,6.395393645949851e-07,1.0025129983340475
0.7535257040857058,0.0164038838784029,0.0024711484620769,3.836830611396934e-07,1.0024972585919547
0.7531885580754218,0.0187479943814928,0.0025452433183366,5.17997155281109e-07,1.0025018216440145
0.752905785406326,0.0127122533005595,0.0022130551247535,-4.848910251904254e-07,1.00250119273361
0.7533582744942695,0.0108396378717401,0.002012632031638,-1.2282042449564666e-07,1.0024952042902862
0.7542190534122398,0.0144410054867698,0.0023550480275514,8.451906803636405e-07,1.00248608816729
0.7534878531885331,0.0228092766423507,0.0025029035358931,-1.2585997897864073e-07,1.002495164485852
0.7616052511507237,0.0012459937176974,0.0003088162708669248,4.98877480857939e-08,1.0023921788625367
0.762587236611036,0.0006958069012984402,0.00017484033373617894,5.2513280026224886e-08,1.0023793887899752
0.7608632796699745,0.001993829319993,0.0004847394222672148,-2.344262993729821e-09,1.002401392632068
0.7627271885061461,0.0012206212542282,0.000302671205921519,1.0522660685810755e-07,1.0023773728546674
0.763986054417123,0.0006971616866733937,0.000175013270207921,6.045156487973903e-08,1.0023614141708486
0.7546879299699876,0.0093670292022963,0.0018314697430524,1.4934323190565873e-06,1.0024793467037645
0.7586461702107359,0.0038467040549728,0.0008887867336045391,-7.460583620716014e-07,1.0024305011485974
0.7567709083918389,0.0080732280696847,0.0016409066789877,-6.377821575479911e-07,1.002455172463539
0.7580947983316032,0.0059728462604721,0.0012974617706421,-1.8133308991073848e-06,1.0024387557584495
0.7601805447132283,0.0029607655923194,0.0007017705731404633,-6.201107659836465e-07,1.0024109750995052
0.7610592901191335,0.0387958160650267,0.00029864137468483463,-4.8884997123197865e-08,1.0023981788070342
0.7611892337657236,0.0393042427006306,0.00017479615073203445,-2.0719731941703788e-08,1.002396461823447
0.7599356357795201,0.0381621381794867,0.0004482875943685994,1.6543617490873786e-07,1.0024126581363602
0.7593079787924063,0.0373126596975045,0.0006404242356786124,8.728377009112195e-08,1.002420960621074
0.7579123460223444,0.0369012246584484,0.0007311402203402616,-5.143669233559621e-08,1.0024388289358237
0.7565074154143319,0.035701701329226,0.0009786905699428418,-3.853404710617797e-07,1.0024550628241842
0.7550847126055572,0.0351325897784287,0.0010873207531561,1.1709967212361296e-07,1.0024756718758283
0.7526497262756389,0.0309774977649837,0.0017807373403113,4.534079258212768e-07,1.002505173102579
0.7541214139158003,0.0333918768779961,0.0014054756580418,2.54931124257219e-07,1.0024866800309091
0.7539471844507474,0.028918244961654,0.0020412075940142,5.270402016164345e-07,1.0024855309637462
0.7540208612303914,0.026805447997378,0.002257018590041,-1.013003483552691e-06,1.0024854596437585
0.7548398864964652,0.0245794553087822,0.0024197329656177,9.54396540140888e-07,1.002477399930758
0.7540770690135156,0.0208042258662701,0.0025496862082936,-5.8641844266654766e-08,1.002486887266654
0.7551372422034449,0.0160207840122638,0.0024510746215969,-2.933744516694306e-07,1.0024733880314782
0.7549991675570236,0.0176966252651204,0.0025169545462405,-6.147219654231595e-07,1.0024737745637555
0.7550725075028379,0.0193766471431641,0.0025498739433875,6.257723819359497e-07,1.0024756695522692
0.755332584672976,0.012203985711426,0.002165836070761,-6.481517792324525e-07,1.0024719919930538
0.7562767865752377,0.0148001874551945,0.0023809755045986,-2.9606395062025282e-08,1.002458850576246
0.7553420584290227,0.0226075186816223,0.0025099112762256,1.8642376214410626e-07,1.002470025755951
0.7563965117313444,0.023985215002111,0.0024504657016469,4.03666554167288e-07,1.0024589643303483
0.7641066127532419,0.0011886955208812,0.000294704649087518,1.225004377216552e-07,1.002360040559486
0.7653849265859797,0.0006955758987743973,0.0001745966803054848,-5.347994287628321e-08,1.0023443752827788
0.762261141134552,0.0020175132755854,0.0004899451778993406,1.056820166870933e-07,1.0023832003119242
0.761580282557303,0.0028112522658259,0.0006682609418904925,6.149242047722053e-07,1.0023921631517714
0.7636343536847328,0.0020140420468782,0.0004889079457502237,3.710171755520655e-07,1.0023658484608122
0.7570558462471674,0.0105882018869534,0.0019871301982453,1.6447677901491347e-06,1.0024504627022088
0.7598482974470667,0.0046264816283016,0.0010445316453684,-1.0160805361466748e-06,1.00241469593694
0.7583730610918505,0.0087397542014127,0.0017404884604539,-1.963224094797194e-06,1.002432386692416
0.7595600699251888,0.0066775539624475,0.0014153642277534,1.230492955629386e-07,1.0024171019729722
0.7613981302952668,0.0041293211393217,0.000946033952372788,7.763992077989498e-07,1.002393794158577
0.7624244163741077,0.0388004471034079,0.00029743480587448006,1.4177528448226946e-08,1.0023808783884771
0.7625877482356703,0.0393077281441398,0.00017389837615129774,4.905616618373909e-09,1.0023788004794636
0.7613244348019287,0.0381886063666655,0.00044212906483010215,-1.5268709469125924e-07,1.0023950507706567
0.7638298372923794,0.0388231710903784,0.00029190136542869605,-1.3484135215438998e-07,1.0023628676384495
0.7639862364182007,0.0393100897361027,0.00017323724457361662,-5.346979569163475e-08,1.0023607074155414
0.7607377191407999,0.0370237385107952,0.0007045172091274868,-1.0056650623355468e-07,1.0024025621801045
0.7594207072635788,0.0359623746392134,0.0009252661066628346,-1.6236324991880135e-07,1.0024186494659808
0.7580844700568833,0.0349289056717085,0.0011278615064885,-3.561685254448801e-07,1.0024354286437756
0.7564376652436388,0.0332690706534962,0.0014271237392963,4.990834800205356e-07,1.0024595808353158
0.7552555710410119,0.0306211287064819,0.0018300403744098,-5.375628554368782e-07,1.0024742974402072
0.755775139299237,0.02829957809665,0.0021112509111812,1.0523041439803318e-06,1.002464715752353
0.7565314412244957,0.0259049549557772,0.0023311018392645,7.750171086808492e-07,1.002456070746255
0.7561330646239507,0.0207421057777701,0.0025503518833404,-3.496101735170958e-08,1.0024606361391517
0.7565927977503283,0.0167622777681707,0.002486214069739,-2.1805706831836185e-07,1.002451325540614
0.7565993817176122,0.0188288274126868,0.0025430326332375,-3.000321580040219e-07,1.0024514013544026
0.7576449064356038,0.0131610399779703,0.0022531577950113,1.049644261780887e-06,1.002442555347647
0.7580399577786973,0.0155792068489672,0.0024304866078824,-8.092541090756591e-07,1.002437682498423
0.7572713213948533,0.0224732448531099,0.0025138668364908,5.843857592581526e-07,1.002447977553936
0.7579978511125631,0.0243607662156053,0.0024307116884596,-2.624021091267573e-07,1.002437423217346
0.7655314849136327,0.0012271093816599,0.00030402918383564526,-1.2129956132116353e-07,1.0023425624387208
0.7667836995849958,0.0006911438980362423,0.00017364296666371568,-3.5307988858520954e-08,1.0023265612832568
0.765108345917482,0.0019467853159126,0.0004734953113004707,-2.704354564057659e-07,1.0023479068646794
0.7629582068961904,0.0032458496787014,0.0007628018630371692,5.426529276793068e-07,1.002374829479274
0.7644188241113394,0.0028611497503917,0.0006787517093881501,1.7193478750802525e-07,1.0023570184872874
0.7593339331446793,0.0114450249950408,0.002088631971478,2.12637571808529e-07,1.0024209354997102
0.761073455593603,0.0061157897387004,0.0013192912825378,9.797612227609292e-07,1.00239520751577
0.7604137425710684,0.0084207874319506,0.0016930832469639,7.735650466345484e-08,1.0024068336389138
0.7627479945642092,0.0050157879320817,0.0011192577748978,9.8337698705632e-07,1.002377051461273
0.7627206509556937,0.0381903433592987,0.0004416710445006952,3.861090858445553e-08,1.0023768803782895
0.762094957502119,0.03736486102764,0.0006288755171359298,-5.0417309266694296e-08,1.0023851433835242
0.7652286546842745,0.0388188407058634,0.0002927210626441291,-1.1609365684559584e-08,1.0023452232648522
0.7653846871608335,0.0393117765883421,0.00017270925492449108,1.3079281496804586e-08,1.0023432936843202
0.7640734558523706,0.0382423954786265,0.0004293964162011036,-2.938185394460823e-07,1.002360053803704
0.7610298238547754,0.0351431772827079,0.0010869419565534,-3.4404676510199937e-07,1.0023989345386637
0.7622181537767513,0.0360258876581826,0.000912632638321414,-1.5605871637556912e-07,1.0023824699198465
0.7597918856107903,0.0338970853887895,0.0013168762004081,-4.850410045231233e-07,1.0024153850795718
0.7584505672956052,0.032812518470041,0.0014986484337317,-2.580879116804031e-06,1.0024314628712412
0.7575595063762794,0.0302947737405911,0.0018746283188748,7.169460619210254e-07,1.0024410271568434
0.757662034212175,0.0277399405396113,0.0021689229005714,7.3583765834669e-07,1.0024386470176752
0.7587277744110894,0.0261417122366621,0.0023121979822254,-5.366100847627772e-07,1.0024280816109796
0.7584360496883135,0.0203621522108644,0.0025535325864716,-5.795747740714809e-07,1.0024310469321638
0.7582603658391599,0.017854510712174,0.0025247918839503,4.881114500058017e-07,1.0024323053071071
0.7598265607391398,0.0143509043972336,0.0023518544507621,-6.19514440269267e-07,1.0024157455834894
0.7596383293523352,0.0165465372048836,0.0024769198468128,-8.276621496695378e-07,1.0024182010031992
0.7592945442192566,0.0227723753195816,0.0025037006992401,-6.65670654368223e-07,1.002419361264293
0.7596164787673145,0.0245604690146713,0.0024179709941734,-1.5229545736400811e-06,1.00241441436874
0.7613234350669256,0.0125792519501047,0.0021995669693489,1.59021848711906e-06,1.002393977349254
0.7622700007671478,0.0141778025060283,0.0023383249189209,6.684753169699848e-07,1.002384801341473
0.7669583035428432,0.001211382231399,0.0003003214922419645,-8.362225148655607e-08,1.002324297437844
0.7681823173200704,0.0006861711625355729,0.00017261887177014127,-7.16993805582429e-08,1.0023088716510995
0.766505496606511,0.0019863523889508,0.000482652725018936,5.5595513801243104e-08,1.0023301478852618
0.7683436288949381,0.0011943975788611,0.0002966209987328742,-1.739155708920451e-07,1.0023068750735324
0.7695808250582419,0.0006817787919334787,0.00017169162044239033,-7.060801289287349e-09,1.002290393138097
0.7658560234496816,0.0032520363332252,0.0007640908078114819,-1.740609863863597e-07,1.002338116326648
0.7642883552476031,0.0042735053570113,0.000974674647950603,1.4925887665849114e-07,1.0023587871354656
0.7620505201607574,0.0103534104123784,0.0019553370916977,-2.0471297420570104e-06,1.002386020814319
0.7622933201908623,0.0073976645945501,0.0015369240215239,5.835567050458505e-07,1.002383746318442
0.7639589046223189,0.0062495123239885,0.0013451906565704,-1.2541003622296472e-06,1.0023649191598702
0.7697522108329592,0.0011881663276669,0.00029524850898905106,-6.326818221903728e-09,1.0022880550856903
0.7709792531227644,0.0006785893274617491,0.00017090410069241945,-1.3974834150211864e-08,1.0022722215044375
0.763540879277459,0.0370870688468904,0.0006905937783763034,-4.440402948743292e-07,1.0023667921728936
0.7648141538886849,0.0374713381739348,0.0006048562017464756,-2.989110047236132e-07,1.0023507592563443
0.7665958181685526,0.0388013582219604,0.0002968969093472776,5.004222828024898e-08,1.0023278033722696
0.7667830586185773,0.0393119613712858,0.00017273616090151934,1.4987435192465556e-08,1.002325234114512
0.7654237767817262,0.0382250303733319,0.0004331730191789495,-1.7054533696839453e-08,1.002342681370976
0.7679703267327563,0.0387989991793978,0.0002974133086331228,-1.6777888399748425e-07,1.002309255804023
0.7681813853855421,0.0393094464688664,0.00017322388126149725,-8.110026154879356e-08,1.0023067408762436
0.7614299164007314,0.0330451327000895,0.001459238582613,-1.2623427794931545e-06,1.0023924282802583
0.7627172703481295,0.0340136866986275,0.0012945169493629,-5.966407990951901e-07,1.0023764167313465
0.7638719781036619,0.0352827078378907,0.0010595589383771,-9.78923073432796e-07,1.0023613820163586
0.7603171564287007,0.0311359602241076,0.0017600643371229,1.190774275823132e-06,1.002408516995314
0.7596023095544887,0.0283252142295371,0.0021097865634874,-6.818109614643272e-07,1.0024147893205175
0.7609320157181814,0.0259874360899848,0.0023244455876045,-6.260907508153781e-07,1.0023998998407793
0.7608379698181187,0.0212423056397476,0.0025448269199433,-1.0232779539578657e-07,1.0024043545908905
0.7606556684080907,0.0186216637645843,0.0025422163354263,-4.852967208208531e-07,1.0024050768892792
0.761563415136695,0.0162233531450553,0.0024627537655083,2.978936326831888e-07,1.0023911000110663
0.761428627281654,0.0236331319267188,0.0024705034098789,3.469608975556991e-08,1.002394488358357
0.7638594007325644,0.0157807231575468,0.0024408445071819,5.840271958109e-07,1.0023647013486343
0.7632675332550831,0.012116865324073,0.0021556133550021,8.827816455120428e-07,1.0023680498484346
0.7646576713630459,0.0137424715787243,0.0023045966967858,4.6667944994760493e-07,1.0023538813484183
0.7679090614907403,0.002008581451363,0.0004880104916754418,-6.565645515656979e-07,1.002312031687943
0.7673416886996038,0.0028016847444827,0.0006660292355413289,-5.886219286211493e-07,1.0023206148986503
0.7694399602749985,0.0018562494162851,0.0004532072074109579,1.0873020087931888e-07,1.0022927601259084
0.7673546315562465,0.004233389029367,0.0009676884222783568,-5.381624953532137e-07,1.002321722806946
0.765790177841879,0.0050166961236791,0.0011207195823828,-2.451061880598909e-07,1.002339994927091
0.7642146682641818,0.0091863558633314,0.0018048472867005,6.413845208236e-07,1.0023556523827877
0.765608941640726,0.0072340261106385,0.0015053173181494,-5.288867058525678e-07,1.002339382059492
0.7711995819679535,0.0011764513690714,0.00029236244610198885,-1.4803943977097222e-08,1.0022691830673078
0.7723776253495657,0.0006773195786465274,0.00017052647788096128,7.119943554639453e-08,1.0022531139295556
0.7708489533656873,0.0018899846606661,0.0004608496686008665,-1.0086672206060955e-09,1.0022739516764243
0.765025764026476,0.0361780679704214,0.0008812399549712569,-9.789095338362892e-07,1.0023456367981065
0.7660451513535014,0.037235272166572,0.000656735989168279,-2.053474984388519e-07,1.002334237876254
0.7667933657898053,0.0381650563117969,0.00044691067490791673,3.0951429530781257e-08,1.0023251181905888
0.7694069385266196,0.0387884042679258,0.0002998064461696759,1.1415768959762775e-07,1.002291555378607
0.7695797969157768,0.0393039038559912,0.00017453182386097788,4.3910525533844175e-08,1.0022895727684364
0.7682320224041678,0.0381701413071056,0.0004456344260103645,-2.664367665553433e-07,1.0023057622984517
0.7708292329213241,0.0387922721501593,0.00029920299105670967,1.0738594275468525e-07,1.0022735000986522
0.7709782875787264,0.039298361243116,0.0001760947410914557,5.299337954763626e-08,1.002271595954054
0.7630195645012668,0.0314891598148632,0.0017108638322834,6.98688270255818e-08,1.0023752866862072
0.7642028112218565,0.0332485624955787,0.0014251952108498,5.7164358015162085e-08,1.0023570524101026
0.7655896552225062,0.0342550505391586,0.001252479191667,-1.229299682769124e-06,1.0023381836335494
0.7622903332934454,0.0282871383173633,0.0021158817711327,-8.061335400882251e-07,1.0023832742489776
0.7644398878505837,0.0292921295884004,0.0019961335143372,2.722168985651828e-07,1.0023549627876818
0.7630931508186664,0.0256488804663927,0.0023499771367807,-3.216916390563595e-07,1.0023726777355997
0.762731927544554,0.0220000280808004,0.0025257609468801,6.059236555648477e-07,1.002377641910403
0.7628514996083718,0.0200957836427416,0.0025513631484128,-2.3048940781145443e-07,1.002374968267042
0.7631305308425778,0.0178627051116684,0.0025243264168864,-8.821004486092491e-07,1.0023729537651815
0.7637876400243173,0.0235747953551454,0.0024727380087074,4.7640678743700045e-07,1.002364763528176
0.7653805970227366,0.0172782256762319,0.0025072952296834,4.443516070088843e-07,1.002344748421235
0.7660952365090017,0.0153213157262475,0.0024150491368276,3.527997989866487e-07,1.0023352344053158
0.7655953836798118,0.0115493263664564,0.0020933446723403,-1.0139699796638667e-06,1.0023386059175576
0.766958151465044,0.0133018934670867,0.0022661486469931,-6.471600011945479e-07,1.0023229079374014
0.7688130531268795,0.0032015434912596,0.0007534202497826258,-9.389891015552515e-08,1.0023003514052833
0.770289011277433,0.002753693495781,0.0006555633082163401,1.6929762272376792e-08,1.00228186212927
0.768816794953233,0.0047283773481279,0.0010621113806022,1.1607190980802913e-07,1.0022993622741654
0.7675100512662018,0.0063999961354274,0.0013707375103978,1.2173140017221894e-06,1.0023133248437224
0.7667280742997128,0.0094036859112347,0.0018335684127275,8.290983053501294e-07,1.0023286788845718
0.7728604519400334,0.0012161533665875,0.0003015420314631261,2.874354634008084e-07,1.0022468742644046
0.7737759885732447,0.0006784430121466829,0.00017037361751718027,1.2356952922984014e-07,1.002234661667136
0.7722722792300941,0.001935825084823,0.0004709309859134495,4.1430420985910514e-07,1.002254673695436
0.7715879979519226,0.0029645112579618,0.0007011715307194505,6.790740669206634e-07,1.002262699412649
0.7721995723159258,0.0387665622454958,0.0003056533818324944,1.6566976616479873e-07,1.0022564152528446
0.772376952522279,0.0392902534725947,0.00017828025716748065,5.8581531854687016e-08,1.0022538248217698
0.7667130317446483,0.0357174484035121,0.0009742789557375394,-2.25155979266982e-08,1.0023247213066802
0.7674836661071022,0.0370494022022302,0.0006969120518286535,-1.3991116271133638e-07,1.002316004323953
0.7698048527890823,0.0380337197679432,0.0004772964550309281,3.36166860111959e-07,1.0022866517687106
0.7689403468522863,0.0371583845128795,0.0006735715543768087,7.477875508470828e-08,1.0022969324453053
0.7711498631984247,0.0380808410249749,0.0004669299894228261,2.2858053993172867e-07,1.0022698746919814
0.7655589283411188,0.0316538983857953,0.0016857123950035,4.314945493386752e-07,1.0023434311269706
0.7673627686192276,0.0335080550158852,0.0013857252291213,1.4220183987369186e-06,1.0023191524120232
0.7646570407083358,0.0272194357092778,0.0022179943382508,-1.240215683907155e-06,1.0023522124158932
0.7663974765941598,0.0288909199575228,0.002044677797911,7.510670591375505e-07,1.0023274773406057
0.765463247883356,0.0251909702399436,0.0023822700990643,8.931788308235196e-08,1.0023442346686633
0.764753900985371,0.0214540413523344,0.0025375093585755,2.6687551842745244e-07,1.002349060413205
0.7649990007984814,0.0193939499490638,0.0025493470076826,1.1189667419409064e-06,1.0023464647076386
0.7663389294262872,0.023037836764679,0.0024954989648057,1.3058607080472294e-09,1.002331855953926
0.7667584214785921,0.0184954007230182,0.0025370768810335,5.8534057440157066e-08,1.0023253942939605
0.7674184526860693,0.016853685744077,0.002491161731535,-1.567362766757664e-07,1.0023175546767111
0.7682800841842897,0.0149495628369362,0.0023913980254129,-7.753107147319604e-08,1.002305875042898
0.7679157565088333,0.0112242844946969,0.0020587172387668,7.411541101851245e-07,1.0023122509920463
0.7692298100401486,0.0129941083641286,0.0022390263296741,9.19780094764798e-09,1.0022950775176993
0.7705150716257931,0.0042165825324137,0.0009632622100146668,7.194338564725585e-07,1.0022765376896354
0.7697533993076996,0.0064248696100309,0.0013736634469602,3.824396875600546e-07,1.0022893679301754
0.7689319298716603,0.0088744844596188,0.0017587199944271,7.851517246186896e-08,1.0022974283042545
0.7739785369410682,0.0011878289151668,0.00029442475782800835,2.472490765677116e-07,1.0022321867112616
0.7751744330754673,0.0006820113540179716,0.00017103074205523786,3.1469655925473184e-08,1.0022170872040357
0.7736720831500657,0.0018536204021039,0.0004515272731909047,5.116763976619747e-07,1.0022363070362594
0.7753684079962504,0.0011693787112418,0.0002896875212434569,5.0986119977772025e-08,1.0022146925225834
0.7765730658799955,0.0006866816235882979,0.0001721510658242993,-3.1832716697421855e-08,1.002200065745732
0.7731105713644988,0.0028660290277454,0.0006791197186636978,7.158670762931561e-07,1.0022445902239732
0.7724913329138251,0.0041327835058738,0.0009453414217368512,1.4710473208600208e-06,1.002252905818105
0.7767728795673515,0.0011762599488821,0.0002913372997077372,-7.77908631675478e-08,1.0021976220177713
0.7779718895486006,0.0006896870686466431,0.00017305609357755138,-5.731811700441027e-08,1.002182349832646
0.7733306691592303,0.0387255892371807,0.0003155384620314177,-1.1550719242658548e-07,1.002240852580754
0.773775840686925,0.0392855296499299,0.0001794092142682574,-6.298214455640826e-08,1.0022353525036234
0.772503464882063,0.0380605625952406,0.0004717355525069561,2.5255810838278864e-07,1.0022525434670653
0.7687697337496388,0.035568386348709,0.0010060230605138,1.307298375101039e-06,1.0023006823966245
0.7704405629803127,0.0367129290941836,0.0007715809585740144,5.367976697748958e-07,1.002279476760007
0.7718126717899612,0.0371860194074065,0.0006681943353359182,6.133094973626474e-07,1.0022620633516015
0.7679003343782304,0.0308934112891583,0.0017918987218889,-1.390182871239672e-06,1.0023124312263068
0.7692760780992652,0.0329897274792307,0.0014726804668341,1.2570635094785625e-06,1.002294662976562
0.7670501576376701,0.0268516639228964,0.0022524791889345,5.555802340355303e-07,1.0023222277887636
0.7683834060452646,0.0286667860806225,0.0020701570347278,6.319696988630042e-07,1.0023059862651202
0.7678672920032968,0.0248061826079537,0.0024070503090909,4.18286759828598e-07,1.0023116436846753
0.767252317861175,0.0205546945995303,0.0025506842171865,5.136026244489098e-07,1.002318267479506
0.7689091777851482,0.0226462013266651,0.0025090572279692,2.9176767213821545e-07,1.0022987353536266
0.7686888449433235,0.0185107029710375,0.0025375992738734,9.962838951378883e-07,1.0022994707779709
0.769542543559769,0.0166065570684107,0.002480974702749,1.1990013856602225e-06,1.002288780208792
0.7704584100930338,0.0147565070636017,0.002378043555202,4.977732442433809e-07,1.0022786310961342
0.7703089670202955,0.0109659631611327,0.0020290073207421,-4.512180990858689e-07,1.0022792842240946
0.7714442909556166,0.0127682480751107,0.0022177908466099,-2.7375253586889334e-07,1.0022663427905496
0.7717732787581619,0.0061325287687763,0.0013233464855681,1.106014203166087e-06,1.002261231177733
0.7710739764473419,0.0088766916670909,0.0017591951248659,1.961017382680216e-07,1.0022703681308869
0.775063501150158,0.0018269792801098,0.00044510021851652907,1.370502259330602e-07,1.0022180684703843
0.774358596960487,0.0026310890853178,0.0006272828673940927,6.759696486627985e-07,1.0022268819601807
0.7764519554922389,0.0018759001775282,0.0004563643351177669,2.7942274260998728e-08,1.0022017248904476
0.774135454876054,0.0038724364548911,0.000891573868672178,5.222735878877026e-07,1.0022312489612055
0.7736589774444972,0.0056037742134074,0.0012291495349484,8.751767230325792e-07,1.0022384341498662
0.7782962275850221,0.0011974587950844,0.00029658266352911884,-9.981921818039389e-08,1.0021782579222736
0.7793707371689015,0.0006892084699471872,0.00017304305889269422,8.685707045075777e-09,1.002164262682762
0.777972006286839,0.0019606945064871,0.0004759996507736012,-3.485599814132779e-07,1.002182470969682
0.7747597591181971,0.0387479911755791,0.0003096949429573017,-1.1627338998129462e-07,1.0022227270879027
0.775174734239087,0.0392839839321014,0.00017959777566674214,-5.0679988372500577e-08,1.0022174809256603
0.7738550893982029,0.0379916525603668,0.000487410418944338,-5.296500373965233e-07,1.002233610983277
0.7729982542027596,0.037042271854603,0.0006996505059631302,-1.9203120472310073e-08,1.0022446241331624
0.7764032501055316,0.0387449093619406,0.00031039215072938903,-7.507541406987624e-08,1.0022021203891838
0.7765735540417206,0.0392846448399531,0.00017932108338629903,-1.8818051842521312e-08,1.0021998214477288
0.7706558373623099,0.034811298411884,0.0011499034349937,-4.908594809623474e-07,1.0022742126715
0.7719875705305328,0.0358877146144245,0.0009409892739010234,-1.0084081782774548e-07,1.0022580412985096
0.7709879188492669,0.0327118931981096,0.0015151128530961,-7.043570411437099e-08,1.0022711273401326
0.7734910689374869,0.0355453468251596,0.0010086797654484,-1.3175353066734355e-06,1.0022370580674451
0.7700348718093971,0.0303734940298761,0.0018634291005561,3.050255206599791e-07,1.002283947655252
0.7690485339130918,0.0265934982315487,0.0022755934863991,1.4183896265035491e-06,1.002295891131036
0.7700841812512542,0.028121342545585,0.0021294231102626,7.671259099429881e-07,1.002283025039761
0.7703937167337871,0.024516668401053,0.0024244445481538,1.584805836642041e-07,1.0022816016801093
0.7712623977232189,0.022573109775625,0.0025114704522717,-9.90247176817359e-07,1.0022688536020914
0.7703031900756326,0.0203760126884346,0.0025523800417378,2.487117604863684e-07,1.0022814939783886
0.7705211829304379,0.018088225382368,0.0025287484992432,1.5965169353389148e-06,1.0022761604076107
0.7716633893805743,0.016576228467739,0.0024797055049669,-3.476532577656607e-07,1.002263148482952
0.7725903424626647,0.0146445706573908,0.0023699073424748,-1.1149665606955995e-06,1.0022500966517756
0.7733579997464585,0.0129821613273708,0.0022365613460073,-6.968372530870626e-07,1.0022407342622817
0.7728800960840977,0.0108439153604109,0.002015861704455,-2.799868948773135e-07,1.0022474269108654
0.7732180032797827,0.0082354501039549,0.0016660122319938,1.4124917128946746e-06,1.0022423566331116
0.7757438400089071,0.003033776079595,0.0007167216208110301,1.968736338970388e-08,1.0022107474054305
0.7772174769010585,0.002841232013453,0.000674030256350273,-1.8322971464160242e-07,1.0021926458404935
0.775449410564109,0.0049671668174073,0.0011098088071827,-9.23726231355942e-07,1.0022155787074307
0.7748789136804513,0.0070398058819837,0.0014762172894059,-9.072279835397036e-07,1.0022224720242954
0.7796771167153783,0.0011177174538069,0.0002775464785225947,-9.623853418878692e-09,1.0021602242937622
0.780769425238023,0.0006865571852418769,0.00017240764620069356,-2.2207335090908032e-08,1.0021466403371126
0.7794272352465629,0.0018324528233946,0.0004466296637553259,6.079710522899372e-08,1.0021635046891406
0.7786151631477605,0.0029998969354774,0.0007083698693704958,-1.6291238363173952e-07,1.0021737345893065
0.7753831452627681,0.0379426338054229,0.0004982644614931752,-1.572736663693285e-08,1.0022148503315813
0.77439259903382,0.0370894781730564,0.0006891006393310813,-6.959708036669785e-07,1.002225395170904
0.7778069027736424,0.0387458808810174,0.00031022213450030496,1.1865911595028469e-07,1.002184444982312
0.7779722749169443,0.0392868351035536,0.00017885620095530063,4.4088152428499985e-08,1.002182472952554
0.7768499943816581,0.0380455779403814,0.0004748260390385198,-5.686640985030356e-08,1.002196692596806
0.779220798164002,0.0387655494971215,0.00030568319234941906,-7.269781401086066e-10,1.0021665841388665
0.7793708891841112,0.039289536166282,0.0001782617630537717,7.084986482577524e-09,1.0021645671816544
0.7725045132444518,0.0338511102712824,0.0013268005767908,-3.6802851279502666e-07,1.0022520771737191
0.7722482585563152,0.0310553655660828,0.001769511813719,1.9816642220573202e-07,1.0022579093962882
0.7740652638569744,0.0341230187540603,0.0012779770118482,-6.580870806959921e-07,1.0022337190382946
0.7749982127563834,0.0352784872835309,0.0010622270191843,3.013614004630798e-07,1.002219905687069
0.7717648720043301,0.0286192957222682,0.0020768691998616,-2.903356560925246e-07,1.0022603970863389
0.771128405600164,0.0265941319256245,0.0022757528648755,4.3937230322888475e-07,1.0022705040293367
0.7721171781873997,0.0253155699375391,0.0023697370158991,6.906721551827404e-09,1.0022572399991607
0.7721685750237814,0.0239142815516018,0.0024533679121045,-1.478234064120229e-06,1.0022565277485598
0.7731133840085894,0.0229007470991333,0.0025012952730046,1.5249341867039912e-07,1.0022445960557331
0.7726863426901622,0.0210846373458663,0.0025465798769416,5.119342433244482e-07,1.0022512212633392
0.7726395785065876,0.0188100819789619,0.002544420683921,-4.490386743834799e-08,1.0022494549023837
0.7737894001057977,0.0164112146518848,0.0024721498947528,2.3194209612011957e-07,1.0022353547684737
0.7746921819367789,0.014190744517475,0.0023386444688072,-1.620282601675111e-07,1.002224900024128
0.7750333103949786,0.0119873501674473,0.0021424239699618,9.85792908512382e-07,1.0022202718842463
0.7753889798877699,0.0094883759088689,0.0018452035913748,1.5942644513041776e-08,1.0022152006685277
0.7773395957012916,0.0044344849117224,0.0010074010954298,3.5729643195794405e-07,1.002190514787092
0.7766791972260977,0.0069042623662799,0.0014552343114756,4.868423077974543e-07,1.0021967013495894
0.7810432471640026,0.0011165171615721,0.0002773078443306445,-3.870896725035272e-08,1.0021432114883986
0.7821679403685732,0.0006844950879994696,0.00017195374668724388,-2.188885011060569e-08,1.0021279745789808
0.7808132444121649,0.0018485688836105,0.0004502835198413021,-8.704536164113617e-08,1.0021459790653962
0.7801492068023427,0.0028174465493006,0.0006686701949842295,-3.4062810746976675e-08,1.0021545027711796
0.7793232804778308,0.0044726361977394,0.0010134583893637,9.963558128895308e-07,1.0021665759533844
0.7823563419040535,0.0011834849766599,0.0002934479740317952,-3.101762963349762e-09,1.002125387410346
0.7835664043164365,0.0006843126741341503,0.00017188445077273625,6.537956618656313e-08,1.0021094740740866
0.7761749327429452,0.0366976225401524,0.000773923026560568,5.1232596981393555e-09,1.0022059511804278
0.7782955485187992,0.0379955630516922,0.0004864405094403661,2.238793773300505e-07,1.0021784694383402
0.7775922117693668,0.0371312929903274,0.000680036097227666,5.160722153678465e-07,1.0021873213952868
0.7806433619787501,0.0387725365288435,0.0003041686466670237,2.212735380675943e-07,1.0021490242770996
0.7807694298328097,0.039291698317306,0.0001779368344618045,1.0102815119366845e-07,1.0021473328653674
0.7795395588761141,0.0381439090310229,0.0004523899334200476,6.244919212958519e-08,1.0021624716947366
0.7739069912023407,0.0318121828301234,0.0016567802241754,-7.712426994565302e-07,1.002232623970584
0.7736756263234636,0.0292575389107873,0.0020043209345517,2.079608370263099e-07,1.00223632373684
0.7753244018009062,0.0333774527636974,0.0014079391390263,1.0873741163304075e-06,1.0022190710012584
0.776518495500253,0.034660692823031,0.0011813769787743,5.353114526403801e-07,1.0022023748898172
0.7733217317804978,0.0268560883447294,0.0022540794648023,-4.682591766079329e-07,1.0022407292681323
0.7735675103738503,0.024721997812983,0.0024083621220929,6.139605455164515e-07,1.002235103407987
0.7750786978869775,0.0281288736778738,0.0021300952596231,6.459160747474433e-07,1.002220071877845
0.7742847971747381,0.0218518391549063,0.0025320076282527,3.670086059127755e-07,1.0022300678642049
0.7750277758094629,0.023494744911424,0.0024768083206103,1.415460580256754e-06,1.0022198835308276
0.774569523156022,0.020211633181863,0.002551695220464,3.087324313601965e-07,1.0022250495441758
0.7751685426855515,0.0181418565763253,0.0025301320928859,-3.186920703395292e-07,1.002219011418586
0.7759700638483572,0.0159783627444705,0.0024505373941834,-2.307554388438003e-07,1.0022094691500931
0.7767251428446199,0.0138406021417538,0.0023124572609784,5.015353253952781e-07,1.002198680181323
0.7773043646013157,0.0115780347601613,0.0020985632211009,1.440727243595879e-07,1.002190198037982
0.7778044032430902,0.0091262070117353,0.0017952952259723,2.75252641502882e-07,1.002185936902964
0.7785950345054934,0.0065125717769193,0.0013892506146975,4.842316756473052e-07,1.0021737206433003
0.782193533257444,0.0018036847348648,0.0004399097089428951,-9.469255299273233e-08,1.002127965993879
0.781579134884172,0.0028582821008297,0.0006772791536418427,8.748316882405276e-08,1.0021359417161415
0.7809352007662524,0.0043499744326818,0.000988394596753604,9.741603164531957e-08,1.00214526317569
0.7803216981767314,0.0062076853829366,0.0013367419821392,1.1638648331727462e-06,1.0021527570841968
0.7837681687625332,0.0011602945600018,0.0002878289297203347,1.3956942594825524e-07,1.002106954473983
0.7849649128800944,0.0006853654714628471,0.00017185885297406328,8.509847916655066e-08,1.002091913589504
0.783479015078033,0.0017398284106158,0.0004251826727427271,1.9941971013905579e-07,1.0021107342042077
0.7820574627575637,0.0387793522637891,0.0003027859838162428,-8.998355778330269e-08,1.0021300029538998
0.7821679504311493,0.0392929812024669,0.0001777171341332763,-4.409063989524476e-08,1.002128477480264
0.777746486318789,0.0357082036109945,0.0009772629499583095,2.6501414931832666e-07,1.0021858084580464
0.7789736912589847,0.0369605063768786,0.0007182764483548745,-3.546588707331266e-08,1.0021694967815826
0.7809190861722448,0.0381494801019964,0.0004512965039843842,4.246214204503856e-07,1.0021453394061466
0.7802916469373755,0.0373240840081057,0.0006378785753539905,4.35470286591384e-07,1.002153764636781
0.775754301935019,0.0305414730133499,0.0018412300550809,1.595847807946555e-06,1.0022084106618885
0.7779867880327314,0.0337775554918811,0.0013390209519101,-8.951920039969012e-07,1.0021815810032206
0.7768245133945488,0.0325409106615322,0.0015404842914202,-1.1724176040255426e-06,1.0021950178154817
0.7756666967591874,0.0259580417161182,0.0023269518662712,-8.643269915977229e-07,1.00221223244438
0.7770248008657695,0.0282246223922564,0.0021198558406638,-5.967279430851857e-07,1.0021930429175798
0.7761022176940687,0.021630680824756,0.0025374063152257,-3.558719134200253e-07,1.0022058117000514
0.7774338023424177,0.0239159917524992,0.0024583495901529,1.1161646532849645e-07,1.002190284333352
0.7767170987635653,0.0197447697732308,0.0025516538262105,-2.7987142245124658e-08,1.0021973512062268
0.7773570207233251,0.017677230279648,0.0025176500970812,1.340774573767428e-07,1.002190576465137
0.7780884520335665,0.0156073940277536,0.0024308588001304,-6.39586603713545e-08,1.0021828103397417
0.7851320501469385,0.0011682197095991,0.0002894157347962757,1.6021133887049193e-07,1.002089728480318
0.7863635004713565,0.0006870138837309439,0.00017212432800100272,-3.4679026974919064e-08,1.002074918364482
0.7791295344036163,0.0136898091809691,0.0023019098491369,1.566577866271592e-07,1.0021685501242878
0.7795588533057397,0.011052683446554,0.0020404272154334,-4.506457441037256e-07,1.0021615887404494
0.7796944397598401,0.008601014611804,0.0017199141229621,6.485189155417962e-07,1.0021597077974769
0.7813637825884691,0.0077753402828378,0.0015946480466572,-7.072850114726602e-07,1.0021404725329073
0.782964592348963,0.0028137323103551,0.0006677355346653174,-1.0182865623981816e-07,1.0021189478060224
0.7824783404022465,0.0041313686015064,0.0009446693011013708,-4.11357040566135e-07,1.002125625374266
0.7820053959674896,0.005982168488392,0.0012963623089707,-8.569067600785972e-07,1.002133467683646
0.7849024464967731,0.001741182066163,0.000425261566595579,2.953658537291698e-07,1.002092277098093
0.7840779267594398,0.0025981054825706,0.0006201770266411045,4.3703965795058365e-07,1.0021017802729553
0.783436463616784,0.0387776770539404,0.0003029589893575018,-4.121210169186878e-08,1.0021124469852165
0.7835664851533872,0.0392935408389052,0.0001774427182958098,-1.939202633092982e-08,1.0021108214226295
0.782309332148432,0.0381712911919281,0.0004463284632263477,-2.738384338726137e-07,1.0021267775796014
0.7848110633219147,0.0387763083097362,0.0003031634351074602,-1.3527563334596996e-07,1.002094607728087
0.7849650423698056,0.0392936578694475,0.00017728974233341746,-5.3701224332758684e-08,1.0020925673847982
0.7792327986084527,0.0350215514436965,0.0011109749362399,-1.2291179851719895e-06,1.0021659923712525
0.7793205022127724,0.0329649325308711,0.0014737480198547,-1.2786613395105944e-06,1.002160357463169
0.7804490547186479,0.0359651595439909,0.0009251235758859522,1.8668934866907405e-07,1.002152483561997
0.7816861518971175,0.0370253869319474,0.000703872520249612,1.31163020555605e-07,1.002135427636537
0.778321561685714,0.0309165829165846,0.001792136411875,4.633877423371767e-07,1.0021785610204634
0.7782126042826035,0.0263640778009353,0.0022947037248739,9.062794038319012e-07,1.0021803840071255
0.7789889622422167,0.0282194120159744,0.0021186942387596,1.3914355742822365e-07,1.002169581464168
0.7795197592160262,0.0249112446983341,0.0023982587195504,6.779740679165051e-07,1.0021626288395584
0.7782357555294962,0.0213932738103902,0.0025422604622374,1.5864194480053672e-07,1.0021786826932315
0.7797669234686425,0.0230004275081387,0.0024952310268991,-9.983060852125358e-07,1.0021587387196258
0.7788168165262864,0.0193188601935406,0.0025492760172014,-6.659783686008759e-08,1.0021699414119587
0.7793811504812397,0.0172722513485724,0.0025035866083974,-4.227318146785558e-07,1.0021625861188543
0.7797503937280773,0.0155191789250791,0.0024251985542385,6.746262238867914e-07,1.002159229268932
0.7864987916064342,0.0012103165853624,0.0002994006146781886,-8.507781455267252e-08,1.002073237092966
0.7877622165772423,0.000688708031080491,0.00017277583550616212,-7.081549340073453e-08,1.0020576038003672
0.7861575530862472,0.0018019491108036,0.0004391451723882019,1.0156969848457797e-07,1.0020776078759417
0.7879236153416826,0.0012028963562184,0.00029788672879645567,-1.4846978426853238e-07,1.0020556380411862
0.7891610439868948,0.0006883001217524116,0.00017277697574659447,7.079928531440424e-09,1.002039342197951
0.7893696259289796,0.0011979673453344,0.0002967988761685897,1.2267183494556322e-08,1.0020367311966327
0.7905598046674296,0.0006847270537897593,0.00017199411135786574,-6.848921685087522e-08,1.0020221506192717
0.7808486271874963,0.0145540051554475,0.0023652037166122,7.058354412374256e-07,1.002147192076685
0.7811968927553369,0.0127482820357799,0.0022160112872909,-9.302385090219609e-07,1.0021401178891267
0.7816932636413844,0.0102230979164726,0.0019422634699181,2.502931046744352e-07,1.0021345067149774
0.7831041153968995,0.0078627350145838,0.0016082852845939,-4.919046549028416e-07,1.002115364920906
0.7839775296732489,0.0038588508178296,0.0008886946665364065,2.3400918800574162e-07,1.0021046167492411
0.7835777242307747,0.0056360008451803,0.0012341092801639,-1.5990005820637838e-07,1.0021095352616551
0.7854802493240095,0.0029328323304129,0.0006949369166136282,6.188228260996837e-07,1.0020858605657956
0.7838086293885231,0.0381081304522459,0.0004606662740909951,-6.922283892673944e-08,1.0021075162138935
0.783041576287242,0.0373454610269201,0.0006332347137132367,-4.498634212185697e-07,1.0021166424655858
0.7862303156040104,0.0387715076141527,0.00030417881710430127,3.1471518578559724e-08,1.0020769618442316
0.7863636196360076,0.039293502683409,0.0001772740670796518,1.4908278333446622e-08,1.002075391780501
0.7851025788078548,0.0381535353654559,0.0004501161103450684,-2.266353087138616e-07,1.0020910261998972
0.7802889670188873,0.0316423118044422,0.0016851642200646,6.900111098750502e-08,1.0021562743756511
0.7808416039298749,0.0337823315988459,0.0013380052666872,-2.6172550532119962e-08,1.002143881560721
0.7818229878625801,0.0353740567931449,0.0010403830595709,1.049804472258351e-07,1.0021332453319738
0.7831350137729406,0.0359421535480926,0.0009296036818283784,-7.444602551238035e-07,1.002114140239497
0.7803836577837674,0.0294214454223692,0.0019816693402389,-1.0350363838795137e-06,1.0021503130463143
0.7806424198928504,0.0269731200323987,0.0022442353094691,8.945863316839981e-07,1.0021497373035488
0.7814159150680365,0.0246691865514751,0.0024134940748894,4.881711939034616e-07,1.0021352337631109
0.7804051959076433,0.0209157351018551,0.0025485368697324,-5.861517070099566e-07,1.0021517641965
0.7820120698286647,0.0225491066546219,0.0025115579143555,4.8946638379124415e-08,1.0021294392417024
0.7809777114771331,0.018798608813314,0.0025433369975791,-3.140884372545654e-07,1.0021433674785536
0.7815194077947966,0.0164415441118747,0.0024734191231322,4.0231619084409005e-07,1.0021367154625656
0.7907591858472921,0.001180315154942,0.00029276865098183923,-1.5246160398463998e-07,1.0020196388811098
0.79195832718797,0.0006801673695406665,0.00017096528965389337,1.1798855438784521e-08,1.0020031664232547
0.7921293499865395,0.0011963171105422,0.0002965366656043347,6.809088325921307e-08,1.0020007251817724
0.793356628314647,0.000678026211828811,0.0001703647911804887,2.528921164255332e-08,1.001984674662972
0.7935503283899585,0.0011786918703616,0.0002922541887673191,4.543040507379784e-08,1.0019821649789409
0.7947548701955905,0.0006799777179505348,0.00017071030151917562,7.327850310584148e-08,1.0019663323908166
0.7874820229659892,0.0019913042767124,0.0004829947834077423,-5.218608110174123e-07,1.002060690593133
0.7868628040885726,0.0027902747874052,0.000662479902943552,-2.39174924712662e-07,1.0020701995227308
0.7890298229194435,0.0018805029133776,0.0004577374671162339,6.336659584525313e-08,1.0020415519073236
0.7906108363114713,0.0017726244782038,0.0004327786352952714,-1.948973287543401e-07,1.0020216224538931
0.7825348497214195,0.0144352894879082,0.00235670797353,5.389109628992151e-07,1.0021215614380392
0.7832977039714103,0.0121877631654876,0.0021616579018349,-3.458510600642207e-07,1.0021114164992484
0.7838991667144785,0.0100356891611209,0.0019176871215329,-2.073709428912104e-07,1.0021057965385296
0.7848424685889693,0.0072780791792986,0.0015164090599508,-3.737672809792987e-08,1.002091208528635
0.7852863449740591,0.0050410653369523,0.0011235620710989,1.381102583366286e-06,1.0020882591700282
0.7868038195920509,0.0041532657741672,0.0009493987444217244,-6.4110363552846e-07,1.0020709303153794
0.787653905144753,0.0387758108190649,0.0003031693702800506,-3.127600877639538e-08,1.0020587150640472
0.787762196307799,0.0392933901409774,0.0001772883532227319,-1.0674657521037112e-08,1.0020572478852523
0.7844663591254396,0.0369691625849457,0.0007161211593778688,-3.153954620356036e-07,1.002100052928904
0.7865860992345771,0.0380943388965768,0.0004637193545265022,8.72852144066306e-08,1.002072387590596
0.7858098540311468,0.0373124313919249,0.0006403262392533169,-5.595994261179964e-08,1.0020822723146168
0.7820152681868641,0.031204574884158,0.0017504976065992,-5.796127400865477e-08,1.0021297182473754
0.7830132506569677,0.033646823760518,0.0013618759740624,2.213116346317801e-08,1.0021196553253156
0.784595636006812,0.0349935223582529,0.0011157110171535,-3.017110558741324e-08,1.0020974897062591
0.7823876842030347,0.0286713636718977,0.0020702645791934,4.608100024077603e-07,1.002124691584953
0.7830118237329837,0.0264460516065129,0.0022877141644951,-2.5929838544552786e-07,1.002118960941999
0.7836338349077145,0.0242141571654629,0.0024391793686141,4.7716807901238e-08,1.0021098445399153
0.7826218986129224,0.0204341083003309,0.0025523384032239,-2.52620887852218e-07,1.0021225847955315
0.7842292106534602,0.0220601140974159,0.0025259699483594,1.026052015238954e-07,1.0021020119387378
0.7832552187015765,0.0183136975159693,0.0025342720933228,-1.0723140438490305e-07,1.002114378035117
0.7839677055428141,0.0161460477831598,0.0024596109874042,4.857898864719398e-07,1.002106653015944
0.7919615904029934,0.0018380363001349,0.0004477693974413124,8.229763487295984e-08,1.0020029528039414
0.7933523080508081,0.001802966449376,0.00043973487835707696,4.3581460525522255e-08,1.0019850270538333
0.7949646688009492,0.0011595682893603,0.0002874979145093609,1.67240815964275e-07,1.0019637280389582
0.7961531994592012,0.0006852316954944128,0.00017176706844281988,5.8034425883582884e-08,1.001949112249475
0.7947092054376577,0.0017415494426624,0.00042545812601563465,2.686179290714185e-07,1.0019671074694445
0.7963248666170397,0.0011509496935739,0.0002851851969580739,1.0315713235022476e-07,1.001946972809751
0.797551672809887,0.0006922092304205228,0.00017334628245936818,1.813240115525863e-09,1.001931840158399
0.7883401009431905,0.0032309794685405,0.0007585047415428961,-2.1645076680666858e-07,1.0020501855219115
0.7898698248888546,0.0027224994996466,0.0006476516916636932,-7.066471961384429e-08,1.0020311736256209
0.7912252183274022,0.0029263450479674,0.0006919372550735046,1.394730349492869e-07,1.0020122001288507
0.7847736049733277,0.013993295056743,0.0023223553963407,-2.2484409906340922e-07,1.002094816604451
0.7855065689146552,0.011843257494945,0.0021274458307155,7.04256401366289e-07,1.002086431122487
0.7862351995809975,0.0093650950196979,0.0018280894218081,-4.4729958964728964e-07,1.0020768656127566
0.7870288560026483,0.0065223751617096,0.001393289929007,5.646700182602759e-08,1.002067789292389
0.7883054255680587,0.0048154626637639,0.0010775305993776,-7.914292590007331e-07,1.002049377946947
0.7890375746516972,0.0387859358073724,0.0003008317820670943,1.6646902504216418e-07,1.0020415102707536
0.7891607483345766,0.0392930295083786,0.00017751588458286645,7.86352504180985e-08,1.002039905542948
0.7879212030094971,0.0381531265114645,0.0004500104871670856,-7.414233266900965e-08,1.0020553983716012
0.7904151103586546,0.0387765263244964,0.000303255683360984,-5.986989015277514e-08,1.0020232153805664
0.7905593140170435,0.039291777275545,0.00017790791460143017,-3.0421612773959635e-08,1.0020213166289431
0.7858822248795533,0.0359105525121122,0.0009355994611399924,-8.253518096301273e-08,1.002080669162938
0.78730059162622,0.0369676459656382,0.0007162700653160095,-3.6592788021957e-07,1.0020634682116982
0.7839341180482559,0.0309163627144385,0.0017918647737524,8.375038956787693e-07,1.002104157204171
0.7862552952555634,0.0338053939110671,0.0013344009488669,-4.035888996633213e-07,1.0020752900769505
0.784888760717094,0.0328414617614617,0.0014938541920045,-5.629965917533246e-07,1.0020942602317904
0.7846921307768461,0.0282397719440124,0.0021176016017336,-2.8808104381218744e-08,1.0020956416750886
0.785300898978924,0.0259113009539748,0.0023296162965679,1.4946836000648386e-07,1.0020885944427322
0.7858692979806728,0.0236949696799918,0.0024657445864537,4.864172202514549e-07,1.0020815171460704
0.7848699426354019,0.0199400322766565,0.0025532395966525,-1.1695085983156761e-07,1.002093976407016
0.7864134338314611,0.0215288471043523,0.0025380911154599,2.499728457284858e-07,1.0020747937553287
0.785572029591978,0.0178317408287923,0.0025231770749046,3.758327362689423e-07,1.002085067786023
0.7863062605598086,0.0157241392163994,0.0024370276975799,4.365910964208354e-08,1.0020756093039986
0.7976727398265694,0.0011964600988832,0.0002959797287143819,-5.443499076161946e-09,1.0019304384737775
0.7989502866892235,0.0006994443090484544,0.00017534391915522356,-1.1197369182715697e-07,1.001915015010726
0.7926688211699872,0.0028421275255135,0.0006735720631205214,-1.68659612469383e-07,1.001994062506231
0.7940890978069173,0.0026704675760073,0.0006364095232513951,3.52839026536252e-08,1.0019761646269087
0.7960979372598302,0.0016974176122094,0.00041486167235885895,2.2003642306060439e-07,1.0019492611822438
0.7952948457035365,0.0024962548229842,0.0005973489152127914,7.332928582726895e-07,1.0019588710798093
0.7974216388221929,0.001804192309156,0.0004395271136039859,3.1268876570615544e-08,1.0019335724532237
0.7900269865793639,0.0042635463647102,0.0009720306318245464,5.807999805720152e-07,1.002026894568404
0.7918361673672233,0.0041936626686577,0.0009569462819535284,1.925766757279302e-07,1.0020057899340216
0.7870287238195323,0.0136234085032114,0.0022930743296481,1.691206579510327e-07,1.0020666125863418
0.7877432403805341,0.0115000165566304,0.0020902121664245,1.0748685745337535e-07,1.0020563212553852
0.7884789330661519,0.0090537729281986,0.0017842587243349,2.4578724080856e-08,1.002047408830174
0.7892772650847449,0.0065499913906957,0.0013964294955453,-1.4212057427069486e-07,1.00203972117015
0.789345144250004,0.038185091008272,0.0004428092342733582,3.711344853369305e-07,1.0020375808202893
0.7886941632064822,0.0373161089253331,0.0006392094171846811,2.8122374163462455e-07,1.002046449214739
0.7918454882111642,0.038772045052842,0.0003041431808504538,-4.037958400075024e-08,1.0020048603799478
0.7919579334087377,0.0392904910153732,0.0001781147389143471,-2.178088764139111e-08,1.0020034663001345
0.7907352692027594,0.0381555892612802,0.0004496565020455876,-2.5574536410415854e-07,1.0020189233061878
0.7933565794365194,0.0392897674550671,0.00017814504394689262,-6.83392986923396e-08,1.0019853093883655
0.7932695834989425,0.0387704443758823,0.0003044000316676195,-1.638902510433262e-07,1.001986425529451
0.7875372191436899,0.0350385650177383,0.0011060444461999,-1.2247848507104165e-06,1.0020598627054744
0.7877217858867164,0.0330777822114642,0.0014560760968463,-7.34692226984572e-07,1.002053481189465
0.7888026449415281,0.035956955605229,0.0009263383545510808,1.721748878236185e-07,1.0020452618622375
0.786486832293422,0.0308975326527238,0.0017969172194839,-1.4606032235493457e-07,1.0020749146818406
0.7870271020784482,0.0276378293978682,0.0021814024125983,-1.757143660817216e-07,1.0020669512426583
0.7875785887365415,0.0252473062796583,0.002377442349491,1.0383089595457629e-06,1.0020604276648843
0.7990807064372296,0.0012154167364883,0.0003009203656693652,-2.760064437092601e-07,1.001913372275136
0.8003490177587098,0.0007058727433866666,0.00017724496005012413,-6.447474865591734e-08,1.0018973839116008
0.7879278588501978,0.0230562279930486,0.002493079067995,8.160824163757345e-07,1.0020558538499655
0.7894890284566561,0.0243171707397522,0.0024348947413945,-2.396912435961984e-07,1.0020373469620023
0.7871437570502761,0.0194572607841373,0.0025516294589179,1.6798859736516554e-07,1.0020654572934593
0.7884405358140844,0.0209643785883195,0.0025468272759048,7.068881420088616e-07,1.002050324903129
0.787888448514821,0.0174081315039797,0.0025105299638477,2.556433565896581e-07,1.0020551909484696
0.7886070941810176,0.0153422460846624,0.0024148452265069,-9.622643599681073e-08,1.0020463304923088
0.798808031320365,0.0018338639455159,0.0004469014994586489,-5.530251185549796e-07,1.0019165421311695
0.7934943219617657,0.00402546431283,0.0009232922972186008,-6.593472618664151e-07,1.0019846536405213
0.7950609847304291,0.0036913225639725,0.0008548138749653072,7.837298252727192e-07,1.001962527902801
0.7965887873952148,0.0029090208480518,0.0006892226482397114,3.681097688079117e-07,1.0019440513086753
0.7980309754185205,0.0026461015238791,0.0006308604698000884,-5.462704510011127e-07,1.0019271723947034
0.7913377281495663,0.0062150184058461,0.0013393801234971,1.1647559298811054e-06,1.0020131256045923
0.7928355977029499,0.005765878915537,0.0012575968914363,-1.43550387810496e-06,1.0019946016260863
0.789340676482264,0.013237503407268,0.0022605548017066,-1.5689575150958445e-07,1.002036357537789
0.7900904393138367,0.0111164172398618,0.0020468443939074,-4.282657511011169e-07,1.0020263181910118
0.7909196162571089,0.0088685414101157,0.0017567291733719,2.2210243190958072e-08,1.002017530829743
0.7901109972581234,0.0370145041818697,0.0007057540256078762,9.079284923433786e-08,1.0020277574252845
0.7922431424290169,0.0380864393733509,0.0004655115663390745,-2.4974619082144823e-08,1.0019995766855236
0.7914963158230631,0.0372546301754408,0.0006527685609260515,-4.493917691351249e-07,1.002008688105999
0.7946448043222194,0.0387525682038668,0.0003084301838643827,-3.2053031765988745e-08,1.0019693294330974
0.7947552083511288,0.039289578325809,0.00017803136243344745,-2.0145209207779283e-08,1.001968041479978
0.7936566881677125,0.0380454141875581,0.0004747935958434577,-4.1395031106942186e-07,1.0019816633189256
0.7960179163801184,0.0387631199171348,0.00030590851316945504,-5.8424181161443635e-08,1.0019521067471575
0.7961538095907454,0.039289389196551,0.00017800783091583163,-2.3969833683956373e-08,1.0019503954764657
0.7885694778731975,0.0316055638089855,0.0016920329640249,1.3174460538340163e-06,1.0020511274528197
0.7892647511303031,0.0336972518425379,0.0013537458520291,1.2924697086549718e-06,1.0020369853635336
0.7901836765087369,0.035381605771288,0.0010391985008903,4.217568498926337e-07,1.0020257941323605
0.7888331107707258,0.0291323925675221,0.0020158873826979,2.1871685178483786e-07,1.0020423269328835
0.7896513030449269,0.0266659274247094,0.0022711969513595,-9.532393136288932e-08,1.0020358582849227
0.7911625568865444,0.0250903711743907,0.0023861575173653,-4.88041607922928e-07,1.002012902381867
0.8004971699617646,0.0012255123072636,0.00030374017466188943,-1.622244842378473e-07,1.0018954425951987
0.8017478315803108,0.000710575400181635,0.00017865816000260545,-8.171146055113903e-08,1.001879792322819
0.8001994269315338,0.0018458750273773,0.00045020706466291103,-2.744060808412336e-07,1.001899473744965
0.7899677410343847,0.0222799765792981,0.0025185519314442,-2.2293593712505434e-07,1.0020299382230258
0.7913808488260003,0.0233499840409732,0.0024806179134056,-1.1298404922893972e-06,1.0020093749584438
0.7893866299964096,0.0190659291595394,0.002548044009632,1.992259105964622e-07,1.00203650719619
0.7901860028781504,0.0205897218488506,0.0025486682845148,2.768847226721457e-07,1.0020264487122603
0.7901530932707223,0.0170903590530066,0.0024991615990437,-3.686687817548144e-07,1.002026053932756
0.790925369620778,0.0149701564414688,0.0023917913594865,-1.3994619320146053e-07,1.0020162982592586
0.799425603814625,0.002975099714951,0.000704539722636254,-7.751624237148507e-07,1.0019094532373964
0.7944212860943473,0.0055723968662009,0.0012225067632175,5.594160697481215e-07,1.0019698523766551
0.7961494417378887,0.0047943742382246,0.0010766145068827,8.941114974368633e-07,1.001949565501417
0.7979051480668345,0.0040038469730857,0.000919131392886676,-9.466152887261744e-07,1.0019304146018195
0.7931947455016956,0.007731890318106,0.0015882167312747,-7.317159906399743e-07,1.00198709475289
0.7916859202267282,0.0128373376815856,0.0022247004111467,-1.886478915602422e-07,1.002006398875762
0.7924770613833595,0.0106536037096401,0.001994287782768,8.012850183066476e-07,1.0019979362570288
0.797439267524669,0.0387775810983401,0.00030263896762468766,2.9171263451977693e-07,1.0019353381762173
0.7975523828967063,0.0392892056252628,0.00017827887918550768,1.3370706656867198e-07,1.001933971509768
0.7915579549607576,0.0358475510266326,0.000948739460752852,-2.097283233651507e-07,1.0020063344504089
0.7929797535845948,0.036779579460049,0.0007565907413403542,-1.536806161771958e-07,1.0019905822132176
0.7951006730755079,0.0379944719431666,0.0004863289381821309,2.1472246106830552e-08,1.001963851795136
0.7943800836867801,0.0371540108237808,0.0006750057656122367,-1.959659783324909e-07,1.0019722367479
0.7963412272018284,0.0381388997766883,0.0004531423459845169,2.4305762819521323e-08,1.0019480727709529
0.7905692000673018,0.0311499196403285,0.0017581877119477,2.424000390081065e-07,1.002021452673552
0.7914692534909514,0.0336703708427317,0.0013589410525455,1.0827662967457991e-06,1.00201185968055
0.7911080647272652,0.0287217424639317,0.002063559972009,-3.395532782662997e-07,1.002012479122622
0.7989509636769431,0.0392882666523672,0.0001788450473715985,4.8524707621603534e-08,1.001915772155919
0.7988564037457434,0.038776918365609,0.00030329925606984343,1.3203460130639036e-07,1.0019168358001684
0.8018642523693377,0.0012326000653177,0.0003058305810044739,-2.0137457909561522e-07,1.0018781282105096
0.8031466512989003,0.0007128260719591378,0.00017938573593024272,-2.9047451718887603e-09,1.0018612679391532
0.7920158556017222,0.0267216253978293,0.002264653959275,9.384915231887653e-08,1.0020038103636937
0.7929673533698861,0.0247416280690323,0.0024087919748526,-2.071173040660588e-07,1.0019882591839897
0.8015852037619977,0.0018489786166592,0.0004513085544012306,-4.502912612322829e-07,1.0018814922430994
0.8008213451548635,0.0026647193564684,0.0006359778640068939,-4.619353780599071e-07,1.0018919444429382
0.791812505095736,0.0213557104019059,0.00254153111011,-9.639695168214167e-07,1.0020049740972663
0.793385721039137,0.0227504294058514,0.0025044583288867,-3.06555401098172e-07,1.001984618632678
0.7916217207390571,0.0190410582668123,0.0025486568470366,4.9534650135151645e-08,1.0020071713727992
0.7924892965482053,0.0167147601493531,0.0024846467742759,1.134575047347547e-07,1.0019963517227377
0.7932858394415013,0.0145782652664367,0.0023654097729769,-2.5963213147122e-07,1.0019859925291674
0.8006727354120747,0.0040062175664975,0.0009201126897928146,-5.350694233514306e-07,1.0018942700429438
0.7991307344790068,0.004854274797697,0.0010879515548178,-9.650099730166325e-07,1.0019135974941589
0.7955292084186273,0.0071627988750435,0.0014990835361179,1.3824489160274975e-06,1.001958304596523
0.7974065917653445,0.0060429071344253,0.0013095944726128,-1.2065454913010755e-06,1.001939339125564
0.7948118719189944,0.0102275747539188,0.0019395909217529,-7.786314742788356e-07,1.0019651501795108
0.7940571965671491,0.012432047602993,0.0021873637082007,-1.8629324558133798e-07,1.0019760823878892
0.7977500082959526,0.0381811485843729,0.00044375927828273735,6.636965175783322e-07,1.0019313787534745
0.7931077330990751,0.0349846157284167,0.0011182869093328,9.682629951301644e-07,1.0019888172374196
0.7945292063844285,0.0357575422461282,0.0009681855195704712,-3.951391318643773e-07,1.0019695035368954
0.7957801002158581,0.0368735680006199,0.0007366530198785385,-1.8513080899183986e-07,1.0019552375427383
0.7971164267025981,0.0373140864190068,0.0006397635715428655,7.156858760642828e-07,1.001939626905577
0.7925136629401477,0.0309484913793239,0.0017859701778944,1.6560521512715586e-07,1.0019948321406356
0.793370073153556,0.0329453045383314,0.0014771401375304,4.955095021426171e-07,1.0019864804461
0.7934086008854947,0.0284821546554172,0.0020907734888089,-9.608285655260585e-08,1.001984965320865
0.8002344303498737,0.0387623220681476,0.00030692254024224704,1.3340712359535576e-07,1.0018991126367636
0.800349602837524,0.0392873271453615,0.00017918980258990538,4.207138430412145e-08,1.0018977073143425
0.799235561857202,0.0380753375553264,0.00046860547821086113,3.840322445348471e-08,1.0019119782353
0.8016077513474414,0.0387604933346325,0.0003075963339982187,-2.5646695306610588e-08,1.0018812278164573
0.8017482872675151,0.0392871291804548,0.00017931802119561233,-1.08026385491088e-08,1.001879304475339
0.8045453911683428,0.0007132235988102417,0.0001795206844373128,-2.2490224882511806e-08,1.0018432447895598
0.8032374998451831,0.001232702963513,0.00030603279585664266,-2.6293940412949752e-08,1.0018599492259683
0.8029675363525449,0.0018611100878071,0.0004543993131101345,-5.0626944333064065e-08,1.0018637825205767
0.804657883330761,0.0012524095607269,0.00031085916249100885,-7.486951126529369e-08,1.0018413973205045
0.8059440734749812,0.0007133812880901007,0.00017951652534451424,5.25789966396644e-08,1.0018247959758682
0.7942301734097605,0.026337312842446,0.0022964573275906,-1.6858345511360925e-07,1.001974285118531
0.7949239582447819,0.0242593254105232,0.0024366842888446,1.493169660483327e-07,1.0019644906326255
0.8021496843233181,0.0029900119883577,0.0007082413607404843,-3.776617469219226e-07,1.0018747200635465
0.7937582839464375,0.0206117064231172,0.0025508295278189,1.2939056128656794e-07,1.0019807072003537
0.7954713767486719,0.0221841013679213,0.0025224154047713,3.128080491353759e-07,1.001957939353878
0.7941065742979906,0.0184506759698613,0.0025378865322172,-4.607051612326576e-07,1.0019767258131902
0.7948924248167725,0.0163259811691339,0.0024671622938187,-2.0344731430578144e-07,1.0019671005735729
0.8018431827496358,0.0048315991820443,0.0010824814382384,-4.276073191191143e-07,1.0018778759433304
0.7956648287770623,0.0141896453300941,0.0023377942790161,-2.0013192992962614e-07,1.001956996824546
0.8002609660405483,0.0060389577324016,0.0013056275989158,2.132541071367473e-07,1.0018979207101957
0.7988741882527813,0.0068131724156471,0.001436879175166,1.5482934810550625e-06,1.0019141035976251
0.797484433543784,0.0089092952263189,0.0017645209371207,-5.034098808901609e-07,1.0019318334055212
0.7965366221059219,0.0119220998774694,0.0021382605252485,4.575039078715046e-07,1.001946304326886
0.7985464185040138,0.0369491291624691,0.0007207340803451011,8.944744197042819e-07,1.0019213558859328
0.7948383389443673,0.0337431652217764,0.0013459481136034,-6.246399107256218e-07,1.0019642877382748
0.7960892287758954,0.0350103142421262,0.0011156802705653,-2.56323103420067e-07,1.00195133185455
0.7972475083736862,0.0359572874419468,0.0009280807482998766,1.0609476755145409e-06,1.00193881040654
0.7949653176203684,0.0307874291692423,0.0018079591907801,-6.504747279614414e-07,1.001966471812725
0.7956585689194716,0.0280033375051158,0.0021432305464755,1.8164411841390965e-07,1.0019565156449044
0.8006905774471781,0.0380034141044926,0.0004853685995243223,3.084743795777112e-07,1.001893246049203
0.7999472140339512,0.0372007732736607,0.0006656812698956052,2.6807833266852963e-08,1.001902005550812
0.8030338853852337,0.0387570172153485,0.0003084675113496108,9.495580395279273e-08,1.001863117946588
0.8031469804633755,0.0392878637868926,0.0001791936073908182,3.9791597157463065e-08,1.0018617303220487
0.8019380957200618,0.0381318272326502,0.0004561428885016276,4.3031186826854687e-08,1.0018767820504488
0.8045456735162423,0.0392892454792421,0.00017890210884893588,6.519153515782407e-10,1.001843116194944
0.8044533251903662,0.0387632810330701,0.0003070888059565335,-4.895430856749648e-09,1.0018444131835038
0.8063373947618455,0.0012805914662789,0.00031726075756889524,2.1429178589395075e-07,1.001819769594855
0.8073428326161032,0.0007135729241277715,0.00017927006699593626,1.0468826338769265e-07,1.0018065226263402
0.807522058110867,0.0012396760505344,0.0003072685164501725,2.2058832619865658e-07,1.0018043186973264
0.8087417094330027,0.0007115058350560347,0.0001784695354589972,7.585092573431602e-08,1.0017886842308028
0.8043615924755628,0.0018658641496633,0.0004557885284123971,-1.3340840617014869e-07,1.0018458045251382
0.8035773773914727,0.0026781617338349,0.0006392881953624644,-7.201031572747296e-08,1.001856395745222
0.8056100996779856,0.0020412059265338,0.0004959320901760405,4.192251566667405e-07,1.0018288872958612
0.7964038492481088,0.0258176884415512,0.0023368803435541,2.3537917917752987e-07,1.001946722416456
0.7970807357037976,0.0237284378693239,0.0024639480358792,4.91492919074083e-07,1.0019376628821577
0.8034033009768514,0.0040036699293273,0.0009193700824825544,-3.113246803151789e-07,1.0018587155162697
0.795967063519765,0.0201037582341014,0.0025529372377236,1.9206674074852704e-07,1.0019517630359316
0.7976451312643283,0.0217080441136859,0.0025340583911698,3.337664769646999e-07,1.0019304424241933
0.7965807557422555,0.0180090853225072,0.0025276289488724,-4.005080607682477e-08,1.0019454745516168
0.7972388157329794,0.0159808758357014,0.0024500867341475,-4.3410102863275534e-08,1.0019376897497596
0.8030274995785368,0.0060079558876443,0.0012994787753584,-4.936695654757045e-07,1.0018625675140154
0.8016349737003864,0.006887277822496,0.0014485128557708,3.499134581530937e-08,1.001880447592179
0.7980221599281409,0.0138438641654192,0.0023122008743208,2.9664386227923613e-07,1.0019274504524054
0.8002330058101368,0.0086112316772234,0.0017236881075666,-2.5184454776365424e-07,1.0018994449493177
0.7990165127866325,0.0115667814131477,0.0020992782168945,-2.154325689074952e-07,1.001912482074845
0.8000053640736963,0.0358434852015593,0.0009517322773191248,2.477948885529987e-07,1.0019000007347758
0.7986316907295993,0.0354280197753138,0.0010326618026668,1.4035390349469565e-06,1.0019202576471151
0.7965789554271491,0.0326021143126809,0.0015352201941721,8.814047377635802e-07,1.001944750351145
0.7977993753221488,0.0339720685988697,0.0013070853582314,1.233362667285827e-06,1.0019293469948136
0.7972700180048876,0.0296632421275511,0.0019539357087236,-1.0927986310138716e-06,1.0019380782372218
0.7978943525525038,0.0273303193138405,0.0022102430246819,-2.0548896082104977e-07,1.0019292855507922
0.801380028966814,0.0367837443304804,0.0007572104332580627,3.3583333943571226e-07,1.001884935494525
0.803416191312336,0.0380557064046118,0.00047372263524262135,1.480792796263897e-07,1.0018580306953817
0.8027462119956871,0.0371644602805282,0.0006740350911598995,3.966565933048891e-07,1.001866623046644
0.8058274904881085,0.0387674590607989,0.000306168993108042,1.3724181927924877e-07,1.0018268985961705
0.8059443975155147,0.0392912122748867,0.0001785403383260773,6.586380128107398e-08,1.001825267140675
0.8047312171757407,0.0381285703511105,0.00045697613843175895,-3.5098538085057673e-09,1.001840989061577
0.810140538218928,0.0007058146453082601,0.00017707235301441004,-1.0209179817037499e-07,1.0017717537638655
0.8088329651540729,0.0012104506094149,0.00029984251537490685,1.468716249945916e-07,1.0017875593627148
0.8070223006548604,0.0020336766018641,0.000493626170010007,2.729594139677886e-07,1.0018104948962243
0.8084669960762146,0.001922709423985,0.00046780759392011615,4.956840231589206e-07,1.0017925011232884
0.8049091288675765,0.0031033918224246,0.000732961237175512,1.7675185396971145e-07,1.0018383496551737
0.8063334928295918,0.0028357695186995,0.0006737419831632851,8.594433705360143e-07,1.001820029681556
0.7986184486722978,0.0252600031255777,0.0023764969649289,3.26472425847325e-07,1.0019188581654728
0.7992323427060262,0.0232979628147523,0.0024831317025463,2.5386165604727e-07,1.0019106217334075
0.804613068303483,0.0048758020945057,0.0010907529830046,-5.267805297387252e-07,1.0018418128877398
0.8042812785857898,0.0068768863254251,0.0014460032176343,-4.070943107639937e-07,1.0018456599136505
0.7998643750831937,0.0212864562231467,0.0025420499892545,-8.616204766072962e-09,1.001902239722838
0.7982354392630779,0.0196625297077518,0.0025520755626896,2.3384991668920197e-07,1.001923178784004
0.7988578458016852,0.0176295636342284,0.0025166108424329,3.8439301052729673e-07,1.001916109561231
0.7994778001738664,0.0156914521863521,0.0024344044918518,4.428490760206107e-07,1.0019095743429558
0.8028498479722221,0.0085814491714332,0.0017195183663008,7.207690529919721e-08,1.0018675551989171
0.800316771053022,0.0136108094326459,0.0022934708777628,2.886884471168132e-07,1.0018959296209982
0.8015101183746035,0.0114816879591195,0.0020899410039989,1.14015900994109e-07,1.0018809920742286
0.8071985267895591,0.0387778535742772,0.0003037054106764919,-1.6506178021358864e-07,1.0018082044672152
0.8073431453744335,0.0392946415849985,0.00017767693774365062,-7.106918418312494e-08,1.001806133603493
0.8015715477471138,0.035003029982359,0.001116527539442,3.083704217630473e-07,1.0018826523251994
0.7999552844606852,0.0336962146850726,0.0013552679997222,8.213426434970356e-07,1.0019042202344988
0.7987178909487455,0.031216979380724,0.0017425472180076,-9.093524028860148e-07,1.0019152897188162
0.7994055451571934,0.0286717066088828,0.0020714186205908,3.0782883470596605e-07,1.0019097182440138
0.8000662567085431,0.0267134927015789,0.0022660986036725,3.632203243863537e-07,1.0019003124688444
0.8028401109644722,0.0358969141970612,0.0009403414863338122,2.073748320579047e-07,1.0018653403659945
0.8041566330147509,0.0369541092378377,0.0007209918071524148,-1.057944394417365e-07,1.00184845834454
0.8061235388090454,0.0381441036641556,0.0004534702348883603,2.477530421408575e-07,1.001822871736634
0.8055192285664952,0.0373017556244594,0.0006439127803922274,1.7797343500567188e-07,1.0018315441892556
0.8104541610702277,0.0012672817685414,0.00031353301446154585,-2.4357650314929605e-07,1.0017678790309106
0.8115391583134034,0.0006985804867015591,0.00017559669982643666,-6.99151136948267e-08,1.0017538698538693
0.8098671705039834,0.0019537486701925,0.0004750313551829353,-2.84700141288131e-07,1.0017750867296211
0.8091455651685873,0.0027393958820065,0.0006517983780106285,-1.26425985100139e-07,1.0017849078521022
0.8077061682301474,0.0032092160477595,0.0007545162222024726,1.0251603608033654e-06,1.0018013613014274
0.8061709546686263,0.0041649042694885,0.0009527389078630616,1.206988315261407e-06,1.001820755164246
0.8007304577506478,0.0248844297216944,0.0024005450954309,2.665702816917939e-07,1.001891886197834
0.8014354629697599,0.0229353419463142,0.0024972762168475,-4.097896621031521e-08,1.0018831107677253
0.8058320892848453,0.0061130480527969,0.0013158741899418,2.3738213607614013e-07,1.001823607577612
0.8051459352489454,0.0085379758140492,0.0017117022787273,7.456910780743261e-07,1.001837348091284
0.8021332825842914,0.0208818674258014,0.0025479607077547,-2.677903103545963e-07,1.00187387058545
0.8004941111951175,0.0192407955515987,0.0025495624879808,4.794104820999741e-09,1.0018937755098027
0.8011119798486,0.0171988909970724,0.0025016013517232,-1.0514866954328697e-07,1.0018852387622494
0.801320531289919,0.0153215113208676,0.0024113581086196,9.753149965607316e-07,1.0018820205106502
0.8041578116191002,0.0115167087091911,0.0020959545927338,-8.314374892855546e-07,1.0018500505100043
0.8025673502663456,0.0137094005862089,0.0023019467953319,-1.437743646506608e-07,1.001868180662717
0.8086248661607369,0.0387867289650572,0.00030113928068281707,-1.8011478822148077e-07,1.00178961805515
0.8087417884619233,0.0393001030405795,0.00017604552435065588,-7.205486568790045e-08,1.0017880482538826
0.8075160154667484,0.0381619086492534,0.0004491094700573912,-4.789160117493535e-07,1.0018039985685208
0.8101401759514075,0.039305584149343,0.00017440322803121612,-9.2764410574257e-08,1.0017698847322298
0.8100432524199151,0.0387876130531296,0.00030056482510992013,-2.329484793099009e-07,1.0017712215124297
0.803283476798426,0.0340571773533913,0.0012882292704518,-1.5401090421825475e-06,1.0018594118751507
0.8019346470381448,0.0328925894279258,0.0014829475372158,-3.265916130123033e-06,1.001874868046906
0.8010291367186131,0.0303957027497452,0.0018592495250749,7.86300006054974e-07,1.0018855024277944
0.801122218342196,0.0279408005398697,0.0021502487830103,7.936498658270248e-07,1.001887360992595
0.8020958383931455,0.0264787433360834,0.0022862771797553,-3.977768631209304e-07,1.0018753160572522
0.8044077091637744,0.0350529529780895,0.0011052079557484,-1.268838467174252e-06,1.001844574770819
0.8056588296792185,0.0359611461878281,0.0009269119042232672,-3.617286777813291e-07,1.0018298883089132
0.806925439408425,0.0370268405877119,0.000704251348798656,-4.753593886375288e-07,1.0018123248959727
0.8119828113455633,0.0012618132832261,0.00031254635529230564,-9.516515798772196e-08,1.0017482128679394
0.8129375865908856,0.0006925591320780238,0.00017418468599982145,1.1905745184390916e-08,1.001735284105454
0.8113010467257936,0.0020636659427264,0.0005001257989198947,-2.1421849665044445e-07,1.0017571251787725
0.810512754777502,0.0031500612540919,0.0007418445659435979,-1.6887236825319053e-07,1.001766290532089
0.8090638211597373,0.0041615212867214,0.0009530195402749628,-1.2336722728147042e-07,1.0017881910453748
0.8076317804961132,0.0048521980807449,0.0010884570377156,1.4834728377374954e-06,1.001802636084885
0.8103119282749681,0.0046770064188619,0.0010532133607749,4.582872756148804e-07,1.001768890154811
0.8029190706861805,0.0246329419937431,0.002415777341942,-6.699856934583246e-07,1.0018639849348838
0.803700357310969,0.0226538225189973,0.0025072405271842,2.361819903391053e-07,1.00185546548396
0.8070750341017444,0.0075522607361518,0.0015601273013404,-1.726531993884125e-06,1.0018111447605749
0.8066774964671736,0.0103727264324477,0.0019591123379552,-1.1909310279104153e-06,1.0018171296984109
0.804338259355152,0.020547443856071,0.0025517998535686,7.168570352051581e-07,1.0018457506618927
0.802759436888441,0.0187872697008697,0.0025450379034828,2.043536863723921e-07,1.001864983191699
0.8060765908573153,0.012473178954938,0.0021902231723088,1.1701021463162186e-06,1.0018235755929117
0.8034028905815218,0.016236489059072,0.0024643862903404,-2.740760973408161e-07,1.0018555048284137
0.8046945401252609,0.0140580116821508,0.0023285997356067,-2.580934480629242e-07,1.0018409309258758
0.8089450327308062,0.0381716863548263,0.0004463959668571495,-2.715339706639088e-07,1.0017852247202017
0.808268243775702,0.0373493884053155,0.0006327464126280986,-7.76188688835211e-07,1.0017936208826157
0.8114045463370573,0.0387788561265683,0.0003023563286434516,-4.921966767108516e-08,1.0017540918536831
0.811538352973383,0.0393071874149765,0.0001738068965908553,-2.1782464102710122e-08,1.0017526747909362
0.8103095964252752,0.0381585269544069,0.0004490166435841425,-4.658639924874757e-07,1.0017679999100138
0.8127448440085522,0.0387886385823129,0.0002999345604166488,2.62852319693124e-08,1.0017373037086414
0.8129365835379037,0.0393032898321092,0.0001747370725221108,1.3032050429359153e-08,1.001734882819293
0.8046743443789499,0.0330536720002239,0.0014570188442373,3.893951378549923e-07,1.0018387581842794
0.8035094959543071,0.0312643291450933,0.0017403783710661,7.063274077806904e-07,1.0018575114718204
0.8028969886180812,0.0285364084002753,0.0020869477266156,-2.3091617410430305e-07,1.0018634875144743
0.804120220443236,0.0265449068025957,0.0022810720292957,2.380849384272394e-07,1.001847771276146
0.8062152509698011,0.0337886456751123,0.0013364086494197,-1.4421312547235178e-06,1.0018171365644346
0.8070774119426634,0.0354130471518245,0.0010328321179724,-1.3749258058884049e-06,1.0018089982707243
0.8083704407589956,0.0359802503589261,0.000921614978752208,-1.10247280690725e-06,1.001791059909449
0.8131065977819684,0.0012203894943737,0.0003027623293151605,2.9511718364712163e-08,1.0017329055304576
0.8143359555276793,0.0006892146056480522,0.00017331691611164753,6.264492063396148e-08,1.00171680542534
0.8127507302748537,0.0019866847574849,0.0004825847953008641,-1.8499390200909966e-07,1.0017378977412503
0.8121522753483003,0.0030624804858544,0.0007220583059410511,-2.936325807185069e-07,1.0017465201364324
0.811617290368773,0.0042914627008447,0.0009776676260795647,9.214060239683598e-08,1.0017507478945988
0.8090747300111063,0.0063412500368639,0.0013618400786482,-5.046945066914541e-07,1.0017859434346936
0.8110434600824084,0.0060972032113515,0.0013187877303224,8.913928338861234e-07,1.0017640585827678
0.8054203004012185,0.0243092739507454,0.0024354735466696,-3.03555186712853e-07,1.0018324107613348
0.8055203876747317,0.0221764143364656,0.0025213962570751,4.2073191447463924e-07,1.0018299791818623
0.8084686319976827,0.0095320902196099,0.001850867222057,1.80624302518132e-07,1.0017911155120915
0.8078292742973204,0.0120961996114321,0.0021537562413032,5.943514676021965e-07,1.0017981037377368
0.8065326512942289,0.0206056166313529,0.0025514176971622,-7.95873806043437e-07,1.001818565971032
0.805177315216732,0.0184888789143557,0.0025389859529208,-5.002846427202444e-07,1.0018336720329504
0.8070351216128605,0.0140881036977262,0.0023304066039193,5.158631718655887e-07,1.001812146221386
0.8061279287677916,0.0162135905063918,0.0024622276085879,-6.246701843864469e-07,1.0018242977667493
0.8097213589753672,0.0369819020325297,0.0007136803667840639,-6.487106574152336e-07,1.0017758566578416
0.8118370365592048,0.0380541835252032,0.0004727755599535885,-3.1755093337248135e-08,1.001748533001818
0.8111195638764824,0.037238305997774,0.0006565984000202306,-5.071592148227744e-07,1.001757675927026
0.8141503481216574,0.0388136743189818,0.0002941480220032996,1.4922543646049778e-07,1.0017202028957295
0.8143350656769709,0.0392970341554804,0.00017649328918426316,7.82537837406827e-08,1.0017177681602447
0.8132308664315998,0.0380690327045544,0.0004694137968832411,2.553630943806485e-08,1.0017320756947574
0.8057218038844735,0.0312028775182336,0.001748453616587,-7.29833660845956e-07,1.001830182498909
0.8050260742434628,0.028711876565858,0.0020669279329551,7.817844577546384e-07,1.0018340738900902
0.8063579079408852,0.0266036629997674,0.002275709722938,-8.973065509059098e-07,1.001818829449752
0.807445594343428,0.0315643347009524,0.0016949436988004,-9.63143155568348e-07,1.0018053913548104
0.808340962679499,0.0337919720113107,0.0013370670093664,8.496626824799007e-08,1.0017969457986016
0.8098959032736884,0.0350467384236689,0.0011055800192731,8.247380528656606e-08,1.0017738764189597
0.8075798514234602,0.0249027515459101,0.0023989223615023,-7.060353212676859e-07,1.00180382793934
0.8144916507174527,0.0011713844669755,0.000290899340109357,1.2616779744784217e-07,1.0017148314366962
0.815734418529688,0.0006883671605576549,0.00017284177845481365,7.274824987996544e-08,1.0016995359469958
0.814191800287044,0.001775592262793,0.00043419561221260186,1.967148961159371e-07,1.0017189424733992
0.8159298011146295,0.0011561204547547,0.0002868508961896427,1.373737133996704e-07,1.0016968614924977
0.8171330378406678,0.0006878973209093571,0.00017253277723781958,1.8957101423543927e-08,1.001682038573105
0.8173415493170685,0.0011486773627942,0.00028485755118504234,8.521110041397183e-09,1.0016797104841526
0.8185317021033567,0.0006858269081063669,0.0001722534257321761,-1.401722786065959e-07,1.001665417796772
0.813638520759412,0.0028684812742393,0.000680802038967428,-3.128046766326708e-07,1.001727000739086
0.8130661166886636,0.0041335791716729,0.000945998258565121,-1.3787145176880138e-06,1.001735593735497
0.8123609821047116,0.0056430397692716,0.0012367557161731,-5.997916712556767e-07,1.0017446111082962
0.8105297478799699,0.0086710874170372,0.0017275792081776,3.304725568315699e-07,1.0017649847957917
0.8123602122206787,0.0077830455400623,0.0015950198062793,-1.2551251561124971e-08,1.0017462667514117
0.8075999327253137,0.0227822194569619,0.0025033512578219,-1.6627530730295118e-06,1.0018010485352242
0.8084411684178885,0.0208150012152626,0.0025486763253921,-2.507268057156134e-07,1.0017928893410164
0.809993460427476,0.0113237626671092,0.0020706736430208,1.3390584449742232e-07,1.0017721555876804
0.8093237340096566,0.0136237204237273,0.002294736046386,3.6037441746172557e-07,1.0017824111647788
0.8078725275794801,0.0185343931172793,0.0025414130191768,-1.224706197891339e-07,1.0018008200353272
0.8085875279262381,0.0159003587983314,0.0024476353800912,4.929475387360963e-07,1.001792552569899
0.8112245731592344,0.0359491698205472,0.000928809981849312,-6.614599397545275e-07,1.0017553664323788
0.8125464284321999,0.0368418768118357,0.0007434174019458928,-2.178045470017715e-07,1.0017403378845529
0.815555258514201,0.0387677551876138,0.0003054293630477869,5.88593117258655e-08,1.0017019343896558
0.8157337491406238,0.0392917067280304,0.0001779239344180345,1.37610304979782e-08,1.0016995470344272
0.8143819131254396,0.0382430319620145,0.00042946900091858864,4.422712512325539e-07,1.001716982030925
0.8138376587698009,0.0373672925198683,0.0006280196825484955,6.077868803678942e-07,1.0017249711409346
0.8075198113399245,0.0290060467316024,0.0020340401485529,-2.970439239250986e-07,1.0018033800758668
0.8087615156687745,0.0266149697584172,0.00227412868553,3.777143826896716e-07,1.00179002524499
0.8093248200923832,0.0309801141229527,0.0017804258643005,7.416411095315425e-07,1.0017798378016636
0.8101320722279782,0.033046959825971,0.0014595302169892,-7.279237534082343e-07,1.001770702453762
0.8115897008347442,0.0337776096563812,0.0013385291372907,-1.6178921590339436e-06,1.0017497349997042
0.809476938761276,0.0243227101759262,0.0024336599530503,7.432001530068404e-08,1.0017779320193971
0.818734431200583,0.0011569382631096,0.0002872925897053503,-3.010266074891852e-07,1.0016629985844248
0.8199302618586486,0.0006830371022393058,0.0001718920154677097,-4.1659804395062666e-08,1.0016469287165388
0.8201121163670386,0.0011796688226639,0.0002929904749240031,-4.345784251586042e-08,1.001644363005912
0.8213287138912616,0.0006816390180951976,0.00017155351152674513,2.9295732738028602e-08,1.0016281966840952
0.8155882323747082,0.0017823409146612,0.0004354321832567716,3.799767026787196e-07,1.0017006728410192
0.8148983954275861,0.0025991567950644,0.0006213233455522598,7.552470620175839e-07,1.0017086941454587
0.8168999249999388,0.001935691427091,0.000470533365856325,1.2456722041138925e-07,1.0016850452983606
0.8184552333403688,0.0018459688121876,0.0004501262010267758,-5.805696934557724e-07,1.001666426929198
0.81469218207077,0.0038905418376699,0.0008974087616147236,8.306203192772813e-07,1.0017117321691724
0.8139524140360372,0.0058982358654259,0.0012822640899984,-1.470159353522908e-06,1.0017211239786157
0.8137908028730377,0.0084739789038941,0.0016977185579293,-1.57964164509602e-07,1.0017232638649718
0.8123727076844229,0.0104959218499994,0.001974123247926,1.1325069752695185e-07,1.0017415295459482
0.8101388252171808,0.0220483093287086,0.0025275282231271,-5.054032476466477e-07,1.001774218467322
0.8099950416383371,0.0197958729673974,0.0025545213896069,4.008622946658869e-07,1.0017755896618274
0.8114561708406246,0.0206453411016349,0.0025488989493123,8.825786045319235e-07,1.0017550944265832
0.8115990679873136,0.0130068839846213,0.0022420260004828,2.18707176030744e-07,1.0017535428784818
0.8108984492799703,0.0153274356522095,0.0024154999078976,-1.2143265512620398e-07,1.0017637126432015
0.8102674063525,0.017615144016769,0.0025171189537561,-4.779258724551352e-07,1.0017703889140954
0.8215300530037019,0.0011752535862231,0.0002919020581741519,6.277603814254513e-08,1.001625515723189
0.8227271797232196,0.0006824275521051611,0.00017162420984999127,4.946690008473754e-08,1.00160973443919
0.8128834316115875,0.0350550868335958,0.0011041501768301,-3.347150181859941e-07,1.001735771981889
0.8140703011909519,0.0360535729915253,0.0009077541742003554,7.941505856217913e-07,1.0017216096245063
0.8166650892742139,0.0387347507741247,0.0003132460327869544,-5.3077758429536485e-08,1.0016870311560715
0.817132492902281,0.0392880604978191,0.00017875249300730334,-3.964927666563e-08,1.0016811941610364
0.815899886127576,0.0379985253273015,0.0004858251028506639,-1.752102179179405e-07,1.0016970054621137
0.8150454755792073,0.0370766779342102,0.0006923207651303962,4.4796400477289757e-07,1.00170724455425
0.8180159825773871,0.0387123072900114,0.00031847967470642965,-7.782307641421844e-08,1.0016702540661646
0.8185312072907424,0.0392858219954503,0.0001792331322619796,1.4721066919254308e-08,1.0016635862150811
0.8100826869735375,0.0285500746911383,0.0020850170807837,-1.0356776092548793e-06,1.0017732515321105
0.8109302071090774,0.0262194304779709,0.0023064093208018,-2.737144242069575e-07,1.0017605938123688
0.811634791529695,0.0310678135306241,0.0017686864710386,-2.4481787869754484e-07,1.001751937203392
0.8132250972715994,0.0327014319027576,0.0015214283255068,2.7993450031130542e-06,1.001735134042203
0.8116557836137553,0.02401466091365,0.0024496089331087,-1.1997076174983572e-07,1.0017502578958448
0.8199503543840422,0.0018420550223249,0.0004494956670208187,-1.2127683490683238e-07,1.0016467583185695
0.8213459742524899,0.0017701931726344,0.00043280789715803054,9.696909508507897e-08,1.0016282000419263
0.8162755416791053,0.0029858543245278,0.000707303005498227,5.124725358329865e-07,1.0016926596559408
0.8178012669676695,0.0027254107367121,0.000649361309904994,-4.884086108131423e-07,1.001675941944567
0.819124868171829,0.0029483322900165,0.000698335813466137,-4.0610332758283e-07,1.0016569905683426
0.8159618684262951,0.0050370529202816,0.0011265578835757,4.2210773111918493e-07,1.001697437966104
0.8154848842507317,0.0078462054365344,0.0016028224569672,3.435723027369077e-07,1.0017006359295306
0.8147044374114963,0.0104818444257028,0.0019722444198339,-7.607090935085274e-08,1.001713942391343
0.813875900853246,0.0124871133988566,0.0021923740005863,-1.0222289311055843e-06,1.0017223647345557
0.8123467405199524,0.0219622088475741,0.0025285957898188,9.193315806472048e-07,1.0017433377724585
0.8118155629737442,0.0190957356966972,0.0025481308638378,3.3242618226554446e-08,1.0017471503914783
0.812692878126138,0.0204484584779859,0.0025497412680655,1.4437710106045225e-06,1.0017346782242758
0.8131338657309181,0.0147830375607034,0.0023813807259217,2.427521814663299e-09,1.0017331804949732
0.8125018998503606,0.0170999740639224,0.0024997532405638,-3.732459703069751e-07,1.001740564675203
0.8229428568687024,0.001158204316532,0.0002876641860668306,1.0386552468540645e-07,1.0016070204715335
0.8241257318772973,0.0006839475980659958,0.0001718795702544412,1.7567129843444826e-08,1.0015920508194824
0.822703485260044,0.0017192054979878,0.000420797717133839,1.8912980257936577e-07,1.001610271696462
0.8147297147717635,0.0339963655999975,0.0013017230791201,1.1271701027191856e-06,1.0017149679828166
0.8156019200601167,0.0357820590898539,0.0009620924610919654,-3.379516291878256e-07,1.0017002308692111
0.8161950980358836,0.0342785279047825,0.0012493763601941,-6.588776305829409e-07,1.0016942454394628
0.8173067673509617,0.0379198684000102,0.0005039252408621007,2.659107077157248e-08,1.001678732136302
0.8164811742013577,0.0370155857146978,0.0007056888501475329,-1.1083699171341625e-07,1.0016884978730711
0.8194695023903303,0.0386767825546053,0.0003268617616060794,7.774624963549703e-08,1.001651584477502
0.8199298817317875,0.0392840987214455,0.00017975679763491462,8.18459672042149e-09,1.0016456880299722
0.8187963391463767,0.037990917385293,0.00048755540780380703,-1.3212030483433538e-07,1.0016605397370322
0.8213285584234058,0.0392826939721668,0.00017997835060601066,-7.70676980814135e-08,1.0016275064992388
0.8212277125663728,0.0387194744827494,0.0003166986390075674,-1.985897221494883e-07,1.0016289080483656
0.8124303228115163,0.028075239913679,0.0021379195650444,9.438272855540277e-08,1.001741869829171
0.8131739948183762,0.0257384877567479,0.0023433870766241,1.1170474905611415e-06,1.001733779399155
0.8139917212461992,0.0297207680176932,0.0019463761322929,1.7099928644475825e-07,1.0017242101936767
0.814762605553382,0.0317692200956413,0.0016608676076813,-1.2923977672561434e-07,1.0017102717735475
0.8150268485481016,0.0253061707715712,0.0023720923439255,-9.09541008066186e-07,1.0017102689373476
0.8140198352237408,0.0234089214067811,0.0024800865956998,7.830933416580475e-07,1.0017222532351913
0.8206837857404566,0.0028155236838163,0.0006687570044985812,1.170719808147827e-07,1.001637190568366
0.8220984094106784,0.0026136025516491,0.0006244068572424827,1.7619009242341958e-07,1.001619030026234
0.8179154034420478,0.0042243953690692,0.0009664152799511624,-4.712019129656778e-07,1.0016746064167477
0.819938740318564,0.0042404639605326,0.0009678393631143284,1.144673351367288e-06,1.001647617755179
0.8174636217187466,0.0063985832836525,0.0013695824659546,9.75783406853409e-07,1.001677803596122
0.8168675437331512,0.009568349751324,0.0018549183619684,-1.3168117535596014e-07,1.001686313978902
0.8160906718525843,0.0120274108463501,0.0021481472514283,3.931696624423257e-07,1.0016968393277417
0.8153820104646471,0.0142282985885535,0.0023411442288334,-4.839847666350342e-07,1.0017036574899356
0.8141825698211939,0.0211705138202601,0.0025461143015321,-6.664276151779749e-07,1.0017207767343448
0.8139799810554323,0.0189696974610589,0.0025470549629376,5.576757944497926e-07,1.0017206918508046
0.8147033035412571,0.0165169138492078,0.0024768291953014,4.6413317257771705e-07,1.001712079968012
0.8243006830250922,0.0011562458311752,0.00028709845712242293,3.3388670855033944e-08,1.0015897693609492
0.8255243253269551,0.0006851687725389283,0.00017208693529933213,3.3881910080836844e-08,1.0015740645682654
0.8240807746646645,0.0017139456586227,0.00041944943398249286,5.23838046322016e-08,1.0015921121650446
0.8233020014675635,0.0024681263311543,0.0005917466256967456,4.016643811462834e-07,1.0016020878010123
0.8160790712346572,0.0323475177119598,0.0015742971708879,-2.286407473784424e-06,1.001688111125414
0.8170434768122922,0.035291348167844,0.0010595674505349,-2.209295119014958e-07,1.0016826822237166
0.817343987625803,0.0333550242791014,0.001411077651756,-3.914749469163353e-07,1.001678220013282
0.8181747237622811,0.0366872053036054,0.0007767533455595399,-4.567487700342055e-07,1.0016686844387472
0.8202845099855507,0.0379260372340226,0.0005025358617720132,1.264083691952249e-07,1.0016412388274956
0.8195749802927358,0.0370589127341752,0.0006957480922993747,2.4480921652863305e-07,1.0016512379439424
0.8227272359251069,0.0392822147792065,0.0001797763920162458,-9.360729131004718e-08,1.0016095469983646
0.8226136955667007,0.038722809621026,0.0003154682436814922,-1.912759443068316e-07,1.001610980471879
0.8217446737804623,0.0379467986196628,0.0004974719448745071,-7.149242437053358e-07,1.0016219909043091
0.8239915256646603,0.0387574558249638,0.0003070685025886835,-5.419804024516616e-08,1.0015940307757951
0.8241258565147331,0.039282544405179,0.00017954354423388325,-1.9048688203071703e-08,1.0015924564865657
0.8149683597035607,0.0274413264540654,0.0022018222519177,-6.668635925457645e-08,1.0017106301165153
0.8158113970963363,0.0298324365064108,0.0019310163438035,1.3320962706345517e-07,1.001696558502322
0.8164632283699639,0.0260254727934612,0.0023202897764172,-1.831031191393184e-06,1.0016907447171142
0.8165088245831261,0.0239163827523024,0.0024561416954884,-3.118828062679456e-07,1.0016912915916365
0.8155896402865798,0.0221050775231893,0.0025237368950559,-7.463353806360463e-07,1.0017018840750145
0.821567359671051,0.0040156560594604,0.0009217044419799252,3.0303480271610334e-07,1.0016267950120723
0.8230802370088101,0.0036798339987951,0.0008528136818032618,1.3151791415836348e-07,1.001605809199953
0.8193886487145817,0.0063003998583214,0.0013530348393056,1.8184186629827784e-06,1.001652869764971
0.8209820710833098,0.0058041198386483,0.0012645154940792,1.2262328652386068e-06,1.001633860381116
0.8189321410608313,0.0088201738125239,0.0017487437571787,-1.3050248974714412e-06,1.0016580650621474
0.818244149986669,0.0114863025205893,0.0020905054630447,5.886943586159022e-07,1.0016686775091186
0.8175999530796018,0.0136604001180543,0.0022973939845961,2.3824213658428882e-07,1.0016767582050716
0.8169391820451976,0.0158821878496607,0.002445450433242,-2.1388885240147105e-07,1.0016841844157396
0.8158764925211189,0.020289656749225,0.0025529807813679,-1.925052309172635e-07,1.0016990483696928
0.8163025887492378,0.0181333140237593,0.0025304962583653,-2.7226332093953657e-07,1.0016922371870909
0.8256640626026716,0.0011827255495847,0.0002933401756729649,7.763634915307127e-08,1.0015722757739784
0.8269229521370557,0.0006867517165466478,0.00017242492511616514,-4.834067494044167e-10,1.0015567008638449
0.8254358012971467,0.0017848342978949,0.0004358452959709281,1.1621442300539108e-07,1.0015753463170034
0.8270820447142988,0.0011936770896055,0.00029595405809328183,-3.08032750039543e-08,1.0015545801693546
0.8283216548899472,0.0006879110231477145,0.0001727238106337664,-2.6074233813218003e-08,1.0015393277432931
0.8285264091054626,0.0011905327856636,0.00029515353904449674,-6.458399305833871e-08,1.0015367091944796
0.8297203875233284,0.0006874070617365402,0.00017278779476870954,-6.249477773064428e-08,1.0015216654451315
0.824642375359713,0.0028706471332051,0.0006815311458741572,2.076725120624985e-07,1.0015859075075026
0.8177455077679525,0.0310265717636022,0.0017738136061447,5.059326059191351e-07,1.0016743484753083
0.8184639571883104,0.0346296867150229,0.0011844186099844,-1.1610819594720854e-06,1.001663536420528
0.8185894291193891,0.0327927606040367,0.0015027114244411,-7.008573439885647e-08,1.001659825286765
0.8197255506002422,0.0356859077437875,0.000981051809829207,-1.0744336321170305e-07,1.0016494504151507
0.8209958819091181,0.0367700181760244,0.0007580879969394876,-6.322922686020775e-07,1.001631226826838
0.8230658025489458,0.0379910547499869,0.0004868644643036306,-1.598838798318637e-07,1.0016054809893868
0.8223583283025679,0.0371481461969687,0.0006758803059426252,-7.569710452604622e-07,1.0016133058595118
0.8254062653417834,0.0387532497048338,0.000308368381069,3.669476234566386e-07,1.0015774591022468
0.8255244103925199,0.0392824719538555,0.00017983788096471187,1.5734721215834734e-07,1.0015761854974077
0.8242952785321672,0.0381224962381108,0.0004568034112356378,1.3178679431154746e-07,1.0015904091752612
0.8268200765218764,0.0387640644208261,0.0003065148294471053,2.921709392766612e-07,1.0015595877553738
0.8269229695100881,0.0392814353561892,0.0001805805057984865,1.1549846721527085e-07,1.0015582839474704
0.8175421126459119,0.0279405712009529,0.0021529135679845,-2.819222665462209e-07,1.0016784026783645
0.8182704894525336,0.0255318401492801,0.002358142830549,6.445673947372145e-08,1.001666439372947
0.8188460669394947,0.0233225671518095,0.0024835921063103,-2.3185589880047674e-07,1.001660410572611
0.8173698174149058,0.021741701830063,0.0025342488397751,4.349056178494714e-07,1.0016771045821244
0.822625423173882,0.0054058121861679,0.0011908655063894,-6.258094698206566e-07,1.0016133559172742
0.8242458529699735,0.0047051597311338,0.0010594326758188,8.469943069625946e-07,1.0015903299625704
0.8206990163358018,0.0080225458590052,0.0016337293900663,1.7769165739821965e-06,1.0016359798389134
0.8221581756190373,0.0072202337564739,0.0015059441909091,-5.830354678240789e-07,1.0016202865907098
0.8204023691265702,0.0108988718173476,0.0020205129685257,-8.539202493795304e-07,1.0016384878770077
0.819809075582908,0.0130589201706429,0.0022468666565597,-3.863302725358354e-08,1.001647137402898
0.8191561463742197,0.0152738385068004,0.0024113556361805,-2.123431751121849e-09,1.0016555826736224
0.8185108670965197,0.0174768562305817,0.0025122825745237,-8.33684611658756e-08,1.001662972190055
0.8179215300304755,0.019642829458787,0.0025525383047544,9.120897675095018e-09,1.0016701231061222
0.8299204151552416,0.0011725484836489,0.0002911125117557644,-1.225932788987495e-07,1.0015192711888028
0.8311190582561718,0.0006855955397036964,0.00017241867517807935,1.2103150202703952e-08,1.0015031152031482
0.826837526102962,0.0018126812877523,0.0004424910441214254,-1.1385448198583368e-08,1.0015575837483992
0.8260775489861437,0.0027107061740921,0.0006457091698912737,6.283923790145444e-08,1.0015676304927863
0.8281227995090742,0.0019258149855802,0.0004685840061354013,5.348215549842548e-08,1.0015417806259188
0.8295188558585621,0.0019581696332519,0.0004760300835671252,-3.777048558998469e-07,1.0015242427982347
0.8259580392417165,0.0040598559875542,0.000930270240541648,-2.084044238936626e-07,1.001571133867685
0.8193969435529826,0.0315472652195371,0.0016980512864207,7.761426286187935e-07,1.0016570193032823
0.8194556131005862,0.0293704268232168,0.0019853415168135,5.761441151207305e-07,1.001650902349068
0.8200751626723413,0.0335557387430271,0.0013783129737393,7.332622388949146e-07,1.0016415161029215
0.8210708958367358,0.0353089994597608,0.0010539844706399,-8.412543519863744e-07,1.0016292037808194
0.8223890345223449,0.0357796273971899,0.00096228513355314,-1.023838981724103e-06,1.0016121085709928
0.8236910323693012,0.0368886525849424,0.0007331932729327111,1.6144674459367978e-07,1.0015977753270011
0.8256756903597218,0.0381257765160934,0.0004565981598163318,8.09634717743375e-07,1.001573989937261
0.8250314375141338,0.0372786776251119,0.0006478875852279792,1.117501327995408e-06,1.0015821574511647
0.8281951170632754,0.0387749324805309,0.00030437818558341285,2.035609698586251e-07,1.0015421381404794
0.8283215971781608,0.0392801636861628,0.00018124073514195883,8.697475687242212e-08,1.0015405143369
0.8270674455959636,0.0381506585237281,0.0004516130686361294,4.758524967699047e-07,1.0015566884937117
0.8295680915371717,0.0387558676078525,0.00030910720995544315,-1.1154667731156144e-08,1.0015240201732964
0.8297202968369628,0.0392795461889635,0.00018150539792228455,-6.2871346711341365e-09,1.0015219355535625
0.819847144095284,0.0271243482611638,0.0022297141994296,-1.192585964161666e-06,1.001648710474201
0.8204181733031827,0.0248626558686928,0.0024028269703503,-3.102152427568689e-07,1.0016398969212483
0.82103854826852,0.0227095258546489,0.00250716826881,-1.2744357618984214e-07,1.001631932221122
0.8194849984392717,0.0211735769414665,0.002544718401358,8.520002320017523e-08,1.0016513362872852
0.8237242490383311,0.0070122166447369,0.0014723080028078,1.279222969349403e-06,1.0015958030664045
0.8254022935185229,0.0061468239749602,0.0013264976391443,-2.8409901884179583e-08,1.0015775119906145
0.8226855163417592,0.0094362823068779,0.0018362667434411,-2.152542140285512e-07,1.0016080268025107
0.8220720118569004,0.012355741663446,0.0021823556124739,8.98477490461593e-08,1.0016196173320002
0.821398978555843,0.0146733914852516,0.0023732042029205,1.3249698232060394e-07,1.0016273380542111
0.8207410713560527,0.0168779336361294,0.0024909525770729,9.882499610844246e-08,1.0016351866432602
0.8201051352587253,0.019038093698275,0.0025471132605863,-2.87529896582148e-08,1.001643087204361
0.8312968634381782,0.0011961586072734,0.0002967555235594001,7.78880677779389e-08,1.0015007615202016
0.8325175980881386,0.0006833324847822834,0.00017175134910996803,3.17644359321391e-08,1.0014845095346383
0.8310924350099212,0.0018533423585923,0.0004518508690998673,1.6513776023153557e-07,1.0015036348326003
0.8275117038313528,0.0030383340950468,0.0007188810716506351,1.1683368168954589e-07,1.0015496225120015
0.8289829424701786,0.0027629870982182,0.0006575994246433779,-1.2850705979879916e-07,1.0015324010570457
0.8302865430206655,0.0029857930985674,0.0007057927304059362,2.395060868291676e-08,1.0015135753125457
0.8272497212915296,0.0051000194984334,0.0011336787348329,-9.071246929830152e-07,1.0015529817929936
0.8209343127630505,0.0312380648820863,0.0017424115587684,-3.410638055795894e-07,1.0016328455453465
0.8213909474037197,0.0286632658557529,0.0020693787701669,5.333145250074667e-07,1.0016247406856629
0.8223450496456773,0.0336874865769586,0.0013584621134793,6.270906195321884e-07,1.001616636149494
0.8238730190706679,0.0348744613884844,0.0011418993108744,1.5459629484443422e-06,1.0015992685313349
0.82514736938875,0.0358962273226342,0.000940994098552628,1.978314405924237e-06,1.0015818618537324
0.8264560673606038,0.0369862482366105,0.0007139141923796354,1.2286625931295886e-06,1.0015651955856073
0.8284981305640556,0.0381806105494509,0.00044515915321739584,3.7389034803156417e-07,1.0015378316511965
0.8278133237740573,0.0373281126076824,0.0006383337186936749,5.257395126023251e-07,1.001546851443314
0.8309947958059997,0.0387429264741193,0.0003121368352207768,-6.0215728505427955e-09,1.0015050404631791
0.8311190359280223,0.0392801500204286,0.0001813192650310924,-4.560898516389535e-09,1.0015034412506458
0.829872279827152,0.0381220881934434,0.00045867468564755545,-1.6698326023219134e-07,1.001519996194716
0.8324091211089656,0.0387480433353198,0.000310832723181916,-1.1156862049414077e-07,1.0014863096894262
0.8325177816535344,0.039282042719053,0.0001807648191849104,-4.22097866518404e-08,1.0014847171199854
0.8220058014139028,0.0263820601624637,0.0022943281342212,-3.315111624286543e-07,1.0016190092495114
0.8226474593070815,0.0242111829836093,0.0024407598704218,2.79677973195686e-08,1.001610820778435
0.8232487774318932,0.0221069463750051,0.0025254104938586,-1.413207984025271e-07,1.001603500097036
0.8216807826882341,0.0205866436218571,0.0025511435370334,-7.37913509361767e-08,1.0016233529153602
0.8268258487540932,0.0071951235423059,0.001499673914899,-2.39251533186277e-07,1.0015564286716112
0.8253078014476606,0.009047499761332,0.0017855004642981,2.796137646454295e-07,1.0015786742126085
0.8243889015664926,0.0118444154465936,0.0021277967135003,-5.33775282061076e-07,1.0015887857117065
0.8236640722948428,0.0141352093931032,0.002334940446817,6.537193090272244e-07,1.0015988663622422
0.822987188392997,0.0163302044282133,0.0024674864314405,3.862792669791692e-07,1.0016069256326674
0.8223249511885692,0.0184690710703141,0.0025381147490477,1.2118034478142758e-07,1.0016150785248248
0.8327073547924185,0.0011812571593488,0.0002929707691229056,7.911584748295581e-08,1.0014820373926978
0.8339160028945567,0.0006824954769092511,0.00017144089219119186,4.7330905857397416e-08,1.0014661884882343
0.8325289311268805,0.0017953737244073,0.0004380880769668996,1.5425258283771878e-07,1.0014847344889544
0.831878562025559,0.0028225183911778,0.0006696898566287622,5.734964144320053e-07,1.0014932986926397
0.8291119439459997,0.0042425763879313,0.0009689186157515168,5.649027781554965e-07,1.00152918108662
0.8311129127848417,0.0043763254875476,0.00099362010843123,1.579954928282222e-06,1.0015039844043514
0.8285943435685129,0.0067808302426742,0.0014334042908859,6.102049886080908e-07,1.001533155234677
0.8229444582630653,0.0304993207429159,0.0018455212989785,3.721064958359383e-07,1.0016082003318287
0.8234597038662946,0.0277797438994924,0.0021645612966928,6.037244016125552e-07,1.0016013237050947
0.8243317832469678,0.032401249725985,0.0015681637089129,-6.925115418388204e-07,1.0015890527252622
0.8255401023978584,0.033759412502041,0.0013419629724463,8.533875819751899e-07,1.0015768332878816
0.8267673775020837,0.0351114261035022,0.0010947024733546,6.098105534624419e-07,1.00155989330831
0.8279471394507896,0.0359855427689379,0.0009223254274316786,5.129457037698102e-07,1.0015434923892848
0.8292756248216551,0.0369877411043484,0.0007136886198487449,-3.9375040279701773e-08,1.001528052918414
0.8312597216320291,0.0380928218341733,0.0004654151496854733,3.4233898991140695e-08,1.0015012433782962
0.8306190113179592,0.0372631585468178,0.000652528712443649,-1.932879062354443e-07,1.0015101274620049
0.8337804810680876,0.0387592937887083,0.00030791946548354866,-7.568728767651246e-08,1.001468187650664
0.8339165414679812,0.0392849306180864,0.0001799292079996257,-2.8410341630364554e-08,1.001466414425192
0.8326846279955157,0.0380910228681242,0.0004655690353305028,-3.138089962121825e-07,1.001482913928805
0.8351516526223705,0.0387636600321723,0.0003066453402788294,-1.5451621111042e-07,1.0014501051613796
0.8353153276457108,0.0392893019737497,0.00017866366797091027,-6.45938308670561e-08,1.001447839522539
0.8242613636157262,0.0256715942407268,0.0023494502234387,-3.227350759078757e-07,1.0015897198520698
0.8248944729326725,0.023591937629227,0.0024711033733126,1.0806237563575719e-07,1.0015823892324969
0.825426620870802,0.0215117237880196,0.0025394087835046,5.663848185029978e-07,1.0015762160582478
0.8238963814636423,0.020021511426075,0.0025533838875388,1.4404295246771756e-07,1.001595082963732
0.8277344814517175,0.0092324983460956,0.001809675890858,4.3485297662725204e-07,1.001548213052188
0.8267049670872256,0.0115533353835351,0.0020954659785101,-7.169707434033374e-07,1.0015590296525512
0.8259705244287149,0.0137140347635209,0.0023010880592202,-9.34694648872612e-08,1.001568187625902
0.8252671787862028,0.0158607935384864,0.0024443669267355,5.965445424265697e-07,1.0015776998042794
0.8245715244078514,0.017954188489785,0.0025265551621056,3.757339320998498e-07,1.001586555771988
0.8341131147965307,0.0011634019470756,0.000288599420782173,1.01185728573991e-07,1.0014637228368957
0.8353144280586167,0.0006848753310733113,0.0001718295568968589,5.6896639477768786e-08,1.001448433353209
0.8338384064287611,0.0017283753506078,0.0004224450197459215,1.7074055134393878e-07,1.0014674493279023
0.8354851979283611,0.001178934705085,0.0002921142118165957,1.1339166301523547e-07,1.001446145562289
0.8367130688096992,0.0006886673854983864,0.0001726239714340845,1.3691661053923466e-08,1.001431186050397
0.8368768904583622,0.0011824913242396,0.0002927831797154842,6.826443595983687e-09,1.0014290651831956
0.8381118948858841,0.000690093681334572,0.0001730238018391844,-5.0799653245188665e-08,1.0014137234230005
0.8332987976356919,0.0026888630996743,0.0006400848971202694,1.8755605077533477e-07,1.001475678526915
0.8327522787884775,0.0040320207501145,0.000923875373800201,5.47004963399036e-07,1.0014828635315354
0.8304654481329,0.006303541656045,0.0013519986629019,4.217770017598639e-07,1.0015096717057024
0.8321827007954489,0.0058715026414496,0.0012768424765894,1.4811635142821464e-06,1.0014893738647022
0.8299227725795095,0.0088344287460916,0.0017537286618534,-6.204213900084442e-08,1.0015197293167457
0.8248762663346216,0.0294474069352732,0.0019777558056689,-1.04914248402683e-06,1.0015811680943398
0.8253138336912185,0.0272502625367663,0.0022143931883163,2.064613525490259e-06,1.0015759614302462
0.8263341220982557,0.0313455983862423,0.0017264668163754,3.555943075898294e-07,1.0015615666076358
0.827167173884068,0.0330649234616537,0.0014563227390371,-4.603974067669378e-07,1.0015539602030974
0.8284442103888287,0.0340200868470685,0.0012953760789846,-4.102077065282078e-07,1.0015384894816173
0.8295171146396326,0.0351623583493528,0.0010845522759723,-6.829378921030073e-07,1.001524086860001
0.8307060270875585,0.0359897094545781,0.0009211226555229844,-3.296136707261362e-07,1.0015079254703514
0.8320458108933539,0.0369218685189314,0.0007274355020513061,-4.560444129205141e-07,1.001491607214036
0.8340792369268629,0.0380981155767354,0.0004636573059190482,-1.2410216903681148e-07,1.0014640580908196
0.8334252324090535,0.037215100057924,0.0006624731111005629,-4.42369518521172e-07,1.001472913787703
0.836554391060731,0.0388222385989041,0.00029227598060398304,-9.946589134917293e-08,1.0014319497010558
0.836714069588092,0.0392958370627291,0.0001769091633215438,-3.3956559277556894e-08,1.001429847555264
0.8354748819644847,0.0381100437890216,0.00046058174516077017,-4.042062637597206e-07,1.0014461089775857
0.826702736806286,0.025278870220756,0.0023787851274334,4.070944331338037e-07,1.0015596840911778
0.8269254939398895,0.0228655858146023,0.0025026888888972,9.894024774748964e-07,1.0015590921925372
0.8274744148586235,0.0209826359151866,0.0025469060974063,3.977923950661485e-08,1.0015519315803416
0.8284243079345959,0.0221443145610956,0.0025228720843098,-3.884479924260964e-07,1.0015404237738674
0.8261256321966909,0.0195004940056182,0.0025517440968698,2.310225009697876e-07,1.0015671642731638
0.8291687975315724,0.0112658432664869,0.0020638684228461,1.790844572735061e-09,1.0015292525439257
0.828345448579361,0.0133704369256769,0.0022716202261992,-3.066048511682267e-07,1.001538359067896
0.8275875974274441,0.0154861958557671,0.0024232280454227,1.5734508452160606e-07,1.0015476552624631
0.826836790187205,0.0175409973725361,0.0025149254622573,4.573580352538595e-07,1.001557465346805
0.8383130175974537,0.0011985733997517,0.00029669748059764,-1.2598927927803593e-07,1.0014111050925114
0.83951066821587,0.0006881191132012299,0.0001727527578722456,-6.043476783941063e-08,1.0013958611302924
0.8352344314878991,0.0017752481520066,0.000433295144429924,1.6100626756012422e-07,1.0014488169266438
0.8345156020923763,0.0025209164085085,0.0006028921429125489,2.3613796347945005e-07,1.001458273000312
0.836557992312542,0.0018284182214699,0.0004453547849306905,2.475651602033972e-07,1.0014332759038196
0.8378826068526412,0.0019979872961369,0.0004844342801080846,-2.6600077227477364e-07,1.0014165137412847
0.8343364138230834,0.0037294133919787,0.0008616929644455364,-4.205009384947574e-07,1.0014621639247598
0.8339517333934684,0.0054758481277989,0.0012038552184056,-1.0388503011824688e-06,1.0014686944665383
0.8318147816796265,0.0082486447385622,0.0016677901670308,8.705478986096668e-07,1.0014933720567951
0.8333555500217698,0.0071875133042163,0.0015016096623776,-5.778968182992376e-07,1.0014761713441307
0.8315588051645105,0.0108476500831722,0.0020159264971717,-2.57400449081698e-07,1.001497109944962
0.8379987309761915,0.03878664546573,0.00030053222883888057,-2.443341173130704e-07,1.0014134577661793
0.8381126696175183,0.0393034650169653,0.0001747512845320768,-1.0000578356213501e-07,1.001411863770539
0.8273922554170544,0.0282084154819372,0.0021243375805268,-4.3815603676238425e-07,1.0015495314920797
0.8286997894381603,0.0313265640091072,0.0017306884034691,-6.276114435120267e-07,1.0015310350096718
0.8298539078080142,0.0331046397168359,0.0014482530111279,-1.2006492215934403e-06,1.0015169054644903
0.8311677488394619,0.0340242101136807,0.0012933379658787,-1.2473913947828694e-06,1.0015021480257145
0.8323131143205346,0.0351798492629699,0.0010794891216879,-1.3302632785713491e-06,1.0014872359198277
0.8335468555867349,0.0359617765976503,0.0009256432647932824,-9.09169639412391e-07,1.0014704695032266
0.8348257871200387,0.0369581344051249,0.0007188608160419616,-5.692716777553062e-07,1.001454783302238
0.836927397954664,0.038107799029489,0.0004607278803909762,-1.9202976318894094e-07,1.0014271550714575
0.8362169719332883,0.0372476426831555,0.0006546877129658212,-5.153851964505106e-07,1.0014363260309112
0.8293023285418163,0.0258061853467256,0.0023389882328572,1.0479766328041448e-06,1.0015265306985812
0.8286343328477624,0.0236832875991657,0.0024674252168518,-2.5417196378527104e-07,1.0015342357786323
0.829651871114707,0.0223676407960454,0.0025159949145524,-1.4917011456861662e-06,1.001518514425913
0.8294354269176748,0.0208223570116917,0.0025477205046958,1.5358940921162048e-08,1.0015239303803496
0.8283212242298436,0.0191722171351751,0.002549398437767,1.319817895914234e-07,1.0015385884845538
0.8308140038918364,0.0130373845030969,0.0022425647489373,-4.98092557925816e-07,1.0015070155366557
0.8299615866689641,0.0151578831706405,0.0024032191592178,-4.5982332264593163e-07,1.0015174128435402
0.8291486427716567,0.0172718959815085,0.0025061313444384,-1.4888496046208245e-07,1.001527524223044
0.8400075658923393,0.0012631150560041,0.0003123805606443059,-7.514671455022172e-08,1.001389718330216
0.8409092258114972,0.0006852991947613765,0.00017208826878690586,1.0167026687798366e-08,1.001377506978126
0.8411044441230446,0.001229746506989,0.00030450692729408723,2.8852539055090013e-08,1.0013748482297955
0.8423076152582227,0.0006844619990849267,0.00017193055775793529,-1.9585771574697433e-09,1.001359067193231
0.8424587466829186,0.0011867457243163,0.0002941815359223041,-3.270449105395664e-09,1.001357081689697
0.8437059810419356,0.0006864619416420013,0.0001723334332717732,7.079404901566092e-08,1.0013408373601278
0.839400955999407,0.002022109916666,0.0004901480288949396,-1.4172184221113692e-07,1.0013975111098672
0.8358729453921667,0.0029643920449359,0.0007017736151849126,6.233503098656997e-07,1.0014414207162723
0.8373355495151078,0.0027905660401926,0.0006626517436142441,-1.7811147712334513e-08,1.0014245331140137
0.8387211264536979,0.0030300980515915,0.0007146753445695359,-3.653388867165924e-07,1.0014057974929025
0.8355854492870031,0.0049861229566457,0.0011125520164415,-1.438284879141497e-07,1.0014442144431273
0.834991249090879,0.0072778555896841,0.0015165332678298,3.148270489457261e-07,1.0014507965018218
0.8337864273266556,0.009750723817839,0.0018803221970715,-2.894852536878714e-08,1.00146746044153
0.8331225071933995,0.012329609140363,0.0021780024309007,2.1054314645312666e-07,1.0014780719865144
0.8393618956267933,0.0387940138853411,0.0002984517329424667,-4.951860304926684e-08,1.0013964800712076
0.8395111493417952,0.0393099660826605,0.00017294570017282757,-1.2696767931329816e-08,1.001394687002552
0.8382536040355131,0.0381601759901922,0.0004483534545269414,-4.534127219855254e-07,1.0014103007899946
0.8407057869326245,0.0388230006110611,0.00029146932809194547,2.8373644071916597e-08,1.0013798608222495
0.8409096054309204,0.0393148504807903,0.00017177135997802764,1.956122321722731e-08,1.0013772165956714
0.8303164483320663,0.0283138343653502,0.0021122515618351,5.148601756378271e-07,1.001515487135786
0.8313440152169357,0.0313886778546079,0.0017225839956469,-1.714475994331965e-07,1.0014996070430138
0.8325694712415945,0.0332842490774605,0.0014186141383297,-1.1477751394678292e-06,1.0014824323927072
0.8339150301704236,0.0340402254750499,0.0012902527060494,-1.1365714908958102e-06,1.001466572753991
0.8350930974704348,0.0351879879275793,0.0010775611135178,-1.0278432635059898e-06,1.0014511965847912
0.8363039085084374,0.035973937234712,0.000922679982542414,-7.790475367287103e-07,1.001434026202489
0.8376197624517686,0.0369865972299158,0.0007121711231249498,-6.308008199390353e-07,1.0014182911108878
0.8316974628763482,0.0260519896075763,0.0023203871971672,5.925558596138978e-07,1.0014951939614525
0.8306863070335623,0.0237881906090171,0.0024625359758748,-1.5476917983844278e-07,1.0015056363899932
0.8314579931545458,0.0215508859306165,0.0025399967115776,-4.865815111222669e-07,1.0014985865067738
0.8306299113783261,0.0192434049406193,0.0025514928586281,-2.2337024166008586e-08,1.0015087040733872
0.8323463304171433,0.0147414679255006,0.0023769151010519,-2.83617621170337e-07,1.001487821238484
0.8315547467383159,0.0170307897037299,0.002497484269306,-6.373235499509913e-07,1.0014973476880746
0.8408029105273428,0.0020256672363957,0.000490821531012819,-9.011121099719353e-08,1.001378794004232
0.8452789378226356,0.0011743824245207,0.0002908268590072333,1.2074000583035042e-07,1.001321255192818
0.8451044255134608,0.0006904668670733572,0.00017307318786316864,6.175143035011627e-08,1.001323479801184
0.8465029688074663,0.0006952282026804488,0.00017410338885475585,2.8991762854346915e-09,1.0013062572233673
0.8438640192233279,0.0011601583620756,0.0002876917747047776,1.48985808030008e-07,1.0013388305795587
0.8423086387224812,0.0018107963138,0.00044155807171935446,-4.62466509318487e-08,1.0013593485967915
0.843574612240329,0.0017175239366592,0.000419903177395838,2.575560351440905e-07,1.0013425527617403
0.8402697188030509,0.0029559205602578,0.0006984298656220194,-7.696870261181217e-08,1.0013859391661726
0.8374552335428795,0.0043098487402456,0.0009818514516759704,2.461451782412793e-07,1.0014221662343294
0.839489711439709,0.0044605078218497,0.0010101873311036,6.19594789139552e-07,1.0013973337043889
0.8368432761924071,0.00684001677224,0.0014451572454789,3.267218150868034e-07,1.0014294356719056
0.836217856013704,0.0094975975749579,0.0018466657097742,-1.0073767723724761e-07,1.0014398992517934
0.8353478349313121,0.0119098245443457,0.0021345207004256,2.6907945595191266e-08,1.0014487729515853
0.834650804811535,0.0142354140250537,0.0023416239589424,4.594713026163165e-07,1.0014576244823212
0.8396128281859913,0.0381734175919652,0.00044491865976807257,-4.236067419658687e-08,1.0013932910697827
0.8390243324407581,0.0373319926221071,0.0006356000009969385,-4.024749582392752e-07,1.0014004500854548
0.8409209262573659,0.0382335752468577,0.0004309363925027624,3.376432446876557e-08,1.0013776242348085
0.8421092758229797,0.038838773039005,0.000287775132820382,5.8750733343496575e-08,1.0013622803263955
0.8423080586138946,0.03931878070557,0.00017089939583475445,2.9621940607461523e-08,1.0013598223056497
0.8328131497893997,0.028452583369442,0.0020970722377359,1.363283483823113e-07,1.0014809954086032
0.8339959145739496,0.0314780911860112,0.001710813035084,-1.98846029929568e-07,1.001466019115104
0.8353069758482597,0.0333004299671631,0.0014164320479449,-2.0106775808925478e-07,1.001448085814127
0.8367159799529257,0.0340620793025058,0.0012868647763713,-4.437170459362781e-07,1.00143051159435
0.8379454795180917,0.0351487061118289,0.0010860339371537,-7.337194638481239e-07,1.0014144101840965
0.8392136047650717,0.0359969402546328,0.0009184698616055118,-8.288085140404186e-07,1.0013972983948312
0.8340012718076543,0.0262535525388315,0.0023045452020477,-5.077740624528448e-07,1.0014653299684555
0.8330758501096146,0.0237763424220732,0.0024629162217706,-5.131405413851149e-07,1.00147767237764
0.8335994048648058,0.0215405601882449,0.0025390744792924,5.808909125400587e-07,1.0014736831578848
0.8331285158592266,0.0193245557864364,0.0025537052936594,-1.8145495004660344e-07,1.0014776060022594
0.8339679091889537,0.0166855188079598,0.0024841915600991,5.6299670438181144e-08,1.0014665160388123
0.8348763297664327,0.0205581925078517,0.0025511765793306,5.650305937751734e-07,1.0014584001412012
0.8353150470434241,0.0246837092098606,0.0024114056203674,4.173095092275424e-07,1.0014495269061316
0.8363205839521447,0.0160834577153073,0.0024572705145037,1.2042639021195518e-07,1.0014374459729254
0.8466419976419655,0.001206445862572,0.0002983979661696967,-8.196981568421615e-09,1.0013046634395977
0.8479015917125992,0.0006999797532805162,0.0001754605816212413,-1.0070437843184597e-07,1.0012894130158272
0.8480149675864458,0.0012247971209512,0.0003031373383752349,-2.37653743919894e-07,1.00128802108223
0.8493002710042582,0.0007041339291785091,0.0001767567986081567,-4.846035077843613e-08,1.001271729736089
0.8417261396237343,0.0028723150646571,0.0006803761611792685,-7.743825592785137e-08,1.001367128939844
0.8463668973515796,0.0018139139994135,0.00044192944938644313,1.0689521261234554e-07,1.0013082226853365
0.8449967742275853,0.0017527770161427,0.00042780329318906166,1.9210251197677786e-07,1.0013242426302578
0.8430973779382228,0.0027214433318601,0.0006476512445286689,9.231648866142341e-08,1.0013496421153747
0.8442650717291297,0.0025209810275116,0.0006029845408039247,5.753271752232814e-07,1.001333085263037
0.8411160859661079,0.0043420598931422,0.0009866996381055614,-1.9933771392906541e-07,1.0013758543119826
0.8387637006974978,0.0064959839881801,0.0013866019703816,1.042592029429525e-07,1.0014054320113528
0.8404692908422077,0.0061957620299622,0.0013342933413939,2.602165079288536e-08,1.0013847485904612
0.8381385911146317,0.0090590908504248,0.0017864672879479,7.73878075027486e-08,1.0014136697707698
0.8375436586322973,0.0114896621964311,0.0020891572327009,-2.2018566649877854e-08,1.001421439703554
0.8369154546952641,0.0137454969307,0.0023036668095161,8.695910656884602e-08,1.0014292957417077
0.8404103247018898,0.0370862326579667,0.0006902976011949239,-5.116624214471567e-08,1.0013839632885737
0.8417026005023083,0.0374486089149744,0.0006095480508913328,2.5491626063718656e-07,1.0013681925951474
0.8423150114819683,0.0382665080398288,0.0004233422055374371,1.0672814716480177e-07,1.0013595482466289
0.8435117079061293,0.0388282650243071,0.000290296864848646,7.276361546687382e-09,1.0013443889012894
0.8437064995670533,0.0393212506631078,0.00017031987984144394,8.674081802058876e-09,1.0013418535238718
0.8353351661206493,0.0284892120319466,0.0020924161566879,2.042470080145188e-08,1.0014486875238278
0.8366875936303843,0.0313912605264088,0.0017238777101147,-6.818133761748634e-07,1.0014312483412982
0.8380917435618477,0.0330976360589913,0.0014502452367734,8.727595477846782e-07,1.0014117116380987
0.8407992750522967,0.0352288697642139,0.0010715239100772,3.056380805509705e-07,1.0013795322722574
0.8396289793501025,0.0339757214212131,0.0013037648640369,-1.0164071477209556e-06,1.001391900868993
0.8364183164528889,0.0263627258246611,0.0022951683399987,4.396189000737994e-07,1.0014359316267454
0.8354615061542922,0.02249242531609,0.0025140531431479,-3.685204172543363e-07,1.0014480267390462
0.8358065195428052,0.0186977838482258,0.0025442605431843,-9.728670041121323e-07,1.001443446591444
0.8363834269431043,0.0207449352751655,0.0025486690072952,-6.393991616804395e-07,1.0014336837200473
0.8380444833690709,0.0176442723066309,0.002518570219576,-1.9404303480276232e-07,1.001413527550694
0.8372107508556937,0.0241623928811485,0.0024418055339614,-6.275763397140302e-08,1.0014215302482403
0.8385409111089387,0.0154978321047064,0.0024249178246643,-3.709265277497198e-07,1.0014090409305518
0.8494361328897561,0.0012197134663523,0.0003022007232907396,-1.1426236265946455e-07,1.0012699563667964
0.8506989730207273,0.0007072769683859027,0.00017769234592281464,-4.4165591552919787e-08,1.0012540195737158
0.847621861581965,0.0018624381314811,0.0004534079721361072,-5.288060209507386e-07,1.0012922852091666
0.8491709731932214,0.0018400492349186,0.00044861829646113306,-1.5942330963963234e-07,1.0012738791108886
0.8469765259921724,0.0026491781795923,0.0006314938523565428,-1.7119586771329125e-07,1.0013016784752458
0.8426281824888306,0.004130453945322,0.0009446576163345112,-4.901321483541799e-07,1.0013560589929842
0.8455822999236037,0.0029194581692081,0.0006917353987385157,3.0945416134948946e-07,1.00131807548777
0.8440767434698849,0.0037519351482926,0.0008674102312841299,4.874967947205499e-07,1.0013360577666093
0.8421182139911562,0.0059445961798191,0.0012900283993626,-1.2144487601263056e-06,1.0013647874934992
0.8399617254660655,0.008575508329174,0.0017170204367028,6.94328581353788e-07,1.001390806716912
0.8415227043209054,0.0080853278072017,0.0016424187390692,-8.215367850639094e-07,1.001372308509404
0.8396633985933707,0.0109246922795363,0.0020249122586803,-5.652939772905464e-07,1.0013933708705611
0.8390921479898278,0.0132654388377027,0.0022637496681056,-3.539470194041011e-07,1.0014015955975182
0.8419396210660125,0.0362845760912272,0.0008593359058138805,-4.8411867623164976e-08,1.0013638487217926
0.8429196780529242,0.0372928712822349,0.0006440411348749227,-2.1433017363466565e-07,1.001350748507014
0.8437132438370375,0.038202574621501,0.00043806231295994905,-3.668075177659152e-08,1.0013414817049489
0.8448777366889505,0.0388277443615163,0.00029037600521589457,-1.9148896211332283e-08,1.0013266360524524
0.8451049266812765,0.0393224486903363,0.00017001009498715598,-2.5665563600650855e-08,1.001323577888014
0.8462538327700283,0.0388373559211212,0.0002879413647733339,-2.1076355774723746e-07,1.001308569908561
0.8465033283691541,0.0393219986939562,0.00016990425166551153,-9.125369933931876e-08,1.0013055487478606
0.8423663758235186,0.0346411817304045,0.0011820173358418,-4.712560347862384e-07,1.0013569788243302
0.837878806346188,0.0284679851887457,0.002094684412132,4.077348550366866e-07,1.001416887734338
0.839496892512966,0.0311068168051303,0.0017640923200224,-6.262304832422866e-07,1.0013956336612202
0.841251732334407,0.0330198716600752,0.0014669815644176,1.8768742959146133e-06,1.0013745310365512
0.8428607800817167,0.0327882324057291,0.0015033903217247,-1.2333978327188232e-06,1.0013494764109163
0.8387688567618367,0.026119011436982,0.0023143466977568,-4.983102628510535e-10,1.0014045116096275
0.8377537919575763,0.0220215644645956,0.0025268471750044,-8.065277883499287e-07,1.001417324543729
0.8379243876989401,0.0198436917215053,0.002553928810868,1.881061721444602e-06,1.0014156592035606
0.839483638154871,0.0188490855643766,0.0025444036522815,3.1609536165696176e-08,1.0013942464021552
0.8401801511851316,0.0171644118620098,0.0025022337654911,-1.029284347537708e-06,1.0013870577377213
0.8394708167254094,0.0237285230408855,0.0024647913295637,4.723906433801771e-07,1.0013952854040742
0.8508616504845189,0.0012294813392947,0.00030480087826644143,-1.1800290816424841e-07,1.001251802085375
0.85209766362506,0.0007094677814663351,0.00017832207330939075,-6.8012495697816125e-09,1.0012357914566188
0.8406926454205127,0.0150841545902793,0.0024000854818506,-7.682592536127222e-07,1.001381003104037
0.8505731375189468,0.0018494751075029,0.0004510921400094972,-2.8567831876866095e-07,1.0012552700229922
0.8497940797274787,0.0027654103095011,0.0006576566778370179,-4.68971092812936e-07,1.0012657670395366
0.8483233285430137,0.0031267365353736,0.000736969049783049,-5.705738448402266e-07,1.0012845363800835
0.8468031254990603,0.0040033967084033,0.000919358856201982,-5.193296295604931e-07,1.0013041000660008
0.8436393304321473,0.0056659303145697,0.0012404612609539,4.167868602575736e-07,1.001341165441193
0.8452431399387378,0.0048277845893902,0.0010830839773067,6.780305291542984e-07,1.0013226558113335
0.8430430979312834,0.0079796802716643,0.0016253391874693,-1.2452598890770517e-06,1.0013490330713457
0.8418452969721343,0.0102422491243393,0.0019438798798378,6.881506763816798e-07,1.0013651061426518
0.8412138575521543,0.0127414373998546,0.0022169721087875,-4.263703330631233e-07,1.001373473880124
0.8434394722631368,0.036009692197569,0.0009160320957242998,-3.4213747766342725e-07,1.001343436686428
0.8443678854061737,0.0370683058165071,0.0006928682088809874,-1.450494359737115e-07,1.0013328427624624
0.8451484055800286,0.0381564145286321,0.00044859948298046746,-1.0051592247113905e-07,1.0013232158223138
0.8476658376346281,0.0388214993747326,0.00029152605818217155,6.44513608943187e-08,1.0012916146727877
0.8479017535317368,0.0393193214289184,0.00017046496956803255,3.1662443151090145e-08,1.0012890153166725
0.8491186364962967,0.0388229915378204,0.0002915453605905936,2.600475902292343e-07,1.0012738307306426
0.8493001107607066,0.0393166441638806,0.00017140339700583488,1.089235458812295e-07,1.0012716041045469
0.8465216052906211,0.0382266185853081,0.0004322976022887711,-2.9019782925141336e-07,1.001305082806866
0.8440614583514364,0.034140430831871,0.0012743655671055,-6.7100409961557e-07,1.001336203764211
0.8404469843812349,0.0281836953293639,0.0021257007315333,4.930180414377261e-07,1.0013846421227692
0.8422551331325555,0.0303392206016556,0.0018678864754611,-3.369892858039519e-07,1.001361920371698
0.844369200766666,0.031800457204639,0.0016597258108649,9.068771332622766e-07,1.0013340766449257
0.8411566829712495,0.0256951471280216,0.0023464673756466,4.925524253254358e-07,1.0013746119711462
0.8400739883985067,0.0211055404129666,0.0025479649949994,4.132969957413347e-07,1.0013882008689148
0.8413435826901506,0.019094205357029,0.0025474984258543,1.5482975164147426e-07,1.0013691909215812
0.8421353063113964,0.0168309776708637,0.0024900347898113,7.676836016458677e-08,1.0013605964631835
0.8418604908464918,0.0232442173572687,0.0024858030362506,2.0269065791018439e-07,1.0013647046992755
0.8522277041779788,0.0012291514331176,0.0003048421967202912,-3.149739554557663e-08,1.001234092169385
0.8534963264624956,0.000710997472863697,0.00017881725659760935,-5.6458850232268876e-08,1.0012180712390897
0.8519640282039352,0.0018548067717962,0.000452525229481106,-1.4891138960631049e-08,1.0012378371978532
0.8536016845227973,0.0012299830469223,0.00030523192145389446,-1.3054717838259694e-07,1.0012165764093652
0.8548949683441383,0.0007122283872996857,0.0001791840552295349,2.6807378243186343e-08,1.0011992616588954
0.842795626310287,0.0145736206436271,0.0023661494652952,-4.7510033418139486e-07,1.0013525040382902
0.8511720839192494,0.0029873740684242,0.0007073079114334647,-2.341607283141182e-07,1.0012478920110484
0.8497308754629617,0.004023416601286,0.0009236908693359232,-2.300002581257445e-07,1.0012677878929166
0.8481048764001949,0.0048558110991588,0.0010880732803357,-8.796658741222377e-07,1.001287335884519
0.8464424037227131,0.0060698731731848,0.0013132724290132,-7.147725425549074e-07,1.0013111983680911
0.8448033185555085,0.0070986647899942,0.0014880551044572,1.6710600964899174e-06,1.0013263367042489
0.8441471853984347,0.0100944783139101,0.0019241909020441,-7.969572090723912e-07,1.0013356774943083
0.8434734328706917,0.0122564649691747,0.002170183287888,-1.1100726284630109e-06,1.00134343826366
0.8505159048427319,0.0388373194585229,0.00028876264474824435,2.961413521659193e-07,1.001256542778662
0.8506984434810085,0.0393094219865631,0.00017366280687706624,1.4064189379173824e-07,1.00125416324082
0.8450782513021454,0.0356997911982136,0.0009783046026940207,-7.70007672417402e-08,1.0013224393105629
0.8459082614017704,0.0370484910708923,0.0006972459716855941,-2.046026001749135e-07,1.001313720651291
0.8494381953542901,0.0381545592710255,0.00044970942522906064,5.455588272112858e-07,1.0012706650727703
0.8480410403014885,0.0381314846286329,0.0004543668615822968,2.834051968035009e-07,1.0012869020884108
0.8472326594594067,0.0372238092153906,0.0006592536731565148,5.111374702381636e-08,1.0012959892332238
0.8457182645484561,0.0336205911949976,0.0013671433798859,5.228659710349468e-07,1.0013166534248408
0.842809899835031,0.027619182766709,0.0021837212010914,2.6239473612407104e-07,1.0013549064162113
0.8445167156020741,0.0291205726245086,0.0020200577292681,-3.3719393384360097e-07,1.0013314468659338
0.8461638918217461,0.0308707224686252,0.0017943476209293,3.410033484745617e-07,1.0013082275954586
0.8435222985352672,0.0251278713630306,0.0023853899088266,1.6498557991784384e-07,1.0013445174392508
0.8426812107356504,0.0209573766047576,0.0025489427802886,4.442062443537275e-07,1.001356481369417
0.8435266771272157,0.0186727950906633,0.0025413329643973,2.873397830676444e-07,1.0013436984728117
0.8442744727207881,0.0163941666496715,0.0024707317208118,2.762195957349664e-08,1.0013346467076565
0.8442571649754825,0.0227652368656099,0.0025048684673803,6.743680390451405e-07,1.0013356855024922
0.8533549711754563,0.0018515726473371,0.0004519669163430108,-2.552294612508125e-07,1.0012196888097968
0.8526183539306744,0.0026584291270071,0.000634472922223585,-1.1622999037612072e-07,1.0012299293654812
0.8550191326629765,0.0012321458229831,0.0003057587973811275,5.007563950930807e-08,1.0011975896705751
0.8562936067557738,0.000713230818866229,0.00017942548692503784,-2.4745019413227796e-08,1.0011814952921678
0.8546574916228192,0.0018990979702361,0.0004629783057302908,6.072011941724935e-08,1.001202504666426
0.8564400746032402,0.0012336487150805,0.0003061955504415539,-5.788976414587205e-08,1.0011794137391643
0.8576922464497159,0.000713885776247367,0.0001794839313806678,9.436627284727677e-08,1.0011629386604353
0.8449870871731883,0.0141322028688439,0.0023335254919708,-7.239188684789532e-07,1.0013252706483675
0.8524954079188919,0.0039947086559036,0.0009171561529981108,7.169498756076575e-08,1.001231818623941
0.8509181486382261,0.0048133782283338,0.0010791986778796,1.5745238298480736e-07,1.0012506739239766
0.8493352427036233,0.006002799459919,0.0012993766626016,2.3086381485700666e-07,1.0012703718853782
0.8479691341490876,0.0069040402797539,0.0014513830528236,8.539008629697873e-07,1.0012879385217963
0.8466521943653272,0.0088560609437554,0.0017579467721267,-5.814719107333754e-07,1.0013030397739546
0.8457846004567607,0.0118270162535751,0.0021288415963361,5.564815027097387e-07,1.001317063382898
0.85188145171123,0.0388006483147746,0.0002979206762525356,1.1138468892229743e-07,1.0012386113549192
0.8520969424130509,0.0393007232410615,0.00017610774890157216,3.977213282336352e-08,1.001235517959232
0.8507675453577788,0.0382794913591353,0.00042129027102124906,5.562460322082353e-07,1.0012531243235523
0.8501105565880407,0.0374033478950118,0.0006205473118066184,1.0026889020356475e-06,1.001262554459682
0.8471115875367258,0.0356037676254681,0.0009993991352215805,7.756554164250618e-07,1.0012989285032707
0.8487353891852835,0.0369438440492802,0.0007220155983785186,9.64046994435905e-07,1.0012796653664238
0.8476484946212602,0.0330491980210695,0.0014634654485745,7.699155584782581e-07,1.001292209839036
0.8451839701526819,0.0268339973752065,0.0022552162352449,-2.0782482964604483e-07,1.0013237502838528
0.8468389688734405,0.0283830079246856,0.0021036002695203,2.887848758815844e-07,1.0013015118740851
0.8483349708740712,0.0302258664632816,0.0018824467946989,6.022333261998547e-07,1.0012838015431476
0.8458773699495249,0.0245353757016148,0.0024220863912958,3.890639212645346e-07,1.0013151191286171
0.8450198216936542,0.0204598671438847,0.0025527002243734,1.722925524901311e-07,1.0013260318343524
0.845761600881107,0.0181865438926737,0.0025312757283179,2.385576698384593e-07,1.0013161636570864
0.8464434579836578,0.0159647187591517,0.0024490730631163,-1.9675853661814048e-07,1.001307855453925
0.8465861228333006,0.0222314735977653,0.002521987191292,2.84049122712731e-07,1.0013057421103628
0.8539570213202073,0.002980543013018,0.0007057261692937921,-7.501147227001253e-08,1.0012120371515552
0.8561310645020633,0.0018485500932798,0.0004514536115776714,-6.828158039460496e-08,1.0011836850566758
0.8553894275260274,0.0026573295508476,0.0006343811823153723,2.686363986198588e-08,1.0011937875058767
0.8578138157909453,0.0012499080687902,0.0003098189245026327,2.639397788577238e-07,1.0011614508579472
0.8590908846258193,0.0007142350147346395,0.00017921817189097498,1.038950754831383e-07,1.001144776696024
0.8573574843145336,0.0020032213615556,0.0004868717454937842,3.914195703321129e-07,1.0011671139668152
0.8472041693082016,0.01374974768132,0.002304568474587,3.220972077424699e-07,1.0012984282921489
0.8536770065191895,0.0048156341150025,0.0010787650860937,2.197864959379786e-07,1.0012147852731477
0.8521906454385931,0.0059698942414592,0.0012923685606957,5.432638220655284e-07,1.0012343209098058
0.8507448040342156,0.0068565963223607,0.0014427079316178,8.781573215418507e-07,1.001250851175801
0.849310953553579,0.0087356567227516,0.0017417942122008,-2.1238582579560741e-07,1.001271006020979
0.8481690731230156,0.0114898845804449,0.002091321913816,-5.116469875460371e-07,1.0012836333203652
0.8532962688672399,0.0387723500355975,0.0003046126784354119,-2.17512866652416e-07,1.0012190145320332
0.8534956205040741,0.0392919158727421,0.00017813472562715796,-1.0207894826139686e-07,1.001216230022392
0.8520974983453639,0.0381781023471648,0.0004450374129069122,5.1902513850180514e-08,1.0012353236509666
0.8513857264040529,0.037263033297378,0.000651911197377012,3.939935809625069e-07,1.0012441933671643
0.8503078912013252,0.036071522095837,0.0009039300908498396,6.914522004305498e-07,1.0012583516136315
0.8490218836120472,0.034894091320003,0.0011364653579369,5.323666720581114e-07,1.001275164284652
0.8495271807532249,0.0324156887598125,0.0015642400401631,3.7611917559366056e-08,1.0012677644494463
0.8475385681632438,0.0262175254978281,0.0023068712214195,3.856626505460422e-07,1.001293113745887
0.8491768180313058,0.0278891120282828,0.0021556988283215,-4.252479836791562e-08,1.001272036883717
0.8503143898891022,0.0299862013535198,0.0019133598937268,3.208763747117025e-08,1.001260378378247
0.8481804461847698,0.0239987287514911,0.0024510386421055,2.47174654213225e-07,1.0012853788739526
0.8473092752226518,0.0199375192245425,0.0025535337306617,6.115499139028369e-08,1.0012964628139238
0.8479959005088652,0.0176902974561837,0.0025174066599203,2.827376412279596e-07,1.0012877435848997
0.8485811266033546,0.0155617190541883,0.00242704263687,4.2902654308790236e-07,1.0012816018293589
0.8488726589737504,0.0216919914212103,0.0025355243980651,-1.6665729609074253e-07,1.0012762570474454
0.8604895136454218,0.0007142273700225817,0.0001790488159810406,-2.6368954581868384e-08,1.0011276869524408
0.8591884063760631,0.0012373708000651,0.00030636102848198213,2.1897662899725786e-07,1.0011436391309376
0.8552428294358744,0.0039810140058639,0.0009136956461433016,-9.819953685509925e-08,1.001196069845564
0.8567164337566824,0.0030101226908627,0.0007125104518202718,2.475605617186702e-07,1.0011757989152563
0.8588536003274604,0.00192648289028,0.0004686889739654493,3.7443746549119946e-07,1.001147380769312
0.8581259587371204,0.0028168342325471,0.0006692417507743218,8.236942310514115e-07,1.0011569337155477
0.8494522249579822,0.0135057093668298,0.0022841272946939,4.130441315360092e-07,1.0012679233187407
0.8504385669159287,0.015164294903818,0.0024022288885361,1.133040116831731e-06,1.0012548352938548
0.8548421127876794,0.0059477517593666,0.0012890679618661,-2.823651958820019e-07,1.0011998283526558
0.8534725962949317,0.0067915779685669,0.0014325650110532,-5.21027640720203e-08,1.0012169581915686
0.8520117946743693,0.0085464220578539,0.0017154942816759,-6.716422064333652e-07,1.0012375491050092
0.8505877989610701,0.0114209303277228,0.0020836623161467,2.154779151416454e-07,1.001254322059484
0.8534710268874556,0.0381347940460202,0.0004548141895458324,-4.47737169971248e-07,1.0012164500085043
0.8547220245289253,0.0387590808404463,0.00030731033269178334,-2.543173586386018e-07,1.0012002223969851
0.8548944558484208,0.039284902983227,0.000179508952725201,-1.0544325113302095e-07,1.0011979562938818
0.8527433169728801,0.0371107043087476,0.0006849221224668483,-3.451220199782943e-07,1.0012259059629784
0.8519038933506345,0.0357946291282876,0.0009599839351348336,2.3818840659443722e-08,1.0012365195655344
0.8507470766795081,0.0341886808086487,0.0012653647217941,3.209859706888332e-07,1.0012510155868255
0.8513653039245962,0.0318283759805554,0.0016540110788316,2.3725319490643456e-08,1.0012454324331828
0.8518356231683215,0.0298189275962343,0.0019331131104645,-3.171535130019424e-07,1.001241936691765
0.8498614182803018,0.0258590061540157,0.0023351160234274,1.4832127294368216e-07,1.001263554965969
0.8517378228307936,0.0277972365019916,0.0021675927142511,4.158805240852715e-07,1.001240820133125
0.8503473453959752,0.0234464891564506,0.0024769541783956,4.5036254348867044e-07,1.0012569543784122
0.8496376735646395,0.0193843213018134,0.0025512161093016,-4.961865124856386e-07,1.0012657551099238
0.8502454296175551,0.0171020447667434,0.0024969832297898,3.29427358244098e-07,1.0012574252918975
0.85115726059256,0.0211353884837343,0.0025455361599605,8.930433914657942e-07,1.001248471563995
0.8606049523263506,0.0012356332317035,0.00030579084891392544,-6.29246120198276e-08,1.001126371715442
0.8618881074353235,0.0007139059562833114,0.0001791895443355317,-8.82974247208736e-08,1.0011103354839543
0.8602943086635423,0.0018470122356931,0.00045008999232910434,1.3980969634643077e-07,1.0011306070716366
0.8620269380781845,0.0012436514444301,0.0003080311625473185,-1.7944441686630734e-07,1.0011086536331109
0.8632866573183936,0.000713946277846536,0.00017932566443226993,1.7866164394524057e-08,1.0010921519835685
0.8564360970267527,0.00486492644325,0.0010876964606717,-5.532362313784719e-07,1.0011790591634766
0.8580909070928914,0.0040978831211548,0.0009381700906559416,1.2420168558554575e-06,1.0011572470513597
0.8596113681940338,0.0030464610988823,0.0007200550174587221,8.382366326194602e-07,1.0011393959238644
0.8560631894589324,0.0067685484542137,0.0014297299745485,-9.966244424182554e-07,1.0011832261493565
0.8517326146636436,0.013648156653604,0.0022956062788107,6.830257488306646e-08,1.0012402572175876
0.8524585252818957,0.0159762177379712,0.0024515380638231,5.046185522974598e-07,1.0012328087220268
0.854756781252867,0.0084818252453473,0.0017065439594343,-4.99698793093769e-07,1.0012048006028502
0.85301898318533,0.0115684735767687,0.0021007420773216,5.603504125856021e-07,1.0012228376215797
0.8542276372068646,0.0370741617651537,0.0006923936731242087,-1.0930789583343246e-06,1.001206190225174
0.8549395653744877,0.0380877772664048,0.00046500282916405047,-4.5365722886761146e-07,1.0011973052029133
0.8561168192837393,0.0387206963226889,0.0003162065505897193,-7.632336261078303e-08,1.0011822147181784
0.8562933581640262,0.0392807926942535,0.0001802644694976528,-6.286278145132983e-09,1.0011800003115296
0.8535178292012651,0.0356453532663313,0.0009898840304437594,-1.1541333234096338e-06,1.0012154845275898
0.8525165843919184,0.0339250224460762,0.0013126485653635,4.0423264140425284e-07,1.001226100250714
0.8548614429847019,0.0358269566918,0.0009536575816284092,-8.015085961617509e-07,1.0011983492875962
0.8530419706731812,0.0315047957417671,0.0017014926672792,2.04109113363811e-07,1.0012229222998732
0.853076806046535,0.0292992579468983,0.0019971160688083,1.2276955099624306e-06,1.001221588265356
0.8539310899133686,0.0281135760990081,0.0021345692554273,1.995536262580515e-06,1.0012119218578273
0.8519000292081124,0.0252345182378381,0.0023808765471104,-7.6068409199173e-08,1.0012369776895274
0.8534314308957816,0.0264506345937151,0.0022864294203805,1.7246894333443353e-06,1.001215597167398
0.8526799711262923,0.022731974403268,0.0025047716297873,-1.4645597793631136e-08,1.0012273925894597
0.852241437730963,0.0187506757960248,0.0025453485015978,8.939656651275714e-07,1.00123370085827
0.8531644767337457,0.0208067998490481,0.0025472788273205,-2.778901860418862e-07,1.0012208377239509
0.8633972425040416,0.001237680278553,0.0003066935251726959,2.7426528737734625e-08,1.0010905677444115
0.8646852067307078,0.0007148338145596467,0.0001794918360819865,-2.304951824175974e-09,1.0010744142912469
0.8616271920112347,0.0019293853187513,0.000469277220225833,-4.975943449947215e-07,1.001113656750299
0.8609654300257654,0.0027066593280591,0.0006446998205856129,-3.354822978780656e-07,1.0011236292686776
0.863088239099486,0.0018519670786828,0.00045164634393173535,1.2189369247871238e-07,1.0010949529571664
0.8576563991364857,0.0062939349494666,0.0013494552681839,4.639226135360561e-07,1.0011611442327897
0.8593456906775857,0.0051373345153777,0.0011414918710426,1.6989306636368683e-06,1.0011403982343288
0.8608715797323668,0.0041027520152038,0.0009386011083375394,-1.511320757836708e-07,1.0011253724562987
0.8540859791219353,0.0174184502254141,0.0025072460610941,-1.351935336042919e-06,1.0012070113883886
0.8569362589678216,0.0085759835779934,0.0017175730253493,7.772492717523069e-07,1.001174342860905
0.8539218399306455,0.0139152220351206,0.0023155153831955,4.502525426591534e-07,1.0012110381864792
0.8545435834307284,0.0158345901755464,0.0024405509672585,-1.8908173588403768e-06,1.0012047759318838
0.8557858358141469,0.0117280184192101,0.0021203914426091,-6.549884065732408e-07,1.0011904187561271
0.8647990818933152,0.0012609249419371,0.0003122401221450388,-1.8908254085661442e-08,1.0010727923070952
0.8660837866495836,0.0007159780230795095,0.00017977836481021186,8.963718112052441e-09,1.0010564739994945
0.8556211138744834,0.0369477046999544,0.0007195962357154346,-3.04306753650328e-07,1.0011889765742212
0.8564668265474801,0.0379161227580788,0.0005040295840802674,-1.9441857664014278e-07,1.0011778048983568
0.8572377798150891,0.0386900423851845,0.00032336045436482026,5.5521668743220655e-08,1.0011676143368091
0.857692232189627,0.0392794799888688,0.00018064937875525403,-7.077877688491751e-09,1.001162068573352
0.8560885096655824,0.0355525134125915,0.0010083197192683,-5.03411619059116e-07,1.0011817582142546
0.8548521249753145,0.033915050314969,0.0013183351238487,-9.230308988260403e-07,1.0011998672677576
0.8546011945351326,0.0305661669590894,0.0018379238315947,5.115574384888151e-07,1.0012005144073426
0.8552416833806459,0.0266441839599101,0.0022720169861181,-5.850359306002333e-07,1.001193670515519
0.8559689328296421,0.0288682961195237,0.0020521731975915,-5.24105753832535e-07,1.0011898282409033
0.8543465290031395,0.024463375296421,0.002426678449932,-4.826621167300758e-07,1.0012062756187072
0.8563703840441924,0.0252423318488144,0.0023763978547818,-5.677094227684942e-07,1.001181625716678
0.854743753139639,0.0219049780886656,0.0025315934253299,-7.539779831630368e-07,1.0012023266103771
0.8549367085040507,0.0194336475058577,0.0025526291386641,1.6018002896587465e-07,1.001198658780318
0.8643968866837989,0.0019326758100751,0.000470297695535691,-8.05172413920235e-08,1.0010777557825448
0.8622973163112418,0.0030069579709121,0.0007106966054691561,-2.299488280440477e-07,1.0011049732506514
0.863690952974091,0.0027071618551662,0.0006447852628139255,7.260486228451769e-08,1.0010870131352931
0.8621514124829929,0.0046547867159648,0.0010469812149689,-3.1954289019002455e-07,1.0011068098160825
0.858871334212223,0.0076385830712347,0.0015754326502623,-1.0436858682115745e-06,1.0011495011980418
0.8608587798230314,0.0063241820755459,0.0013601124598314,-4.966645291944276e-07,1.0011240376608603
0.8559399971127329,0.0171705932920195,0.0025009073918269,-5.8107312906569225e-09,1.0011823207720434
0.8584573044159217,0.0105606238601618,0.0019819352996372,-1.4528913320976066e-06,1.0011550145304229
0.856331866976478,0.0146635021402132,0.0023743400568538,-1.07467283856038e-07,1.0011817950664204
0.8578177635575625,0.0127211841237164,0.0022132213054487,1.8719706640331443e-06,1.001161907635356
0.858956717001896,0.0387351131726146,0.00031266826469007395,-1.4601630445075046e-07,1.0011462957616892
0.859091026064756,0.0392801944737441,0.00018035126506016152,-5.6962552205388425e-08,1.00114430989723
0.8662038094163794,0.0012610796329558,0.0003122238089008341,3.911791980271213e-08,1.001054966362583
0.8674823627818791,0.0007169005483775191,0.00017992090236114292,5.3439252457774834e-08,1.001038430602005
0.8657205453396063,0.0020178232461085,0.000489920075169425,1.444248161287876e-07,1.0010612298157044
0.8676329067119578,0.0012605256915545,0.0003119810010751254,1.235124406813198e-07,1.0010366500522967
0.8688809380976747,0.0007184446844074022,0.00018016223458744164,1.8332849280521663e-08,1.0010210640355974
0.8570170884181197,0.036955540486202,0.0007177917358091547,4.3652402889843695e-08,1.0011703307897228
0.857927328093222,0.0378739073368158,0.0005138867500004532,1.8445121054254041e-07,1.0011592067753794
0.8566505459300323,0.0340219006006272,0.0012974248835925,-6.157390434700771e-07,1.0011791248741322
0.8575267664855667,0.0354223327390427,0.0010344977420974,9.715432902753885e-07,1.0011668233475317
0.8567362427727547,0.0316960255323703,0.0016744749135122,3.641065858435119e-07,1.0011721088982226
0.8576751089475494,0.0293137062792679,0.0019963175716769,1.301754555490364e-06,1.00116272687118
0.8574836483082963,0.027100532175654,0.0022321914596254,-3.240006742576961e-07,1.001165958881131
0.8564998148321926,0.0232755001894722,0.0024824510725332,-8.65240649875758e-07,1.0011783248465382
0.8582937649881653,0.024789725647227,0.002406247771283,2.2394222012185442e-08,1.0011542431753624
0.8569302049133328,0.0211261800873183,0.0025454063340165,-6.646628084983481e-07,1.0011746265517336
0.8574511107431185,0.0188579229332122,0.0025455833912516,-7.773259263815302e-07,1.0011682311093175
0.8650488237887829,0.003052199847532,0.000721261213327976,-1.1933534901388422e-07,1.0010702252901753
0.8635253461061027,0.0040547018095103,0.0009289656074344626,-2.75719948033325e-07,1.001088132957987
0.8630973964291532,0.0061699691582876,0.0013323969587492,-9.744598204738216e-08,1.0010998063579544
0.8602849996132358,0.0094447383592686,0.0018400686489493,4.2800993012139596e-07,1.0011297240752832
0.8620944125838657,0.0086664018569776,0.0017289031707146,1.5863763118606932e-07,1.0011066765190737
0.8581275810639265,0.0164886520653843,0.0024733840048275,4.015934629783653e-07,1.0011577653072423
0.8596958262326063,0.0121196792452508,0.0021559567894034,5.817966566687885e-07,1.0011367027458855
0.8588572905074136,0.014294134830463,0.0023467387734056,5.718124634369903e-07,1.001151810443523
0.8604897347075553,0.0392820368849311,0.0001798056603270423,-1.5959217323970992e-08,1.0011272448452588
0.8603991861023551,0.0387676493110407,0.00030474116192910893,-4.8049410394471576e-08,1.001128401192103
0.8593409377558331,0.0380248598224231,0.0004795519364742136,-2.669696334348363e-07,1.0011411821235552
0.861779083831122,0.0387524115746285,0.0003082814876960138,-1.0089389129561736e-07,1.0011112907579067
0.8618883709545491,0.0392844030395727,0.00017910749666666918,-4.488792274390317e-08,1.0011101336695294
0.867137827284043,0.0020406238619923,0.0004948791494995029,-3.870262884800326e-09,1.0010422220329362
0.8664610634548895,0.0028622114654801,0.0006791532211403378,3.3870004315600815e-07,1.001051461423216
0.8690046968543342,0.0012505904915353,0.00030953018325274823,2.726521166838874e-09,1.0010195427811246
0.8702796376002292,0.0007208115376087544,0.0001808581182920418,-8.607439688872887e-08,1.001004262172386
0.8687377104387535,0.001883900969315,0.000458951360359356,1.6056180585490806e-07,1.0010234919872627
0.870433861253027,0.0012907734992705,0.0003193746436884102,-1.9387871562352666e-07,1.001002339667728
0.8716785778735296,0.0007217377291329856,0.00018128354247090475,-4.621574248878292e-08,1.0009862452559546
0.8586846901477428,0.0367240622992873,0.0007683815518797203,7.271695377244303e-08,1.0011506480723342
0.8581415223379968,0.0335170217083856,0.0013847692561271,9.785550383973948e-07,1.001156133606376
0.8589411034816121,0.0350513217085263,0.0011051834867062,7.594391791431535e-08,1.0011463350868728
0.8590166557924904,0.0311218817840963,0.0017589868109612,-1.2505032922861417e-07,1.0011494950152484
0.8593487438596487,0.028612116136464,0.002077822429652,6.506670452037428e-07,1.0011418450714482
0.8598068907429095,0.0263218613612545,0.0022981189445454,-4.316423675660958e-07,1.0011369642913248
0.858753839711682,0.022552701364118,0.0025104402091869,8.01884981741432e-08,1.00114931912632
0.8604424667099764,0.0240269206774477,0.0024491720919593,-1.4399010126926537e-07,1.0011285303928064
0.8592467802133864,0.0203366012571328,0.0025529601291165,-3.78923489719179e-07,1.001144173433712
0.8597663038146647,0.018099356908747,0.0025305413519017,-4.7090737674474666e-07,1.0011374716258965
0.8663963831492744,0.0041575410511904,0.0009508578120318468,3.508965186832106e-07,1.001051896276829
0.864784981321384,0.0049583185536436,0.0011070387756732,-1.4915053711114233e-06,1.0010728311950476
0.8645657536078122,0.0067818733279045,0.0014345696618543,-7.042149367340358e-07,1.0010798957023068
0.8636951689075332,0.0082091504067252,0.0016600432137571,-5.359454430581362e-07,1.0010872018878745
0.8635486185790802,0.0102615713515893,0.001941651695422,-2.7872707767302336e-07,1.0010888882628413
0.8617333193206136,0.0112224247335213,0.0020588537934191,1.4881922322781895e-06,1.001111885445172
0.8604197443075307,0.0158402603213991,0.002443642936125,6.947314754944429e-07,1.0011293992770611
0.8611562148210822,0.0135304330986982,0.0022863902305963,-3.757744079633578e-08,1.0011204288362177
0.8607986123896022,0.0380520409985017,0.00047304971527845264,-5.30464149849768e-09,1.001123348116389
0.860086590643145,0.0371359663750028,0.0006787564842254328,-4.9273058338648e-07,1.0011313940845432
0.8631448880259384,0.0387431441412882,0.0003104255476617553,1.5766310257177074e-07,1.0010948640520878
0.863286940789534,0.0392867972282787,0.00017852885170594474,5.378532641998785e-08,1.0010933076453612
0.8622272296468801,0.0380027049937276,0.000484232996730093,-2.6103106117429173e-07,1.001105883994276
0.8645689082898481,0.0387672591055257,0.0003051768215961032,2.210145941455108e-07,1.0010776722526855
0.864685454894697,0.0392885993941351,0.00017839057143707502,1.0027192351260136e-07,1.0010762084223312
0.8679155401711875,0.0031757843091337,0.0007480129313596216,3.668089302858406e-07,1.0010337351390293
0.8700363828122509,0.0019498214459501,0.00047440584840913663,-3.311324059503395e-07,1.0010070861573006
0.8693645766596024,0.0027441044617223,0.0006532076997850729,-1.8047410709134797e-07,1.0010162629560586
0.8718057059120675,0.0012666743012156,0.0003136690319915933,-1.287710988744065e-07,1.0009841826352357
0.8730776377254215,0.0007176727986320967,0.00018047520107199375,-4.74079800952191e-08,1.0009680027229924
0.8713443714464085,0.0020352403436443,0.0004939530066187429,-8.069281484968836e-08,1.0009904582567002
0.8601902762345385,0.035681768418461,0.0009834055500339814,-7.08128825631687e-07,1.001128330371982
0.8602190418444502,0.0336253012842495,0.0013681062887497,4.205551425875134e-07,1.0011314402171565
0.8607176948967191,0.0305877240581211,0.0018347909794342,5.144116605734228e-07,1.001123820286007
0.8613052530016604,0.0278502157728421,0.0021595589518855,8.04127707195694e-07,1.0011173534266389
0.8619625291497045,0.025516436232378,0.0023588017211583,3.268658377567599e-07,1.0011099384104405
0.8611100049452421,0.0217606619813339,0.0025319069045318,-3.166175380850277e-07,1.001119985056637
0.8627271571570284,0.0232191576595595,0.0024870130557122,4.299719563418965e-07,1.001100733452439
0.8614692171467745,0.0196227868920171,0.0025529474227706,5.812381073967399e-07,1.0011158017170132
0.8618833877505644,0.0174495409453432,0.0025130999386594,5.186583126086717e-07,1.0011109417191868
0.8676318962628063,0.0051248168243479,0.0011398693633135,5.55901892139747e-07,1.0010366741668089
0.8660479030020504,0.0063328100239547,0.001359414763627,9.57005274524518e-07,1.0010556025846602
0.8652505230923413,0.0086600242171932,0.0017260144844233,-8.654109281668724e-07,1.001065634077806
0.8649875178390273,0.0110368599046762,0.0020359453248453,-8.529159824974841e-07,1.0010683601275168
0.8635039167236994,0.0125267110675619,0.0021985221884887,-4.1592095934413594e-08,1.001089965503362
0.8627282915426578,0.0151774455248824,0.0024064653950252,4.800870324500033e-07,1.0011004836979198
0.8615402423814682,0.0366992375434877,0.0007738346994946212,-1.1420670091023077e-07,1.0011140375928902
0.8636397943508003,0.0379794271801694,0.0004899010522998233,5.895941030740156e-07,1.0010893341954843
0.8629040149016426,0.0371393137939953,0.0006784076392894061,6.272386563794527e-07,1.001097713437619
0.866083960458783,0.0392892000360529,0.0001787484400359905,1.8243226152917613e-07,1.00105907336817
0.8659927546232288,0.0387832864298051,0.0003018965237101166,4.142725060208342e-07,1.0010603390185862
0.8648715349720159,0.0381478585743868,0.0004516617256313013,5.134129639112915e-07,1.001073736565523
0.8673687365169719,0.0387663366198655,0.0003065205606762875,-5.519126095742339e-08,1.0010416865862493
0.8674825357467671,0.0392887887682121,0.00017910519421413817,-3.58420424865865e-08,1.0010401882130011
0.8692386381229124,0.0041607315441334,0.0009516132379973144,-2.099811441115907e-07,1.0010182592183632
0.8706872417754948,0.0031785697191272,0.0007487167301296132,-1.331339164676656e-07,1.0009990359368988
0.8736240797537945,0.001284506866995,0.0003181867717370465,-9.60138207706887e-08,1.0009611338048527
0.8744765036282643,0.0007085814906971747,0.00017827442740256827,2.1825727168549038e-09,1.0009497852403348
0.8727790797811842,0.0021291448168107,0.0005157708600116128,-3.907413801250775e-07,1.0009717517747247
0.8720591224662716,0.0029642824710994,0.0007015655336654366,-3.637703415762335e-07,1.0009822625133895
0.8616699889088125,0.0348547213002121,0.001146564221079,1.0822612023800337e-06,1.0011140665501763
0.862139399170817,0.0323356650950671,0.0015772320070398,5.453719860181355e-07,1.001107142440336
0.86274423075093,0.0294814626872747,0.0019769235065693,5.013495877817037e-07,1.001101023415355
0.8633769178297744,0.0269729305338515,0.0022430232376525,4.138140217808786e-07,1.0010930784051129
0.8641142876140977,0.0247065942685489,0.0024111150440465,3.6628708919165794e-07,1.001083183400482
0.864928242321959,0.0225655268463317,0.0025094577852425,-1.125249063631022e-06,1.0010716177467545
0.8636336813253023,0.0207160590687385,0.0025511571603279,2.810273630112695e-07,1.0010893422178997
0.8632269690915632,0.0187226753356117,0.0025429262612649,2.349842589390345e-07,1.001092421834187
0.8656483514844862,0.0209170940735039,0.0025484362693066,-2.9475730439520105e-07,1.0010643423328447
0.8640277771666011,0.016911037390141,0.0024929625785683,-4.212114714039579e-07,1.0010824087363337
0.8688726533363095,0.0062859988480152,0.0013514887227686,-8.403390200135909e-07,1.0010248204545178
0.8672336687319678,0.0075371270253647,0.0015593130043661,1.4243154853725914e-06,1.0010417916857326
0.8666750309789163,0.0104607774801375,0.0019671564771228,-2.4316972759330133e-08,1.001045775745098
0.8658254634077656,0.0125373151901433,0.0021978852114253,-3.916757689199004e-07,1.0010593497263354
0.8649983408412801,0.0146780808056498,0.0023729076861206,-6.430607946077631e-07,1.0010687348530778
0.8630755203694944,0.0357030635104905,0.0009809042970241877,1.091160010527388e-06,1.0010967225836456
0.8642927102814364,0.0368566823299946,0.0007414665529612252,8.828376517419769e-07,1.0010815234053665
0.8663806327234819,0.0381160017891738,0.00045960645971870607,7.504811981146482e-07,1.0010552698911648
0.8656648697391802,0.037240188015607,0.0006572109399239952,1.153673651582088e-06,1.0010647370141634
0.868740299411105,0.0387511356458425,0.0003099390134763569,8.333161652747335e-09,1.0010241906372368
0.8688812320214063,0.0392885297072488,0.00017905350058008152,-6.97692094028443e-09,1.0010225405014872
0.8677842582213283,0.0381897074497692,0.0004430116536604652,-2.6333376369088105e-07,1.0010361816788187
0.8749489152178845,0.0012634105740206,0.0003132672694749637,5.353660721310572e-08,1.0009435572973755
0.8758750165586004,0.0006986517872151123,0.00017578318703624255,-5.254392083983779e-09,1.0009309520210818
0.8705410980778189,0.0050474185601434,0.0011249821221915,-1.5169461033026648e-07,1.001000045498639
0.8720195249787731,0.0042656049884409,0.0009730278882410314,-4.363709378355626e-07,1.000983212664549
0.8743026256939698,0.0021411594256708,0.00051825918887063,2.165666774054767e-07,1.000952274675906
0.8734772026972789,0.0033446393678755,0.0007834157061637569,8.742663725731078e-08,1.0009618573991383
0.8634480413897291,0.0336708845530899,0.0013593845073385,5.478866209893742e-07,1.001090150855628
0.8641116452780607,0.0309132154128706,0.0017873514400773,7.996386419154714e-07,1.001081321718036
0.8647258792303844,0.0283616672344604,0.0021051085602949,2.26310584930781e-07,1.0010747890391831
0.8654382033996729,0.026104340021012,0.0023152383750528,3.0509398335744614e-07,1.0010656982885349
0.8661694015945226,0.0239024520455833,0.0024534349573247,-5.393620669549073e-07,1.0010558011068265
0.8667237380990879,0.0219651316681876,0.0025285722702778,4.253297278870569e-07,1.0010516944858006
0.8653569332471597,0.0188754384185877,0.002547000013596,2.051109080613158e-07,1.001064123481578
0.8672636845388896,0.0201616850766226,0.0025547411523369,1.0330039214873027e-06,1.0010429770912792
0.8663160104499047,0.0164285020892799,0.0024726752954821,4.3937262551220484e-08,1.0010521849146814
0.8703490956888394,0.007043935988901,0.0014749786130822,2.301681903550958e-07,1.0010008756514526
0.8689229929994704,0.009049301663066,0.0017836038042994,3.729310140707853e-07,1.0010188233096982
0.8682068710932347,0.0119322217227208,0.0021387142000509,1.8366946491163506e-07,1.0010315305524031
0.8672830331644371,0.0142297880179516,0.0023411848582812,8.883511850470759e-08,1.001041640489131
0.8701603991529002,0.0387677121639242,0.0003059616229288014,-9.185158592184354e-08,1.0010056690994842
0.8702800171077513,0.039289914037958,0.00017864733701346473,-4.241050332687089e-08,1.0010040391010144
0.8645981243538774,0.0349975415421631,0.0011192698255232,6.07083809456588e-07,1.001076948124987
0.8657648674523039,0.035953779746173,0.0009297425134347754,1.334724370565079e-06,1.0010637371856606
0.8670793665073971,0.0369533673342689,0.0007209283632187094,5.224399494916702e-07,1.0010460081876105
0.8692296490742454,0.0379933269916464,0.0004880496226139067,-5.3453864998723995e-08,1.0010179021587782
0.8684311000016182,0.0372721972049241,0.0006507310580811708,-4.513241830892857e-07,1.0010267974667375
0.8760467531060262,0.001253487439378,0.0003108420171741205,5.590907644354625e-09,1.0009287161192597
0.8772732850406108,0.0006916424744600276,0.00017414440663144636,-2.9420929118127554e-10,1.0009122179771892
0.8774675047333403,0.0011949746871675,0.0002967861480053713,3.142537050800986e-08,1.0009097315614122
0.8786715013392643,0.0006887712931246304,0.00017323273744529962,1.1845575916809302e-07,1.0008934025101286
0.8757410664891637,0.002050885414751,0.0004974563619285139,-5.83909276729489e-08,1.0009330161404633
0.8733029624561646,0.0047302698351419,0.0010624842901056,3.005911621514315e-07,1.0009637289901654
0.8720495223996101,0.006328449977258,0.0013577047732647,5.039689614762307e-07,1.000978950618343
0.8751799754307096,0.0030023443557844,0.000709117587558096,1.4972579850148078e-07,1.0009408096623342
0.8746901355947497,0.0043776024735915,0.0009945997247836418,1.1918608886660118e-06,1.000944961923513
0.8652934669083835,0.0327007267279086,0.001520147309639,5.037442461970814e-07,1.001065819962455
0.866044676165456,0.029932806178495,0.0019184409466725,1.3467041167954373e-07,1.0010572736456078
0.866753292095093,0.0274781934059186,0.0021962634065467,2.463310225530884e-07,1.0010481463252114
0.8674836237705427,0.0252015946042784,0.0023792891223222,-1.794190575848215e-07,1.0010380315623006
0.8681202384511316,0.0229743281936502,0.0024947122297653,1.002660741644497e-06,1.0010316840027569
0.8682122638560188,0.0213008189429632,0.0025419004155313,1.1443141511514952e-06,1.001030289658607
0.8690412143935262,0.0198757135207973,0.0025539947141438,-8.619007102172855e-07,1.0010188867544407
0.8678396424809859,0.0181347515099869,0.0025309252307827,-3.58818983883768e-07,1.0010335281139875
0.8687406329729176,0.016017348209238,0.0024525137818663,-1.7019655230196406e-07,1.0010235515347032
0.8712689281970523,0.0090332114731084,0.0017814000093855,8.880793178105624e-07,1.0009922003754352
0.8704231147388892,0.0115143952763156,0.0020923708254678,-6.44230887303675e-07,1.001000848202984
0.86959621892633,0.0137958365135133,0.0023083303369647,2.512894748875412e-07,1.0010125981805869
0.8716787467108233,0.0392938409530927,0.00017774984049249442,7.634040022316396e-08,1.0009869329335597
0.871584462857082,0.0387720045995976,0.00030501770694920283,1.6525091588841798e-07,1.0009880791070869
0.870448390221043,0.0381451844629405,0.00045321578202435416,2.0198893474688308e-08,1.0010018867515436
0.8729642191232599,0.0387630686582939,0.00030750727147067786,1.367554422091028e-07,1.000970182455566
0.873077256810828,0.039298744217046,0.00017678866117767786,5.437882193769198e-08,1.0009688328740347
0.8663966835918854,0.0340628839989436,0.0012905573367683,3.39634762229723e-07,1.0010523721849032
0.867180659573813,0.0354166283884111,0.0010352679900031,3.530964698556347e-07,1.0010438522853766
0.8684887018534386,0.0358785484533032,0.0009445830038302404,-8.696968172717254e-07,1.001024523524228
0.8698299194620691,0.0368807967420746,0.0007367374065397378,4.3209581829559567e-10,1.0010102711698028
0.8771868270272901,0.0018984623836246,0.00046262549780246926,-4.273543919226768e-08,1.0009136245041867
0.8788811281691825,0.0011702144780602,0.0002905428065711935,2.7327573162790335e-07,1.000890701496999
0.8800697803843376,0.000689216776360275,0.0001729616944329165,7.979059182361479e-08,1.0008758917161709
0.8786138305545254,0.0017393778218607,0.00042556494348085385,4.786414029465352e-07,1.0008942650260215
0.8766380798760068,0.0028745235332742,0.0006816967393962005,-2.2115024795115025e-07,1.0009213992285362
0.8740269404558197,0.0064133577337655,0.0013711059226004,2.2069342773087843e-06,1.000956515399314
0.873246454603407,0.0088164720720066,0.0017495525522522,-3.962044405584393e-07,1.0009635175408504
0.8760199594384709,0.0042520425973874,0.000969275148318966,-3.882636892092361e-07,1.0009304803418324
0.8754054664365803,0.0058380852996749,0.0012695664959536,2.0170779375243055e-07,1.0009390277532764
0.8802386054487723,0.0011707826038104,0.0002902614423160841,1.5530325613309797e-07,1.0008738399153287
0.8814681498811823,0.0006920314639492488,0.00017351216736372077,-1.4063131229711775e-08,1.0008584073513285
0.8672249122857599,0.0317285812902393,0.0016690222712867,-4.548478211683811e-07,1.0010413802232057
0.8680319861602609,0.0289163517228767,0.0020434731398001,3.736337499776765e-07,1.0010312081919748
0.8688535538411534,0.0265749226957723,0.0022774143794731,3.8847144352586924e-08,1.0010210365725931
0.8695638932043518,0.0241788277562762,0.0024414095292774,-9.336174088627053e-08,1.0010119821105457
0.8699072446902381,0.0217910321006204,0.0025325412403061,-3.1514168586945605e-07,1.001006266092347
0.8706100481646637,0.0199783194055886,0.0025532798618893,7.047037040490367e-07,1.000998578254044
0.8702593835093217,0.0180649608967913,0.0025313026838867,-2.11782980809139e-07,1.0010031979466951
0.871723075869556,0.0192013495500165,0.0025486847886903,3.561680647856801e-07,1.000985563698236
0.8710743080127582,0.0157049173886999,0.0024366738554091,2.217190664558789e-07,1.000992859725829
0.8726163995601585,0.0112146919728057,0.0020590821040967,-1.7823980175139253e-07,1.0009731729017626
0.8718500282960003,0.0134314085527211,0.0022781093034101,-1.311995860597106e-07,1.0009823858879112
0.8718574739512955,0.0381395048299321,0.0004547579146024399,4.090158182996976e-07,1.0009842817490515
0.8712274558346739,0.0372269359978256,0.0006608674540254789,6.861981655355578e-07,1.0009926142220542
0.8743315177267422,0.0387549603689713,0.0003094949412583646,-4.136624393621833e-08,1.0009523029933547
0.874475566253835,0.0393010786319061,0.0001762110546692883,-3.38963499786575e-08,1.0009504713591053
0.873433613546403,0.0380051269740894,0.0004862081810799735,4.7044657325815374e-08,1.000964629698659
0.8757295086711047,0.0388046858753359,0.00029735505326266204,-1.4792425664670986e-07,1.000934347406795
0.8758738864911495,0.0392993542691559,0.00017647120561452452,-5.1156687329866296e-08,1.000932172018257
0.8683563194247641,0.0337879593338483,0.0013400752460034,-1.9754364264231282e-07,1.001027721241018
0.8700548461509715,0.0349603417162922,0.0011257673547262,8.145928548348696e-07,1.0010097281298884
0.8713040945755132,0.035910724304568,0.0009391474958343294,1.248705794661956e-06,1.000991990824254
0.8780568323765244,0.0027307046081655,0.0006503015699910029,5.250728407542518e-07,1.0009023772643262
0.8800205462471341,0.0017462197438011,0.0004266690004239349,3.151208356795105e-07,1.000876014371711
0.8792387095884363,0.0024894567748918,0.0005964537766264653,8.448454517273751e-07,1.0008854224583248
0.8747640274018135,0.0108565060848465,0.0020181697407166,2.436953004171108e-07,1.0009461616421682
0.8775138205374365,0.0041417185958222,0.0009469646125082868,3.298476299328303e-07,1.0009092706574665
0.875507056759285,0.0081061159478766,0.0016464576066156,3.638092106581712e-07,1.0009366528702948
0.8767832399345769,0.0060413077457534,0.0013054145598154,-3.6117920439009386e-07,1.000918022709225
0.881592510984131,0.0011967104101771,0.0002963377909435592,-2.9767970613702293e-08,1.000856985311971
0.8828666298526539,0.0006965388396066428,0.00017483912703543814,-9.295917673037623e-08,1.0008412872291266
0.8813477256237835,0.0017991528229772,0.000438706382268531,4.655332902625501e-08,1.0008602495502794
0.8829985381390023,0.0012067569562917,0.0002990759245012008,-1.923167263802532e-07,1.0008396089188003
0.8842652465230699,0.000701558387424766,0.00017615223955608572,6.126888245902952e-08,1.0008229276605152
0.8692764086345098,0.0308173985173786,0.001801138696492,1.0419132916748267e-07,1.0010147339845628
0.8700897177259249,0.0281135422552317,0.0021324268582166,3.683268207446447e-07,1.0010059651237997
0.8708976681273574,0.0257908160059591,0.0023387506828999,1.8507991045129253e-08,1.0009950898162068
0.8715332566146309,0.0234433613814383,0.0024769929328999,1.865634983311966e-07,1.0009872006322686
0.872119322366374,0.0209585321975924,0.0025481986354604,-1.94072661356528e-07,1.000982172459494
0.8729886619332745,0.0193696127574486,0.0025499846473567,1.9996488907193723e-08,1.0009667217920932
0.8726371529804018,0.0176358401874627,0.0025193597053093,-2.878999021437848e-07,1.0009722788894722
0.8733362959058771,0.0153025576410372,0.002413567983483,-5.0862161293285294e-08,1.0009640928933967
0.8740406119938168,0.013078761967912,0.0022473539246341,-1.5915870150261368e-07,1.0009552996453053
0.8727095484206726,0.0369673637204362,0.0007194879206244055,6.182092860708444e-07,1.0009743705559817
0.8748456973240911,0.0380074316588536,0.0004855253174451079,-2.459685608058578e-07,1.0009454496845989
0.8741541043996598,0.0371899342172528,0.0006697733855892516,-3.753826991300458e-07,1.0009541933678572
0.8771260241873245,0.0388145761563863,0.00029495558762038205,1.4158266858686756e-07,1.0009168897626823
0.8772723894696778,0.0392955761470611,0.00017750528991733805,8.190566226739575e-08,1.0009149740699814
0.8759786187655693,0.0382215781102358,0.00043571422207803887,-1.0341841195558125e-07,1.0009309731557596
0.8705752086278961,0.032545055919305,0.0015441636865585,-1.036743091221404e-06,1.0010001159807906
0.8717990873874247,0.0338118991424953,0.0013325648909768,2.134114881732263e-07,1.0009854569172083
0.8730173119129695,0.0350916619471349,0.0010989467372017,-2.0700087916510837e-07,1.0009689509538562
0.8761696816413648,0.0127192363233817,0.0022149331820711,-6.01253021917667e-08,1.0009276194502357
0.8790920801052433,0.0037839977582872,0.000874057356226538,1.0321248283520842e-06,1.0008884733228554
0.8805710867334718,0.0029035164056565,0.0006884430735656029,5.586551207752172e-07,1.000869841907589
0.8769059760655501,0.0105103057391548,0.0019759931962207,-3.503123669371048e-07,1.0009171522149962
0.8785062466701258,0.005649405003263,0.0012353769167002,2.601566026566686e-07,1.000895655308691
0.8777653989375237,0.0080415785545545,0.001635239018043,-1.328914184658042e-07,1.000908421567113
0.8827303864466868,0.0018246767749979,0.0004450138897185178,-4.506289573053473e-07,1.000843119759659
0.8819794018549854,0.0026473074661607,0.0006313691194563767,-4.506314977276546e-07,1.000853833368585
0.884420648807824,0.0012064061786149,0.00029895754720633334,1.4767519898061418e-07,1.0008209042769034
0.8856639924574763,0.0007056808052217499,0.0001769704014625381,3.291298319025974e-08,1.0008056033364472
0.884079751957068,0.0018011754494434,0.000439629314345333,2.724029365830816e-07,1.000825346804957
0.8713803075824523,0.0298129005827708,0.0019344334786543,-2.0755945630915845e-07,1.000989451565781
0.8721679518546496,0.0273516870263955,0.00220816561182,-2.453509604928687e-07,1.0009797052744716
0.8728955630182148,0.0250298459241167,0.0023913193957866,-5.531733281668413e-08,1.0009691055397385
0.8735881875976489,0.0226504192447473,0.0025069946679935,-2.866148468584601e-07,1.000959377297754
0.8741030510380824,0.0204498579651011,0.0025514993050516,7.302188871703661e-08,1.0009545317827202
0.8741231412133355,0.018752268753545,0.0025432903897376,1.854075679499783e-06,1.0009513247012651
0.874869853893124,0.0171165724517228,0.0025005849279779,-1.0440008974337943e-07,1.0009428407483807
0.8755057858886458,0.014947257751428,0.0023911371256563,-3.747663535567166e-07,1.0009363419381043
0.8775664340380128,0.0145858360253853,0.0023670767176453,1.924827289719385e-07,1.0009088137935895
0.885797385957388,0.0012139516397547,0.0003005769255083999,6.210597160926954e-08,1.0008039259940658
0.8870628213532628,0.0007078847366029613,0.00017745061678319188,1.029758378342382e-08,1.0007878407488486
0.8742633572914212,0.0359477998421468,0.0009307929623946768,-9.315671899161576e-07,1.0009509742520937
0.8755183054157117,0.0370219488907377,0.0007072532591678581,-6.551160064496766e-07,1.0009368425036795
0.8767761089646016,0.0373797952190764,0.0006272793186582821,3.6298641092886003e-07,1.0009222420432065
0.8784946038630524,0.0387585817703707,0.000308614911765532,3.3332819669627485e-08,1.0008985211180346
0.8786710766332794,0.0392922776142193,0.0001784190632348386,2.563653321080276e-08,1.0008960625701524
0.8774419312035774,0.0381572858126845,0.0004507155139209988,2.680682313561825e-07,1.0009129882021066
0.872520870091709,0.0314652027826,0.0017085225937259,-6.752366668691994e-07,1.0009728970418497
0.8733645530677118,0.0330713622715441,0.0014554393322465,2.2384999176273092e-10,1.0009642911465466
0.8746885950024178,0.0339041523987145,0.001317166114485,-1.527734688749298e-06,1.0009448430055463
0.8782375587277128,0.0123354442308498,0.0021778728999513,-3.262544792353429e-07,1.0009001290014972
0.8802984709542283,0.004843747844422,0.0010861349667396,1.0869932880984135e-06,1.0008737373506753
0.8818692399667455,0.0040265871781338,0.0009243748966620904,-6.942206506639059e-07,1.000856599718319
0.8791466969248128,0.0101305306671579,0.0019291776702782,1.6083684799203017e-07,1.0008908522744668
0.8797305031957344,0.0071986462069326,0.0015032554085182,-1.0800723495412826e-06,1.0008807400457205
0.8833786890469952,0.0029661815476732,0.0007019053540562208,-6.327213904345819e-08,1.0008345772853895
0.8855370476577796,0.0018179207366872,0.000443197405330257,9.367690510653365e-08,1.0008068286787288
0.8847611317521007,0.0026553191861665,0.0006330260077837664,5.105564020658912e-07,1.0008164147528422
0.8734521389810564,0.0289542324152815,0.0020383999191075,-5.03677986795603e-07,1.0009619364978393
0.8742798332633338,0.0266666487907438,0.0022696589534492,-4.362449452741344e-08,1.0009518910303157
0.8750643823320513,0.0242581266947022,0.0024369056200348,-4.165966158405466e-07,1.000941188184869
0.8757860194721255,0.0217647057211605,0.0025340813160613,-1.972822135294372e-07,1.000932677175566
0.8760083852044824,0.0192038877010186,0.0025523417682374,-1.261526363604409e-07,1.0009286443637182
0.8768949512757835,0.0169413494221311,0.0024942530956081,3.132534331275883e-07,1.000916756539686
0.8789408165725568,0.0164002658413993,0.0024713041979793,3.529068945844472e-07,1.0008917000001831
0.8796021121792973,0.0140876792318294,0.0023304614288804,-2.081729837347868e-07,1.0008835508654814
0.8871643750318609,0.0012259887607201,0.0003034087822843655,6.714788225639038e-10,1.000786605365034
0.8884616690892736,0.0007077348261380352,0.00017755791856983094,-1.0185748493119286e-07,1.0007709653169088
0.8869174134788661,0.0018506951069363,0.0004507792367618066,4.5283866685801987e-08,1.00078988632048
0.8885834013632455,0.0012416317837063,0.0003074710605767685,-2.7761190627741466e-07,1.000769077154379
0.88986047115819,0.0007053732591555139,0.00017725418237049263,-4.808020289898036e-08,1.000753249406066
0.8759140006758015,0.0350647473119292,0.0011048085711689,-1.072541190006962e-06,1.0009315201702016
0.8770712536354847,0.0361559724631818,0.000888691308181473,2.215821928492651e-07,1.0009178571963313
0.8780270979225518,0.0371021105479306,0.0006884264451757008,-5.5264004197844184e-08,1.0009041954583988
0.8796241255646603,0.0387143628980781,0.0003190022764347602,-3.018011928289885e-08,1.0008829764710716
0.8800698715658035,0.0392905927831766,0.00017882489676597686,-4.8256682434982955e-08,1.0008771435035535
0.8788544514066933,0.0379975308214374,0.0004873553115749243,-2.296554393206079e-07,1.0008933708912704
0.881322423860882,0.0387485289756039,0.0003105472474294487,-3.751140933598848e-07,1.0008608126977212
0.8814687118677751,0.0392909801338473,0.00017837506604182282,-1.4598039375374408e-07,1.0008584058282084
0.8747969009440374,0.0310838950867757,0.0017644132575741,-1.2107591638913238e-06,1.0009440628861097
0.8763160569875862,0.0326969131813118,0.0015191847929529,6.870635441075907e-07,1.0009263565129392
0.8803466401791232,0.0117604120109311,0.0021206597649093,4.2201580515455116e-07,1.0008752234351093
0.8831525269945502,0.0045300709397771,0.001023291872346,2.612487935173962e-07,1.0008362573476743
0.8818710112946728,0.0062133864409488,0.0013397385637245,-2.829059200777064e-07,1.0008559090705813
0.8810766688003052,0.0091647019191393,0.0017986700240669,-3.462802807109732e-07,1.0008631878772096
0.8846529228741261,0.0039944221163451,0.0009167363589805102,7.632201858785077e-07,1.0008173271073793
0.8861533828767205,0.0029956557199151,0.0007083956546244471,1.140081987594129e-07,1.0007995761203148
0.8755846487199898,0.0283928273026125,0.0021032655211188,6.06192159213588e-07,1.000935384280969
0.8765143147429902,0.0260127566882924,0.0023220462582726,-4.3267742390511675e-07,1.0009236633794891
0.8772551554129134,0.0235555341247111,0.0024722253150797,-4.306485065278256e-07,1.0009134752855735
0.8778840575501023,0.0210929173694011,0.0025457900216284,-6.540196429731578e-07,1.0009045868243402
0.8783685248488285,0.0188197364414424,0.0025472821917185,4.391868964009434e-07,1.0009009390615586
0.880348972559066,0.0180816019529618,0.002532168816505,-8.777723817921453e-07,1.0008758469215302
0.8809058181462731,0.0157914793837691,0.0024407514128031,-5.940118317760424e-07,1.0008677079919417
0.8816901300358989,0.013430514885872,0.0022788891338101,7.205728017722046e-08,1.0008576384748122
0.8883013374950218,0.001854923606492,0.0004522545560892084,-4.413539686633994e-07,1.0007731799160828
0.8875270869874139,0.0026984342454696,0.000642821179318723,-3.700614932537725e-07,1.000783222667764
0.8902731755125384,0.0012626817308765,0.00031271424528136544,-5.527747034233354e-08,1.000748016326684
0.8912591714073101,0.0007014412872763506,0.00017631282788619257,2.134419207807272e-08,1.0007351442627683
0.8895521520502004,0.0020415850251483,0.0004955293530555155,-1.2386720318357332e-07,1.0007567856394195
0.8914556044776482,0.0012244529059223,0.0003037402975179299,1.816872479767595e-08,1.0007325706697263
0.8926577520816931,0.0006972391780257735,0.0001752574174610642,1.1093211273714702e-09,1.0007171295382833
0.8786020816039803,0.0358526524022944,0.0009491243679485108,-1.3810832354975932e-06,1.000895141696024
0.8777724697437697,0.0340339559460425,0.0012950603969933,-3.070931201757945e-07,1.0009088518603846
0.8794167607209743,0.0370694265689089,0.0006948654192712424,-4.3706959118729675e-07,1.0008850816211543
0.8803141551356485,0.0379239531349121,0.0005040162184794477,-2.1653533601002294e-07,1.0008741950674735
0.8827653141804351,0.0387811164124513,0.0003021743482386063,-2.4095427378226297e-07,1.0008423746309634
0.8828675394403362,0.0392936733597914,0.0001773200124406075,-9.499087820235477e-08,1.0008410835990147
0.8815962932722495,0.0381369894615255,0.0004548806968870469,-5.92042075316792e-07,1.000856641760089
0.8841472505043014,0.0387817138968364,0.00030170297939143524,-4.3791950193324136e-08,1.000825133129865
0.8842662979201196,0.0392982549286987,0.00017597616321184437,-1.3536496560678993e-08,1.000823812303461
0.8769708142313745,0.0298853292383306,0.0019262517863664,-2.5356775029388364e-07,1.000917954018819
0.8780365799114962,0.0316822064503143,0.0016731221978878,-1.9206309498002253e-07,1.000903772008274
0.8824700229864156,0.0110827284637012,0.0020448169403236,1.1429357793106245e-08,1.0008470398834015
0.8839333251927796,0.005923653847685,0.0012880455038884,5.442966157825218e-07,1.000829728799369
0.8832072538473622,0.0082805777239859,0.0016694524026911,-9.403109902993457e-07,1.000836488064577
0.8858415411667152,0.0049524514471319,0.0011074532582176,1.3191278808830474e-07,1.0008052679215935
0.8873716982541603,0.004071170455778,0.0009332635774888024,-8.855176281848475e-07,1.0007859305109543
0.877886248884451,0.0277336501381429,0.0021699500573973,-8.056168521157929e-07,1.0009068119868356
0.878756560011433,0.0253583919717416,0.0023694583828581,-4.387544950541014e-07,1.0008949078107312
0.8794824768545081,0.0229176932533799,0.0024987153499933,-1.22654403855727e-07,1.0008850997341503
0.8803376290517325,0.0203941295760448,0.0025551725529548,3.235287470878307e-07,1.0008758051225348
0.8818939398665157,0.0189471251910376,0.0025459365236714,-4.710815315348481e-07,1.0008534196085823
0.8822712428944772,0.0171477049730546,0.0025013767575074,-9.463317508850418e-07,1.0008487873391303
0.8838576436536648,0.0126599076540974,0.0022111586141831,-3.248464877937581e-07,1.0008295253989432
0.8830632837775138,0.0149670297778755,0.0023920307477576,-5.239016230728528e-07,1.0008396091198186
0.8927689534928902,0.0011967292377193,0.0002970406095628205,-1.7707389240031772e-08,1.0007157595646443
0.8940562582990867,0.0006939610702657109,0.00017462650633398515,-9.433738146806385e-08,1.0006998667309157
0.8888783464387071,0.0030792497098117,0.000727363260283897,-6.989852192359906e-07,1.0007662009271845
0.8909634100050793,0.0020351270548406,0.0004939644901889418,-2.54713732763925e-07,1.0007386029755787
0.8902968854050872,0.0028380006820202,0.0006742207228217651,1.0380148297239188e-07,1.0007478531628016
0.8924107313050095,0.0018782115489527,0.0004580458166951996,9.39030566286644e-08,1.000720516296684
0.894198071427614,0.0011960553650107,0.00029716759692924,-2.0662375428119722e-07,1.0006980113692594
0.8954547808087281,0.0006920781126118194,0.00017432037191930812,-5.9943061886939694e-09,1.0006811021708846
0.8792964007273978,0.0343165495989017,0.0012439274502873,-1.1046231804467516e-06,1.0008872795519523
0.8800684803006685,0.0355596050771306,0.0010074807531196,-5.303990134909696e-07,1.0008789351601437
0.8794012529982403,0.0322914002612035,0.0015820230577115,-1.7289627791305403e-06,1.0008812646845684
0.8810708759884311,0.0368768800839184,0.0007366400450571425,-6.336884014601422e-07,1.0008647052601838
0.883052049694205,0.0381744511420088,0.0004454323028586052,-3.555922330361591e-07,1.0008384951036022
0.8824256170722931,0.0372545957524573,0.0006538192123320858,-1.0048309345762804e-06,1.000845403579544
0.8855162565142985,0.0387881681365633,0.0003004033449306222,3.5015240605905666e-07,1.0008086112690917
0.8856649639091074,0.0393037945900732,0.00017489249752903385,1.5037052782406048e-07,1.000806930956398
0.8844344990803162,0.038155174767943,0.0004496466700966721,-1.4114057576019104e-08,1.0008220160933838
0.8869327885599009,0.0388090261645708,0.00029601399273026813,1.8550373207433722e-07,1.0007903941151215
0.8870635439785033,0.0393094852676826,0.0001739041459615575,7.67154737220231e-08,1.0007885869710886
0.8793144452568916,0.0296430751500878,0.0019574475179296,-3.075848311143936e-07,1.0008876173668446
0.8845636687633293,0.0101194469313608,0.0019254810531084,-1.5646827274240653e-06,1.0008178915730908
0.8851897475703517,0.0071547534324223,0.0014975874511399,1.6661782497919892e-06,1.0008120042368185
0.8869278377339186,0.0061582639622502,0.0013299778284002,-9.244011228748988e-07,1.000794545946192
0.8886190647241424,0.0049380750385985,0.0011041311874458,-1.148831089114341e-06,1.0007695826798064
0.8801712347484679,0.0271104341621768,0.0022299240975703,-3.232582048628876e-07,1.0008764752257118
0.8809760005997692,0.0247509109716681,0.002408435693657,-2.2765561655839161e-07,1.0008653704233803
0.881796309455885,0.0224902160411408,0.0025128745791332,-5.499115226969385e-07,1.0008551812073136
0.8827199339003952,0.0205881178981576,0.0025520611038285,4.404419263275838e-07,1.00084484689626
0.8837462137005866,0.0186083440705224,0.0025414341975423,2.600959369459921e-07,1.0008287072396398
0.8844631265233612,0.0164735446312236,0.0024739763237966,-2.924846256142898e-07,1.0008209260061405
0.8860597415022863,0.0118966618981872,0.0021348069150028,-3.5155590574889817e-07,1.0008020682404724
0.8852549029577806,0.0142387543154351,0.0023425160862275,-3.59987433031866e-08,1.0008118641487955
0.8938684154780155,0.0018446565308443,0.00045054614031386856,-4.254904871237537e-07,1.00070233890548
0.8901298572779609,0.0042182779099489,0.0009632914331417996,7.935068861026953e-08,1.0007493378163377
0.8916809982276462,0.0032268393564778,0.000758958484125702,1.8766515115367997e-07,1.0007294382687493
0.8931503281507414,0.0027307382680487,0.0006505970745055264,-4.654985373827395e-07,1.0007121511836086
0.8956226696954125,0.0011866289443182,0.00029493838599520863,3.692797922969659e-09,1.000678815313189
0.8968533536934717,0.000690403056140835,0.0001739629869104305,-2.5812085941104572e-08,1.0006626647333317
0.8952135635229436,0.0018582553429059,0.00045364673467735984,1.2742982566071592e-07,1.000684294060329
0.8806377189903302,0.0338451343078374,0.0013281007525906,-6.193183783336155e-07,1.0008686170701404
0.8813734437871386,0.035226914365897,0.0010716031158855,-3.9173241378117486e-07,1.000861099721332
0.8811432387327861,0.031325764375883,0.0017277971010753,1.9643184199159325e-08,1.000863260678013
0.8825648762489626,0.0358152374227883,0.0009569876222009034,-1.676452608688175e-06,1.0008421809404144
0.8838420819194398,0.03695991122302,0.0007187606374060626,-3.727042000281866e-07,1.0008292979011335
0.8858249805799311,0.0381734814112244,0.0004459971306314244,7.764778238529519e-07,1.0008048945471304
0.8851960889316797,0.0373304812777135,0.0006369045066212367,9.284613230452734e-07,1.0008136484194767
0.8883502846525041,0.0388223921130262,0.00029299962942416687,3.845903795760081e-08,1.0007718476176974
0.888462042709213,0.039314729341616,0.00017275052414134087,1.6860925229879366e-08,1.0007702595286545
0.8872099389836968,0.0382121577677494,0.0004375163672507715,2.052615738744864e-07,1.0007868000591522
0.8897255974945811,0.0388200381176673,0.0002933719297081058,-2.599636377311896e-07,1.0007534158749598
0.8898604707587878,0.0393186832044525,0.00017158550372818872,-1.1170222747828223e-07,1.000751512142195
0.8816878136774727,0.0287401020541524,0.0020633877800358,-1.1233724944766914e-06,1.0008574479227883
0.8869732326587539,0.0089068633604911,0.0017646115875321,-2.204161118770816e-07,1.0007882707286908
0.8883564173486814,0.0069149140010584,0.0014541851390246,1.1341667178518197e-06,1.000771806784278
0.8897782808613052,0.0061968926962584,0.0013325538047249,2.867598711468893e-07,1.0007522389153298
0.8824266473798082,0.0264322357637893,0.0022886052283993,-2.9066107220770445e-07,1.000847053988409
0.8832330284710831,0.0242066151578544,0.0024389703646993,-4.727642850689356e-07,1.000836715119931
0.8882009752576216,0.0112538119610273,0.0020618995985095,-1.106610808141416e-06,1.0007731905043478
0.8840918596534958,0.0220981996354451,0.0025253447952269,2.2669604201151915e-07,1.0008274363669776
0.8849927018394245,0.0200601721122495,0.0025541257375086,-9.625547130170465e-08,1.0008150495570385
0.8858075946012992,0.0180052285472442,0.0025278680463847,5.5485152557808524e-08,1.0008036674757534
0.8866354285296992,0.0158041284288217,0.0024411798252944,2.771670214093743e-07,1.0007937105685611
0.8874335217512054,0.0135835247712667,0.0022914384452796,5.108104990865596e-07,1.0007841212288862
0.8945129334033225,0.0031061560181514,0.0007331057759695283,1.1374011760004829e-07,1.0006931917329274
0.8915255680108762,0.0050306099765268,0.0011214515325271,2.6258176503715373e-07,1.0007320892688212
0.8930890240919993,0.0041904994575024,0.0009591699336205972,-3.473602368320019e-07,1.0007153151635977
0.8969938139334452,0.001180698084668,0.00029365989699268666,-4.5518321850132344e-08,1.0006607700700931
0.8982519069584864,0.0006883975803958131,0.0001733624069431702,1.1366218315393004e-07,1.000643539427321
0.8966327910905978,0.0018452972940728,0.000450603972623304,-2.880914420265593e-07,1.0006657185464416
0.8959187105555774,0.0027131184781149,0.0006465426000573721,-1.072753052068113e-07,1.00067577228359
0.8825361071063822,0.0336551353265417,0.0013621216028327,-5.323657316971604e-07,1.000844856156751
0.8832181911843113,0.0306364978236195,0.0018254966579902,-3.172433155789673e-07,1.000836094911709
0.884149711859694,0.0348983102795378,0.0011380667789407,5.845728581035741e-08,1.0008266029981934
0.8853501397429268,0.0359560448317754,0.0009286414870309288,1.357561819596212e-06,1.0008128516286785
0.8866310142591625,0.0370426758647916,0.0007012161954653284,8.010846603050635e-07,1.000794782305726
0.8911000680809714,0.038814019104683,0.00029418678113066,-2.802806962533809e-07,1.0007355301752685
0.8912588864108789,0.0393205240885471,0.00017067742065172254,-1.1596584849573867e-07,1.0007336089388204
0.8925136621293451,0.0388265481450433,0.0002908100862366422,-3.717318261676861e-08,1.0007180853320214
0.8926573523595586,0.0393207623944831,0.00017040291943196093,-4.276662051627003e-09,1.0007161898137886
0.8886479980554959,0.0382365059570574,0.00043199523885558,4.5673349770968684e-08,1.000767538834992
0.8879912437007278,0.037371765131572,0.0006285461126973274,1.2919916269721886e-07,1.0007764496837668
0.8900968087674562,0.0381661429929414,0.00044785816807832777,-7.167382381403224e-07,1.0007486082889383
0.8838644093798722,0.0280094782608404,0.0021439795798409,1.3372020565641177e-07,1.0008285852668022
0.8895142404350891,0.0088501913371314,0.0017581677204368,1.5388318579306254e-06,1.0007575064252143
0.8911569674250888,0.0075067634790033,0.0015499183731826,-1.984563225284428e-06,1.000735696061937
0.8901276442990674,0.0111844779753335,0.0020531064151696,-1.209535537757547e-06,1.0007477128549631
0.8846673009313218,0.0258356981385494,0.0023346853163518,-2.278838821318881e-07,1.0008185064152242
0.8855130629494966,0.0237042871442792,0.0024647568017487,-1.5871969534248953e-07,1.0008086914576833
0.8895675413085337,0.0130646062787326,0.0022445095306084,-1.4275889283578826e-06,1.0007537763853005
0.8863737743646841,0.021587598568909,0.0025378649170476,-3.439976685696456e-08,1.0007973029425945
0.887216834823419,0.0194735426317943,0.0025523889673342,-5.995463793018505e-08,1.0007862777357068
0.8880237007329085,0.0173222185023504,0.0025074639108825,5.8235685884969775e-08,1.0007753038573852
0.888818618879981,0.0151507232841518,0.0024034529673261,1.2711652787774122e-07,1.0007649393433324
0.8958262393331843,0.0040149306123682,0.0009216494189567744,1.7028783749819806e-07,1.0006771777669494
0.894467503369188,0.0046971438569629,0.0010553896815845,1.6948501560436678e-06,1.0006921236628648
0.8931754460616312,0.0066553628378289,0.0014131855980371,7.28986124267896e-08,1.000706333191736
0.8983657859200617,0.0011744168756752,0.0002919339070406057,2.6862243120934224e-07,1.000642015795176
0.8996504259041396,0.0006874075895969507,0.00017265573098347348,1.1999275996131138e-07,1.0006257969505508
0.8980706379381732,0.0017801412428661,0.0004355875453383104,5.190937744951602e-07,1.000646282756776
0.8997901053064105,0.0011954616859656,0.0002963645021275746,2.798587130970249e-07,1.0006240214721844
0.9010489679342912,0.0006873005670956308,0.00017230500277978363,5.0510901376585726e-08,1.000608182192929
0.8973036132438585,0.0029902780542972,0.0007075175935053023,4.8151515227910415e-08,1.000656542314864
0.9012424191932018,0.001190611339665,0.0002947485609163797,1.0521186953870553e-07,1.0006060316136411
0.902447514065684,0.0006871635317936549,0.00017232121582141198,-7.660697032647457e-08,1.0005915998319408
0.8847169191809519,0.0323569604620663,0.0015724973992498,-9.74159156284226e-07,1.0008174464787751
0.885325861633781,0.0294252972894364,0.001983358443744,8.888900969646102e-07,1.000811035146571
0.8939042348116297,0.0388334091758109,0.00028938680126666026,1.8151395808026394e-07,1.0007008116197005
0.8940558386851054,0.0393205247695808,0.00017066787401420834,8.513233703963189e-08,1.000699055208155
0.8860037607403145,0.0339033920101445,0.0013184926098029,6.497904688313954e-07,1.000800804908262
0.8868279872221587,0.0353950123953974,0.0010386008716411,4.292093220010696e-07,1.0007917910528672
0.8880820860687725,0.0360022151224036,0.0009191327493800818,-1.318888465417672e-07,1.0007747276771986
0.891519947559706,0.0381560613966845,0.00044939944324722713,-4.52542593212064e-07,1.0007301623363496
0.8927791239821296,0.0382325137717588,0.0004315006746102122,5.70452056581724e-08,1.0007152458199242
0.8893867382701705,0.0370729414748006,0.0006946566665429731,-6.820601715692858e-07,1.0007579817533416
0.8907988433586898,0.037295356448342,0.0006445310856094301,-1.3428412002493458e-06,1.0007386973365586
0.8860908319925417,0.0273972306828699,0.0022032699623203,-8.988996431867364e-08,1.0008019553297076
0.8870246461352123,0.0287809195081031,0.0020580537980507,-5.479371686824879e-07,1.0007915449636846
0.8919742565226532,0.0098095251448097,0.0018909806951776,1.5024120394812578e-06,1.0007261226802877
0.8916893765392374,0.0122251822784092,0.0021661698672127,-1.052214679407661e-06,1.0007300395357108
0.8869251673091106,0.0253263777437223,0.0023706613560031,-8.515842407951344e-07,1.000790126154029
0.8877936066213389,0.0231745821726271,0.002488851879251,-1.3109750162714374e-07,1.0007787851204626
0.8909890094931431,0.0144595679787973,0.0023566831006659,-6.386755598049125e-07,1.0007366644441875
0.8886443921029773,0.0210190181545039,0.0025475894655197,-5.6450935541980195e-08,1.0007678728511478
0.8894600071333792,0.0188475253398554,0.0025455357418379,-1.9183630398632972e-07,1.0007570739980816
0.8902428825956754,0.0166535688432244,0.0024820024846421,-1.063986148066279e-07,1.000746570729054
0.897090379944621,0.0045147886359701,0.0010201907139999,-9.310574541428777e-08,1.000659000060376
0.895648225100982,0.0061499235316351,0.0013276014581313,-7.288953360893417e-07,1.0006815193457186
0.8943665779106301,0.009203074418362,0.0018060472701136,8.739227383167987e-08,1.000694782546069
0.8994689338318187,0.0018516826929844,0.0004515838073212562,5.328968504280995e-07,1.0006276049499367
0.8987472359104064,0.0026734325783722,0.0006376049471159675,9.544393281721733e-07,1.0006366649763632
0.900832378939466,0.0018962318689616,0.0004612692645963149,4.266422930996427e-07,1.0006111466077483
0.8986425562068989,0.004059384869987,0.0009299438065760688,1.135767032273129e-06,1.0006376613804902
0.9026342392367334,0.0011707066937993,0.0002901729733318701,-1.8586347352025586e-07,1.0005895106660911
0.9038460110224236,0.0006875389295232404,0.00017266675408193484,-7.166184787956184e-08,1.0005737919813384
0.9022980244719746,0.0018817574068873,0.00045789940761765377,-3.452135290701141e-07,1.0005935906932593
0.8870019566936963,0.0309540318452006,0.0017812101841439,-9.057561701224168e-07,1.0007855884188344
0.895262528009125,0.0387975555836333,0.00029832292366861274,1.595636778423105e-07,1.0006834230541164
0.8954542882448784,0.0393192695284516,0.00017118063790572542,6.348526046058048e-08,1.0006808577044444
0.8941241517538244,0.0382360104023035,0.00043105361021609,3.6794934133044333e-07,1.000698244442931
0.8882121885730323,0.0338061311185199,0.0013349371276496,-4.942619871612458e-07,1.0007708281092091
0.8894396739593093,0.0353781740151587,0.0010409611665397,-1.0942864570803823e-06,1.0007553910887947
0.8934946587856389,0.0374054793242256,0.0006197774027111648,8.602333597489906e-07,1.000707534414785
0.8921763595083796,0.0370597807606441,0.0006964466759277337,-4.707081303168272e-07,1.0007226836345586
0.8908261734616142,0.0359830852799586,0.0009218836212676788,-2.1425352482561044e-06,1.0007362783045428
0.8884145219867132,0.0292158104169122,0.0020064567074391,-6.71960433306221e-07,1.0007680210444343
0.8883811809527921,0.0272357705906834,0.0022186977145547,-1.0149288320235331e-06,1.0007709212093423
0.8936979641451245,0.0114448439199253,0.0020859683610271,1.991043864084533e-06,1.0007060837926205
0.8954241464985859,0.0108355199856991,0.002015096486364,1.1761292994571408e-07,1.0006818828413495
0.8931110934473171,0.013667182395295,0.0022955468003501,-3.957903347257892e-07,1.0007106492621956
0.8892224441674886,0.0248061169061136,0.0024056798107699,-1.9876871611438158e-07,1.000760094874357
0.8900995097603651,0.0226136792680541,0.0025100435026652,2.639935565745084e-09,1.0007489531551057
0.8924652521637882,0.0159425648755843,0.0024483951114834,-4.158781208651463e-07,1.0007183064948182
0.8909307200034603,0.0204208279809552,0.0025530335728331,-1.4732855067915074e-07,1.000738371033724
0.8917147594740537,0.0182024013223663,0.0025333980908369,-2.7657474499228655e-07,1.000728228950417
0.8978517326733381,0.0060793200220277,0.0013141986179589,1.256272093569973e-06,1.0006509505076595
0.896691258132626,0.0090415898333511,0.0017819449678561,-9.858355723060737e-07,1.0006628668366258
0.8968007193141683,0.0112610200741665,0.0020647354931629,-8.283761335942598e-07,1.0006596834079595
0.9001842314524177,0.0030776295508149,0.000726768182313005,1.0151488633957632e-06,1.0006186362181253
0.901677906241822,0.0027794890246005,0.0006607231314243738,-1.9356277714763923e-07,1.000602136871963
0.8998925973234809,0.0052005451610084,0.0011545586461895,-2.882157076258716e-07,1.0006246225825797
0.9040123103058983,0.0011991228205441,0.00029727409418944096,-1.5089742439835894e-07,1.000571592125721
0.9052444938304212,0.0006894683416254649,0.00017341101392961766,-7.975546244766886e-08,1.0005558824803376
0.9038130037758848,0.0018373536959862,0.0004479483543372515,-2.768785391330639e-07,1.0005742538454296
0.9030955554351202,0.0028831337610935,0.0006835206101823301,-4.578586430543642e-07,1.0005829854024546
0.8894911488258405,0.030831557951474,0.0017991309888218,-7.316155604941328e-07,1.0007573529111902
0.8963723611510693,0.0387695456450769,0.0003050729214422927,1.0026370733289969e-08,1.0006685147340126
0.896852736984451,0.0393161238948306,0.00017205327700138578,-2.158509675957001e-08,1.0006622709340338
0.8955887812720195,0.0380600217817596,0.000471873440423499,1.0198511526655326e-07,1.0006790457673953
0.8947024201360687,0.0372996353764077,0.0006438451280498962,2.4008631583932537e-07,1.0006898862944809
0.8907601701819046,0.0338007670636829,0.0013364368313686,-1.7388441282283116e-06,1.0007401855023987
0.8937048655927539,0.0361564957552917,0.0008871391677841876,1.1990793685195925e-06,1.000704723135472
0.8924506353518818,0.0351405368498087,0.00109016845314,4.988911570281003e-07,1.000720696394067
0.8978891448464964,0.0387570019940449,0.0003077569558678968,-1.8287929178273013e-07,1.0006482826486969
0.8982512630329531,0.0393116327228126,0.00017293562841797554,-7.826415898172427e-08,1.000643573118219
0.8901844557071019,0.0286628983265064,0.0020712123838569,-2.068511412278578e-07,1.0007463379889527
0.8908061995441382,0.0264605250302899,0.0022856911960443,-5.435835753626961e-07,1.0007392043272347
0.8955511122595523,0.0128131722463937,0.0022240929775173,3.251178671971906e-07,1.0006796459581226
0.8947145348975586,0.0152714651636519,0.0024107466387634,9.752394872631524e-08,1.000690224550438
0.8916241798743733,0.0242582706397287,0.0024377044071164,-2.10058093344064e-07,1.0007297969867956
0.8924400362794177,0.0220400941954456,0.0025272855777941,-1.3587694030175926e-07,1.000719153019359
0.8939750822848599,0.0175529589239045,0.0025157252666983,-1.4393586510260638e-07,1.0006995096984217
0.8932275744740564,0.0198033218428531,0.0025538075960076,-2.75733564787353e-07,1.0007091759306916
0.8991715161096226,0.0078069271580443,0.0015989686311254,-8.711438819107141e-07,1.0006336392812207
0.8985632471260224,0.0108296376838078,0.0020166473285613,9.844901067503322e-07,1.0006416028771747
0.8978291340831973,0.0126491192510442,0.0022080943840832,-6.380150865128749e-07,1.0006504061172503
0.9018755625559416,0.0043531603887088,0.0009922948112774026,2.08966249681222e-07,1.0005995463229491
0.9013199929082428,0.0069089059364589,0.0014563566394638,-6.638876642343168e-07,1.000607523521151
0.9054302028019332,0.0011947205903341,0.0002966050584037433,-2.001652610728171e-07,1.0005533619371971
0.906643047278026,0.0006925558540266362,0.00017436039414970398,-1.168853171816096e-09,1.0005372788170486
0.9052399026079158,0.0018132833872068,0.0004427956611266957,-4.306809774830155e-07,1.0005560787751115
0.9046014726446612,0.0027610028430008,0.000657002623755215,-6.831342503708274e-07,1.0005644933183178
0.9038203488704006,0.0042585913281021,0.000972082967690194,-1.6073907209306498e-07,1.0005767353569623
0.8916046333508145,0.0306157149602213,0.0018295273246144,6.789888369489514e-08,1.0007278457537578
0.8970040184107845,0.037988500964835,0.0004880295696642161,-2.0300157415230465e-07,1.0006599846542528
0.8961873908738264,0.0370348143003649,0.00070066736653178,-3.996946439120984e-07,1.0006706078677927
0.8953103659060552,0.0359412194243806,0.000930355795734118,-1.0735366266014504e-06,1.000680427313707
0.8931650483237003,0.0326465343886497,0.0015272673838061,-4.155624976401742e-07,1.0007094381670478
0.8944034742068404,0.0342908274467378,0.0012461202190327,-1.3143707887973332e-07,1.0006941637739508
0.8994967110996478,0.0388078493655839,0.00029542838901111854,1.029981000717842e-08,1.0006276774043237
0.8996499087733347,0.0393069189842378,0.00017402543682087723,1.480046308789558e-08,1.0006254575084743
0.8984588441738897,0.0379945181739765,0.000486491795278272,-3.564607912244569e-07,1.0006409098731224
0.9009061893444136,0.0387785493906451,0.0003024582577188365,-2.200450579472109e-07,1.0006092599858667
0.9010486649945444,0.0393033149964548,0.00017479621139840322,-8.789856013691507e-08,1.0006073484404825
0.8924427856459872,0.0281009038511985,0.0021325514508355,6.815883412592935e-07,1.0007178399564989
0.8931936139100838,0.0259207783425836,0.0023285543402316,1.0428726916979124e-07,1.0007088885677018
0.8969810372895056,0.0147199754139116,0.0023744747865161,-5.330103094764843e-07,1.000660744317159
0.8962048582208908,0.0169338603458736,0.0024937697677525,2.8991281633047724e-07,1.0006711241897308
0.8939935107541309,0.0237149220903409,0.002465627727454,-1.202486056104617e-07,1.0006992655995972
0.894779375107048,0.0214383188122289,0.0025407425593285,-4.502496409521549e-07,1.0006890585115775
0.8955254736938182,0.0191653369923008,0.0025498630808555,1.746737158836968e-07,1.000680047460744
0.9006927645247288,0.0099000800487787,0.0018974247341446,1.308628862268995e-07,1.0006118996703632
0.8999482374220228,0.0120970933886748,0.0021569742321887,8.813769135530024e-07,1.000624903299682
0.8991844567051431,0.0142595161697224,0.0023424219733257,-6.541512103750263e-07,1.0006337995425425
0.9027598173767982,0.0091646225221826,0.0017966185223892,-7.814036959482078e-07,1.000585735414336
0.9032473068107604,0.0062167659951981,0.0013403303221726,1.0155208618588243e-06,1.0005825736249545
0.9068365223927488,0.0011871492284557,0.0002950400646504631,-1.0367946566844666e-08,1.000534597817026
0.908041700045129,0.0006955065742780175,0.00017502873274695635,3.7539007655213166e-08,1.0005194008912377
0.9065953317800722,0.0017743936694312,0.0004342182644318507,-8.025779775295254e-08,1.0005379122475253
0.9047258896048168,0.0055264041832591,0.0012150948618915,-1.6008124957095888e-06,1.000567481265706
0.9059853046923116,0.0027039179899942,0.0006451037544300497,-6.273846291350427e-07,1.0005473263649984
0.9053842508783282,0.0040075409536566,0.0009213957431858086,-1.605428503413124e-06,1.0005558341739027
0.9081863444298132,0.0011976492239586,0.00029752023953987715,7.017532487069145e-08,1.000517220456293
0.9094403952884084,0.0006972314088726859,0.00017521677070461426,9.990711038491285e-08,1.0005010520472415
0.894138375947309,0.0297018220559789,0.0019489780166672,-7.615638346903592e-07,1.000699105655077
0.8959633408408731,0.0343975050494059,0.0012268587529893,-1.805755517989111e-06,1.0006709520251702
0.8977337972735501,0.0369610675612014,0.0007163140808811754,-4.540358616975763e-07,1.0006508847565898
0.8969074074865361,0.0356380960310754,0.0009904213539543682,-3.968594912771895e-07,1.0006605540605518
0.8956883807641007,0.0321785828881541,0.0016001300822203,-1.424617433976085e-06,1.0006754153330262
0.8998633251936027,0.0380311595831122,0.0004781815968507376,2.0280484779309254e-07,1.0006228405185185
0.8990096820347364,0.0371960336991506,0.0006655059020459059,-1.089770225850959e-07,1.000633897830118
0.9022903180100164,0.0387599951827648,0.0003063831335379771,-1.9090580419893514e-07,1.000591877985065
0.9024474571630552,0.0393018405012346,0.00017482033505956417,-8.613243453181468e-08,1.000590033842924
0.9013228796401364,0.0380227302748514,0.0004799271336371874,-6.739490408985179e-07,1.0006040160411642
0.9037220053736976,0.0387825422980877,0.0003007771666106344,-5.6773063657168446e-08,1.0005743127539384
0.9038461911723784,0.0393021964759421,0.00017455541993266743,-1.7635765685257196e-08,1.0005727539918756
0.8947921504741024,0.0276093495439961,0.0021818353808643,-1.8793757102310252e-08,1.0006893379236936
0.8955574971339278,0.0254262095866148,0.0023646134962532,1.671082159237502e-07,1.0006796062813328
0.8984024645900152,0.0163933223992456,0.0024696996957597,-8.986131994146636e-07,1.0006434078054562
0.8976764741972804,0.0185287831115651,0.0025414244816547,-3.288376036746017e-07,1.000653452812953
0.8963702624423203,0.0232084987287971,0.0024880248235981,3.635749848859425e-07,1.0006697016101518
0.8973872169407634,0.0208361966035178,0.0025508084855973,-2.025563417883237e-07,1.0006589429889063
0.9023464943312548,0.0117459345301189,0.0021213472981182,1.4762846356849451e-09,1.0005940681475207
0.9013532187840214,0.0137533315735837,0.0023051762063847,5.195974489799259e-07,1.0006075916271049
0.9005603369846779,0.0158802593782923,0.0024441831122651,-2.6907857225056826e-07,1.0006159442085762
0.9044090370798658,0.0107337399610276,0.0020024910672884,-1.269002392762052e-06,1.000566874195994
0.9049624195777862,0.0077512577524881,0.0015904521918261,9.258247003917e-08,1.0005579783059722
0.9079278406521482,0.0017883445115281,0.0004375215617151962,1.2135188658505452e-07,1.0005206207745034
0.9071787649702848,0.0025805050844832,0.0006175764325104011,3.805732891167746e-07,1.0005296073058467
0.9062151218868092,0.0053978648868508,0.0011907754681345,-3.4034181320391334e-07,1.00054204063692
0.9069451753304296,0.0037861018675553,0.0008760022768132262,2.019095660432704e-07,1.000533306354075
0.909621407379181,0.0012389860193957,0.00030708357279067084,2.320788995969266e-07,1.000498898803679
0.9108390523582188,0.0006979335920823968,0.0001752630371457425,-5.218309485597265e-08,1.0004842498166469
0.9091163417727764,0.0019570278114774,0.00047631697687300665,3.627050074064221e-07,1.0005048393052258
0.896404467131335,0.0293295822543536,0.0019963804852235,7.041869323997332e-07,1.0006685312515593
0.8974605926021085,0.0337591635549875,0.0013415470521211,1.6306360516393593e-07,1.000653532363159
0.8987889574228036,0.0357348062961121,0.0009728517721042148,6.12827176580411e-07,1.0006389382069203
0.8980530004675836,0.0310573736178104,0.0017665736768991,-7.706649083844042e-08,1.0006460109991295
0.900502385767309,0.0367381824669116,0.000765162369913499,-2.793086654057841e-07,1.0006148333527036
0.9027804020662394,0.0379823803378736,0.0004884989553198513,-3.314616822290979e-07,1.0005859367145786
0.9019859037318452,0.0371425787311117,0.000676899352759936,-9.413287338648176e-07,1.000594725952854
0.905142711529467,0.0387875511064065,0.0002999404567823896,4.099903270635479e-07,1.0005576874181028
0.9052448346672332,0.0393031996460315,0.00017464997433725527,1.808205355903056e-07,1.0005565110212151
0.9040100720554776,0.0381598438061788,0.0004476681053527161,1.6249311333296009e-07,1.0005709267512783
0.9065134531832764,0.0388026517528363,0.00029699935979251376,1.898937565353031e-07,1.000539739565073
0.9066434273955756,0.0393039411837264,0.00017492859892193223,7.552614942470598e-08,1.0005380654937657
0.8971657579852365,0.0271539985411638,0.0022249490270374,5.3242000563920616e-08,1.000658562097801
0.8979230614661953,0.0249833807396113,0.0023943141119008,7.407350384052756e-08,1.0006485642634717
0.8998075846966634,0.0180379691630415,0.0025286946612955,-8.932401239787396e-07,1.0006237569995504
0.8990740340773213,0.0196935243745674,0.0025517433841748,2.999719503981876e-07,1.0006313899594614
0.8986467376796662,0.0228736119590915,0.0024999346120468,-2.154701378471101e-07,1.0006389270950071
0.8994266790119599,0.0211452257527257,0.0025427613771633,5.87480991304292e-07,1.000629328916365
0.9030315014840316,0.0135412731243211,0.0022877149354645,4.920095724869596e-07,1.0005829231875238
0.9040839968723096,0.0125559690506219,0.0022014074432869,6.396667214541074e-07,1.0005725115410131
0.9026789306125146,0.0153369114614916,0.0024129814949301,-4.0060426489218794e-08,1.0005878633240697
0.901935366493166,0.017500712309114,0.0025134073972711,5.228204780687041e-07,1.0005963585664814
0.9109625462203644,0.0012375505711198,0.000306720799015217,-1.523907994392802e-07,1.0004826851104651
0.912237663145172,0.0006986644999797112,0.00017567930465956714,-4.8062253158434345e-08,1.0004665749090471
0.9057403120014051,0.0124021108498885,0.002187662613411,1.2028846453523236e-06,1.0005494165161488
0.9064059185278682,0.0097548017659004,0.0018775490199914,-6.170945729990202e-07,1.0005381237194706
0.9071652866834018,0.0071713838668637,0.0014977111688497,-6.063497651299289e-07,1.0005322321643482
0.9084260835453064,0.0030198270568056,0.0007148800840509537,1.6950097884910908e-07,1.0005141518689955
0.9080446492901286,0.0047498023522752,0.0010697048218923,3.991211282348321e-07,1.000520654355441
0.9105173353473884,0.0018634606940565,0.0004547079940400146,-8.274834130586762e-08,1.000487829884902
0.9098533415629536,0.0027444083296842,0.0006539829988449322,4.076976363961713e-07,1.0004965329067343
0.8987803346759825,0.0288766895634998,0.0020480067396429,-7.597647961167294e-07,1.0006391016351377
0.8996043041171066,0.0334128901872171,0.0014003384526493,-2.6253400389248333e-07,1.000624884318525
0.9005527527024118,0.0352065912538887,0.0010730310124599,-1.3241818197548266e-06,1.0006133990836348
0.9004159452254016,0.0310005937765806,0.0017754784918465,-1.9973088706038026e-07,1.0006167038625369
0.9020184200302224,0.0357322962531294,0.0009715634491131378,-1.924219848137783e-06,1.000592770410627
0.9034146160018296,0.0369360131546288,0.0007223907184098281,-2.714014791570989e-07,1.0005783001288389
0.9054077011364396,0.0381740927035747,0.0004449982079886061,8.423993655754954e-07,1.0005543957195064
0.904780243008258,0.0373313346063479,0.0006354685656065035,1.2311730244319594e-06,1.000563008771682
0.9078850542925304,0.0387991249860377,0.0002980854950562024,1.8436088349745757e-07,1.000522054101599
0.9080420472195928,0.0393041658560342,0.0001751059478050209,7.086722640088377e-08,1.0005200173105135
0.906791877654837,0.0382021074604996,0.0004390244930248232,2.2428772300868138e-07,1.0005361967830313
0.9093098650634348,0.0388005596557825,0.00029790108496027183,-1.1440487570246357e-07,1.000502715047273
0.9094407486620308,0.0393047648354215,0.00017499056870145377,-5.3930881657998586e-08,1.0005007821176404
0.8995371848656236,0.0266983513450594,0.0022656843357779,-6.259263888030541e-07,1.0006277844934928
0.9002609286821898,0.0245393750095553,0.0024217332929255,-6.695483069539115e-07,1.0006174958959797
0.9011272393709672,0.0199698811558134,0.0025553379360884,9.964822002471593e-07,1.0006050265634538
0.9008981669931394,0.0223528805031181,0.0025183562867595,-8.261100030479704e-07,1.00060967747068
0.90339312850175,0.0191078800391586,0.0025497697192313,-6.477489041636764e-07,1.000581038706635
0.9046948668097564,0.0143144599769102,0.0023483964121937,-4.5066829505931215e-08,1.000562280018306
0.9040449787902692,0.0166714981371392,0.0024827312304541,-9.111839789341464e-07,1.0005718424445325
0.912341278017399,0.0011256238696031,0.00027997768393130644,-1.3267454336245913e-07,1.0004653023959265
0.9136362847916232,0.0006996889742823077,0.00017624048422028464,-1.2869407715740076e-07,1.000449475552686
0.9118738247133534,0.0019767697099885,0.0004807364534719608,-2.1143537021797398e-07,1.0004712768758728
0.9137553705434144,0.0012067217888916,0.0003001005380914813,-2.398053354678067e-07,1.0004478236281635
0.9150349667653526,0.000700498038639745,0.0001764751119084155,1.3012742830160154e-07,1.0004298275274748
0.9069919985108876,0.0137029005018118,0.0023038774408269,6.84304460665738e-07,1.0005355946313603
0.9077384519610856,0.0114982251421103,0.0020897261488629,-6.068832820641476e-07,1.0005213449761114
0.9084200038636652,0.0089720930230245,0.0017704198008411,2.835641989257633e-07,1.000514982559859
0.9091998165173756,0.0062034450676798,0.0013361794150508,-2.5646700162164774e-07,1.0005062781204026
0.9096539973878978,0.0040979746519522,0.0009403555308977064,2.614202490214452e-07,1.000499895018753
0.911221751477071,0.0031761044327838,0.0007494832681834128,1.0783397522045062e-08,1.0004800885564415
0.9011124036750794,0.0284096143975699,0.0021002875250734,-7.4696732280677e-07,1.000607500897896
0.9019602522473456,0.0335251843794513,0.0013834482669202,-2.525046625912179e-07,1.0005968327385055
0.9025818080048944,0.0304149043751688,0.0018566294519003,-2.068525718141529e-07,1.000587874727376
0.9036946097305943,0.0348452275327844,0.00114682365612,5.109284329562318e-07,1.0005769092342185
0.9049245184027253,0.0359475416165069,0.000929153154926198,1.8817345435598625e-06,1.000562692266495
0.9062187385750436,0.037066130881585,0.0006949708041706053,8.11998372208511e-07,1.0005438836474532
0.90828692598022,0.038145286492647,0.0004524496411307508,3.029148161674754e-07,1.000516569170301
0.9075634302884422,0.0373877797978894,0.0006238828698807193,3.0206181891031173e-07,1.0005259455099096
0.9107319401167774,0.038805232756637,0.0002964888600706923,-1.7758318863027537e-07,1.0004842348588276
0.9108394825704312,0.0393070751426643,0.00017418269700710158,-6.99657075266761e-08,1.0004827572549524
0.9095987255114618,0.0381905496309805,0.0004421020801684784,-2.8568542296288204e-07,1.0004987478191387
0.9018961760603068,0.0261997741888322,0.0023072999326483,-2.726233211203476e-07,1.0005971248596577
0.9026489237002884,0.0240326506031849,0.0024503042128559,4.888902959472473e-07,1.0005889790633145
0.9034128308914714,0.0215073341119872,0.0025412497340549,4.610632374841409e-07,1.0005806939509003
0.9049989680734224,0.0199631363201014,0.0025520529112105,-1.256749107199928e-07,1.0005571226947876
0.905401779651423,0.0181429096666668,0.0025297346427329,-1.2238271408983534e-06,1.0005520551759524
0.9061656180669004,0.0158882098044778,0.0024456533329849,-5.314422099304845e-07,1.000543745223651
0.9083003924702854,0.0151277248007974,0.0024040763381253,6.073014786105021e-07,1.000517128626048
0.9151355133924256,0.0012035863315016,0.0002991307355643923,2.940857636207801e-07,1.0004283902772249
0.9164336626562142,0.0006997905048161514,0.00017591258281041206,5.5885155173067354e-08,1.0004126217795022
0.9134099725029424,0.0018454206981472,0.0004511392352897908,-6.768071211285892e-07,1.000452489129019
0.912676972420202,0.0027845435848285,0.0006631099495082984,-8.236890318706022e-07,1.0004631564027615
0.9147687185102056,0.0018638294335062,0.0004554237076208302,4.848515683774682e-07,1.0004335241935272
0.9090671365552364,0.0129028109003487,0.0022343737547391,-5.810729483006357e-07,1.0005062838929926
0.9097690219773664,0.010426111664013,0.0019650882184626,2.9383063171752172e-08,1.0004964973175423
0.9105206052593184,0.0075825221077789,0.0015614072634144,-3.079272711252371e-07,1.0004869251698862
0.9109941637546928,0.0052392769858246,0.0011628968823425,9.300728052200472e-07,1.000482710608065
0.9126457049006644,0.004098149233467,0.0009401845855439344,-9.099972467157288e-07,1.0004645757697068
0.9165585673078568,0.0012375602309633,0.0003068744342668524,1.423844887801371e-07,1.000410995336443
0.9178322554963884,0.0006980265874958864,0.00017525282811355642,8.207666125828692e-08,1.0003942061636737
0.9121080030525716,0.038794013863592,0.0002988144606883964,-1.9826071244495167e-07,1.000466476938419
0.9122381407405272,0.0393108202729285,0.00017298332844097047,-7.948113877056655e-08,1.0004647687788886
0.9034282537325988,0.0278291099067603,0.0021618474286848,4.5398344383207714e-07,1.0005786746693754
0.904264703080071,0.0321979953861364,0.0015970267570191,-8.700743418429672e-07,1.0005666637520725
0.90486383317586,0.029377518690064,0.0019893793806999,9.954690312623043e-07,1.0005619842858229
0.9056284567549584,0.0338762071615893,0.0013211846828934,8.967344747558791e-07,1.0005494622238882
0.9064045188100854,0.0354666062360208,0.0010231163565762,2.192029261451975e-07,1.0005404277295704
0.9076601593696008,0.0361024195291615,0.0008972608392066641,6.90463362543047e-08,1.0005241971904486
0.9089635692747208,0.037064775522506,0.0006952661349467038,9.275928749071857e-08,1.0005080756024232
0.9110228978723764,0.0382226912579205,0.0004342540405067786,-2.625098107473059e-07,1.000480027760436
0.9103368657007692,0.0373450400499938,0.0006333754875938894,-6.857022499162519e-07,1.000488551729294
0.904302021054518,0.0256629288609867,0.0023487788320271,7.44775477304076e-07,1.0005677379544344
0.904993910968715,0.0235244979738201,0.0024736617467783,-3.0644833437690085e-07,1.0005579358694787
0.905829478637335,0.0216002931461646,0.0025376712746232,2.131217815025517e-07,1.0005484153202806
0.906852547037204,0.0196419149484439,0.0025515539114712,-2.069650145515177e-07,1.000532408504054
0.9075596924749846,0.0173699685019689,0.002508439253766,-1.1038199688327607e-07,1.0005242356068724
0.9096296443332124,0.0165793823743152,0.0024791317208536,7.730306969600891e-07,1.0004995932097125
0.910364522278022,0.0143503005866582,0.0023519666048246,8.535926937589264e-08,1.0004903271911645
0.916135371188472,0.0018105548227894,0.0004425628623479849,4.31129477434327e-07,1.000416255666073
0.9140619694488892,0.0031224601392186,0.000737307220046695,-9.357061122906334e-09,1.0004427867205343
0.9154967715419616,0.0027108976937464,0.000646454079249185,1.0462744007505677e-06,1.000423867769782
0.9111324834274184,0.0120905745360316,0.0021552073945849,-1.622213246394096e-07,1.0004808415596445
0.9119075029421424,0.0094369812911746,0.0018360851418766,-1.638166831062861e-07,1.0004696395671155
0.9127231069858296,0.0062774664212857,0.0013504354212854,3.581740447961095e-07,1.0004623333656637
0.9139457381304144,0.0045761727350311,0.0010331299668382,2.0702389713879044e-08,1.000443108071022
0.9179878663508442,0.0012270653446161,0.00030390391319290146,1.9849256890624166e-07,1.000392497205518
0.919230773552272,0.0006976729821715,0.00017513050216214852,-7.60410791755494e-08,1.0003774878046146
0.917501352835092,0.0020039024122797,0.0004863432775637223,4.0894154182031603e-07,1.0003984734939184
0.919371269920182,0.0012098583142755,0.00029996626805573384,-2.0882735455572445e-07,1.000375768597966
0.9206294020462672,0.0006988577942466543,0.00017564874801643033,-3.5973056281108436e-08,1.0003599113520498
0.9207764867666216,0.001213361562619,0.0003009884380562136,-8.389496537489648e-08,1.0003577348441024
0.9220282000052368,0.000698550202316241,0.0001756122724880897,-1.5359459164823754e-08,1.00034181937541
0.9223758335659692,0.0012682565456514,0.00031407711763162515,3.4736622788044403e-09,1.000337271467762
0.9234269821897676,0.0006949056224302092,0.00017470417831294248,3.0119378803262455e-08,1.000323603004078
0.91347148717485,0.0388020669837212,0.00029653080059538044,-1.3424788252339208e-07,1.0004493280722324
0.9136367179631504,0.0393141655706012,0.0001719211234122446,-5.0348052023626136e-08,1.0004473400262075
0.9124513220657722,0.0381136029078159,0.0004591181536356588,-5.214757388601541e-07,1.0004626324159676
0.9148717345567184,0.0388049996937762,0.0002956636823036191,-6.6636616269938116e-09,1.0004322665179652
0.915035294318702,0.0393168468372512,0.00017117395581455922,6.225041320181441e-09,1.000430157199049
0.9057383712064756,0.0272414558430511,0.0022181060033672,6.119151056905163e-07,1.000550471799437
0.9067115370548372,0.0287921265601498,0.0020571207095285,-6.481621429474676e-07,1.0005392241221136
0.9067075322618569,0.0310248562198009,0.0017723701601578,-8.036278732682437e-07,1.0005344364334192
0.907804791177287,0.0339156217282272,0.0013148705148736,-5.604881756158523e-07,1.000521046453411
0.909005185406878,0.0354463816889539,0.00102629114964,2.684835738005381e-07,1.0005069332752488
0.9080901621983364,0.0293143767361734,0.0019952436970135,-4.617745562864965e-07,1.0005156865881852
0.9103792265637296,0.035939852962762,0.0009297409836343658,-9.557796123398175e-07,1.0004867293946555
0.911717708439964,0.0370088301607949,0.0007076643165500398,-5.830837320321296e-07,1.000472114014807
0.9066330446421406,0.0253012071930458,0.0023732089176034,-9.151762766121852e-07,1.0005372063909712
0.9073586111791162,0.0232625724592328,0.0024859556106137,-1.5197674750755378e-07,1.000528522545551
0.9081920887858846,0.0210965562903404,0.0025458792432158,-6.107629209452229e-07,1.000517219620053
0.9090081732836258,0.0188398153739898,0.0025437667257823,6.685678601930494e-07,1.0005061225164429
0.9109665418043364,0.0180067123997973,0.0025280385336026,-1.6736093252704685e-07,1.0004838508559393
0.9116399093688496,0.0158172205229885,0.0024426716522498,-1.6120717910388577e-07,1.0004744844232494
0.9123777851681776,0.0136006448002241,0.0022942224274069,-1.6268841870412892e-07,1.0004643061852088
0.9168884421816914,0.0030728663589765,0.0007257349755566106,8.085153773908178e-07,1.0004058362714086
0.915453248402722,0.0040515674582177,0.0009304989601344496,1.7694033676509992e-06,1.0004230918666897
0.9132329748174888,0.0113618077748738,0.0020760368622024,-4.174825016997377e-07,1.0004527309767723
0.913975911171767,0.0086570072227061,0.0017248629208958,-3.669115110420032e-07,1.000441801708635
0.9147465129749444,0.0059933234085372,0.0012987263990774,6.138071911669612e-07,1.000436057365234
0.9191060157730738,0.0018358819557774,0.0004479366185105383,-3.6444362251355577e-07,1.0003791787991465
0.9183188877246888,0.002819747795817,0.0006700608167501779,-2.1894783143495415e-07,1.0003896031639337
0.920438823326328,0.0018787427449831,0.0004581159467638607,-3.3841109346373706e-08,1.0003624345488793
0.9217918854630468,0.0020322476670848,0.0004934511309861769,-7.056833736362221e-08,1.0003447182726477
0.9239141855647858,0.0012723689918991,0.0003149115937942468,1.6053620866205314e-07,1.0003174850924672
0.9248256251162548,0.0006905191380424942,0.00017335345438681166,8.399207641649348e-08,1.0003048950125475
0.9232636715253292,0.0020894610044686,0.0005060881963862798,3.481371230243996e-07,1.0003257663025291
0.9250196325358094,0.0012391044757988,0.0003067188768395277,1.765919848051493e-07,1.00030238825501
0.9262242164765396,0.0006868930716217365,0.00017247305280104682,-6.098752617340124e-08,1.0002875085264056
0.9263944807977218,0.0011956426875127,0.00029638076613597384,-1.5037843441972157e-07,1.000285486127025
0.9276227695294637,0.0006827688178137357,0.00017155820925697464,7.645219111557887e-09,1.00026905889614
0.9162798365154806,0.0388366217339519,0.00028820145410088377,1.4738794668554946e-07,1.0004146433693408
0.9164338646491956,0.039319826154062,0.00017061066354763884,6.61441550721817e-08,1.000412810578706
0.9137573955579004,0.0381905613386029,0.0004409348456108969,-1.0082473393647437e-07,1.0004453358220136
0.913115541961741,0.0373400173064119,0.0006338390820348695,-7.392959819737127e-07,1.0004537888285086
0.9152694342668564,0.0382116699124689,0.00043576170491100766,-5.829344002991489e-08,1.0004279861893517
0.908100827286738,0.027307501811829,0.0022125106379513,-6.594326973121991e-07,1.0005186082227182
0.9092004703687916,0.030996247371329,0.0017773152304704,2.3056724339078925e-07,1.000505445914982
0.9102169345096744,0.033707169504905,0.0013500325252605,-7.427850289387101e-07,1.0004929674872978
0.9099068788267212,0.028827663875254,0.0020531718598303,1.0874556799956342e-07,1.0004940676337286
0.911911729712389,0.0350091393562952,0.0011120690207985,-2.000408305425835e-07,1.0004686166409371
0.913194369284094,0.0359466723246594,0.0009283082733148268,-1.0045968839831546e-06,1.0004503162109162
0.9090175835867316,0.0249910442802518,0.0023944388910693,7.76830662444132e-08,1.0005076369833783
0.909920864066716,0.0228388917901312,0.0025031448618043,4.045918212419185e-07,1.000496660175183
0.9108686839879896,0.0202988201417155,0.0025544196427399,-3.226109407940983e-07,1.0004852716928474
0.9124524802469818,0.0188473195085228,0.0025428713256361,-2.3474202539915245e-07,1.0004623636947525
0.912921122842846,0.0170614985858794,0.0024974316284402,-5.122799342198359e-07,1.0004560698669895
0.913696810584215,0.0149681067384839,0.0023929439585605,-1.2592852568058712e-07,1.00044650988308
0.9145510065317992,0.0128392144111513,0.002227742186807,-2.707865704499196e-07,1.0004361264468529
0.918304521395541,0.0041946100359772,0.000960292520449407,-4.040670046857048e-07,1.0003927516898947
0.9167426883386688,0.0048695400738962,0.0010935164236514,1.3468106595748736e-06,1.000409971682956
0.9153525966241988,0.0104215642525208,0.0019641421991976,-8.114436164696681e-07,1.0004244168364194
0.9161400817602194,0.0075712451789116,0.0015617881500561,2.797728857225411e-07,1.000415545654179
0.9198022300055184,0.0030559917945999,0.0007228329179709948,-2.8157126824910624e-07,1.0003711136571176
0.921221204953485,0.0028347146357751,0.0006736959810761876,1.1226901061392493e-07,1.000352926111353
0.922510126114643,0.0031204576035466,0.0007350751067820824,4.690055922791474e-07,1.0003346821014032
0.9197106704623884,0.0048250444169627,0.0010814566537974,-1.494671229639605e-07,1.0003707392440344
0.9246946289335228,0.002053144315088,0.0004971874638580328,2.934911746462949e-07,1.0003066254632118
0.9240866952388463,0.0031204256086902,0.0007340952352372153,7.963434003174487e-07,1.0003143690206058
0.927822026229462,0.0011728611702273,0.0002909162729853911,2.0083250064681728e-08,1.0002663510566947
0.9290211819088088,0.0006790332668276998,0.0001706843673211784,-5.39905660952188e-08,1.0002512967254829
0.9292524104901848,0.001164503398913,0.00028904329663649375,-1.226708330155935e-07,1.000248322003203
0.9304194717080944,0.000678240033420178,0.00017059176231061084,1.8599924146929644e-08,1.0002323196734373
0.9262079098914848,0.0018506124203865,0.0004509353513078283,-2.546123763641688e-07,1.0002881548186522
0.927538390054817,0.0018031712480393,0.0004399045230820582,1.339266602625802e-07,1.000270025725899
0.930598972670066,0.0011857136543097,0.00029419188658290574,8.624158152659125e-08,1.0002297971952656
0.9318178027599489,0.0006812355126019692,0.0001710958626510521,1.1205608546119825e-07,1.0002137143392034
0.917645674639152,0.0388002417912752,0.0002971845767349069,6.541368269320237e-08,1.0003971450313536
0.9178323725046992,0.0393224816881471,0.0001700562025084091,2.3316612810114872e-08,1.0003946739918472
0.91655410122979,0.0382307334167625,0.0004316860110895492,3.530212432238191e-07,1.0004112648431525
0.9146131804848318,0.036997546911076,0.0007090878244290206,-4.1913128470346004e-07,1.0004354748482631
0.9159265101567646,0.037423903509714,0.0006147273722242213,6.114588754147325e-07,1.0004201605561047
0.9106082125262432,0.0266841269000029,0.0022672983537104,-5.494027140780165e-07,1.0004870703413076
0.91107678362651,0.0310422412453689,0.0017709971951651,1.108159081790855e-06,1.0004780999678315
0.9121773158023744,0.032992600948829,0.0014675156494049,1.039248607310468e-07,1.0004670145135304
0.9121986628993408,0.0285117100373326,0.002088337700436,-4.1763982184618434e-07,1.0004650572560798
0.9137667937632656,0.0338790048202919,0.0013209100434136,-1.4419746504688557e-06,1.0004436859663122
0.9150205261584848,0.0351809528930896,0.0010806640562793,-2.5243256195754186e-07,1.0004305493470085
0.911483941845288,0.0245517186485911,0.0024218328835477,1.853059594196669e-07,1.000476236480793
0.9123270119464398,0.0223577424038122,0.002517607776015,-6.231720544016032e-07,1.000464211664808
0.9132076611200368,0.0203785307047843,0.0025526622312375,1.5862338266093193e-07,1.0004544089115817
0.9142982601300323,0.0184967030986287,0.0025377252267341,7.697260398992195e-08,1.000437533775088
0.915133792303113,0.0164314446593373,0.0024719836251362,1.7658110249576794e-07,1.0004278026524316
0.9159675542716922,0.0143571389179895,0.0023514949553161,2.88595561592253e-07,1.00041814734801
0.9168027045861592,0.0121881095083173,0.0021639712619598,-3.299123324396824e-07,1.0004077907005111
0.9183642096602904,0.006524469775611,0.0013927996242278,5.248034732691527e-07,1.000387835118473
0.9175951391707728,0.0096013265345666,0.0018591018853964,-5.0942656104830046e-08,1.0003977362447063
0.9213972646787908,0.0043159115570001,0.0009838088075366938,7.712602849937062e-07,1.0003479917456468
0.92332483813834,0.0045242951989376,0.0010232792335847,1.7378530034788574e-06,1.00032421803931
0.9206879931829832,0.0065847053512203,0.0014018210701862,5.273663860855373e-07,1.0003605189925198
0.925619138402968,0.0029574138210987,0.0006992451718334905,-2.965875955353302e-07,1.0002961367129624
0.9249739214506788,0.0043376529436131,0.0009867991467387843,-1.6420620992895578e-07,1.0003051553322235
0.9289870518136032,0.0018439821793314,0.0004493108994088735,-2.746123715967694e-07,1.000251709415686
0.9304189013030308,0.0018214798403676,0.0004443294807461317,7.069007269789492e-08,1.0002326468855198
0.9271155728306556,0.0029650699175537,0.0007009916823430885,2.2515596881039345e-07,1.0002760766014234
0.9283590355878428,0.0027016970888863,0.0006431968387110311,-1.296701457165123e-07,1.0002599240304737
0.9319682156357896,0.0011648471239984,0.0002888643172349584,2.3693371556850365e-07,1.0002118370370658
0.9332163234381458,0.0006862868783581372,0.00017204037307503678,5.701611679537966e-08,1.0001964029024573
0.9317175582868106,0.0017443276364073,0.0004262433313506741,4.802104421046892e-07,1.000215200821767
0.93337995031665,0.0011742385165135,0.0002907759114216543,1.2869941299306494e-07,1.0001944192715333
0.934615066024744,0.0006908303821915518,0.00017298380004483513,3.821155455140336e-08,1.0001789387660005
0.9187461396472906,0.038772807315381,0.0003037120717661648,4.0646640438044635e-09,1.0003825983096026
0.9192308216312848,0.0393238431152821,0.00016974785476122836,-1.7899985108890373e-08,1.0003766162416703
0.917973802648536,0.038073083181378,0.0004680969979834689,-8.310468485342228e-08,1.0003926495892828
0.9171343422222924,0.0371853132514384,0.0006678802030826333,3.153075086261753e-07,1.000402690021484
0.916128476478536,0.0362213376068422,0.000872503246820888,9.530880159376844e-07,1.0004169544330477
0.9202644194161614,0.0387701423877938,0.0003042008256584761,-9.230276226786885e-08,1.0003633361734432
0.920629245944268,0.0393236035800416,0.00016968321976699904,-4.710974650680706e-08,1.000358766966217
0.9130843627688456,0.0263136238522604,0.0022990256777147,3.403610746847845e-07,1.0004543299368809
0.9137282663143916,0.0310046431878393,0.001775885681143,-4.823323489936306e-07,1.0004466707075108
0.9146500089409956,0.0281103083806637,0.0021331414411334,1.080409522630243e-06,1.0004356318064735
0.9156444828403582,0.0328239825366607,0.0014998144183007,1.3038598976403144e-06,1.0004231985006342
0.9167953791743968,0.0344074731078115,0.0012263812104763,1.958910561960471e-06,1.000410196363852
0.9139456152117028,0.0241246171314746,0.0024448472403415,-5.048320193514047e-08,1.0004432684030702
0.9147344625520472,0.021999636937277,0.0025276455454105,7.361779192695879e-08,1.0004348080236218
0.9155260800451664,0.0199539799744429,0.0025532483082025,-1.1661664663438184e-07,1.000424621760309
0.9165018263356024,0.0178939268599529,0.0025241379909234,2.641288266471972e-07,1.0004109056280324
0.9173932345054469,0.015889909122785,0.0024459795904148,7.421814397813712e-07,1.000399571943671
0.9182311930180552,0.0138340463788932,0.0023113691399216,2.028797838776785e-07,1.0003893759528948
0.919038836191328,0.0116738483062325,0.0021096346754909,-1.3050831847781378e-07,1.0003788961609372
0.9197924221441236,0.0091285397112819,0.0017939337006321,-2.3058450620415453e-07,1.0003683557010576
0.9227652286067336,0.0063528740243688,0.0013627751317765,1.7820386626426904e-06,1.000332875961491
0.924215792740348,0.0058984494564066,0.0012828393466761,8.996064562583037e-07,1.0003153388242187
0.9219363208257516,0.0090293484163213,0.0017799230972191,-1.4530918410795517e-07,1.000340981084782
0.92653735907737,0.004389731753203,0.000996819532260427,-4.414679406875874e-07,1.0002827133241512
0.9256960552900824,0.0062189182780585,0.0013392441797867,-1.769918747213387e-07,1.0002937969475594
0.9296357525057996,0.0029056449374331,0.0006878988421379451,-3.197923318790818e-07,1.0002427545719954
0.9310948928885406,0.0027529162669112,0.000654416893431294,4.5306461871319833e-07,1.000223910238582
0.9284099022782284,0.0041120871766168,0.000941989442569622,3.6486075778181934e-08,1.0002594324298564
0.9330445878603966,0.0017991119959384,0.0004385500574417963,1.910283010139684e-07,1.0001979319755032
0.9323379123172846,0.0024953021784594,0.0005971639874005468,6.786918320463633e-07,1.000206791505003
0.934779409867546,0.0011987852089625,0.0002964852574209233,7.286136783238576e-08,1.0001770212892724
0.9360139463184298,0.000692724051185649,0.00017347974891122225,-5.916450385110357e-08,1.0001626285486385
0.9344936615074452,0.0018016973068997,0.0004389766499821824,1.9082308700960465e-07,1.0001809098111216
0.9361341303265804,0.0012091395856391,0.0002991174791394016,-1.6704193226514284e-07,1.000161050257892
0.9374128439673912,0.000691572291310555,0.00017340454828880183,-7.593534497853632e-08,1.0001451738435077
0.9388117260392252,0.0006882191739889118,0.0001728733219943635,-5.306346436238431e-08,1.0001276930230472
0.937513326482858,0.0012179140602816,0.0003013959678824364,-1.6031939764219617e-07,1.0001438377401526
0.9389454045622746,0.0012137102054081,0.00030076532545377627,-1.0681090340132913e-07,1.0001259249814425
0.9402106420903664,0.0006827201734612766,0.00017135852622078175,1.0695975836731788e-07,1.0001086044786285
0.9403803323293608,0.0011731706524472,0.00029056370960591963,3.67446447706718e-07,1.000106510407144
0.9416096389348344,0.0006743593199591977,0.0001687253763988293,3.0281852445434704e-07,1.0000919395248422
0.9193937337799284,0.0379850300965519,0.0004884177328957972,1.2854680994950526e-08,1.0003744267508743
0.9185138321575418,0.0371637581787437,0.0006726073634478947,-1.1700837185642051e-08,1.0003854176710982
0.9177093306625874,0.0359990636151898,0.000918622407653692,-9.355715923442378e-09,1.0003944938384064
0.9218621683369348,0.0388398796680191,0.0002874407701539045,2.3548773172638227e-08,1.000343248666135
0.922027706095934,0.0393214137075439,0.00017019628369563354,1.3021630582107463e-08,1.000341132317554
0.9208518652261336,0.0380039363715213,0.0004840544411105407,-2.225070520054917e-07,1.0003556879623707
0.923252210884242,0.0388011249033883,0.000297029545576366,9.33026860825806e-08,1.0003260949687185
0.9234263035796404,0.0393178959379514,0.0001711480802376968,5.48967647605422e-08,1.0003237403238117
0.9183501844534676,0.0343994698366168,0.001227406958441,-1.2741708095681555e-06,1.0003851323089394
0.91557937419558,0.0258469431188014,0.0023355675074739,3.173979572691253e-07,1.0004227613586156
0.9163877850583972,0.0297694926282796,0.001939733327528,-3.770019721689495e-07,1.0004151266298908
0.9170778377739968,0.0276068400104159,0.002183479097776,-9.180622519043225e-08,1.0004070670142602
0.9180157814094204,0.0320476265042643,0.0016189659965775,-9.11152895910914e-07,1.0003889319991612
0.9163752703199608,0.0236713496777332,0.0024670558810239,4.244144489416226e-07,1.0004132271791304
0.9170855582813232,0.021477243835343,0.0025392157017272,6.908612105159477e-07,1.0004051331959949
0.9178486767040251,0.0193403937343277,0.002550209472695,5.32270025744788e-07,1.000396266521932
0.9188613833008203,0.017424555790471,0.0025106832160094,8.293381259274135e-07,1.0003813142737226
0.9196189122652076,0.0190461901728011,0.0025455695723968,7.144377550968156e-07,1.0003713757014907
0.919739475324588,0.015538725282427,0.0024266333852941,-1.5221273855261458e-07,1.0003703142972888
0.9204742072881196,0.0134570231370054,0.0022805049078716,-2.1386361483780642e-07,1.00036049592553
0.9212371759129612,0.0113004930769051,0.0020679530932948,-1.0584430547454595e-06,1.0003494119713352
0.9243437235258866,0.0082528168877318,0.0016687433775252,5.443698983985682e-07,1.0003109217243515
0.9233734159897314,0.0109508625198519,0.0020289879678663,7.445758988675252e-07,1.0003241568942036
0.9275742917398376,0.0062236686787306,0.0013393458843038,3.0940030113483694e-07,1.0002697559912266
0.9266676479686816,0.0086161818446205,0.0017218983191173,7.320711141088576e-07,1.000283019982101
0.93031820942758,0.0042102051360753,0.000960294648980194,6.228177995450987e-07,1.0002346036650989
0.932142031811352,0.0038660694893611,0.0008902557343971441,7.429196096898873e-07,1.00021077023629
0.9295000629567838,0.0060508283567112,0.0013082183876171,2.4225886915387304e-07,1.0002450051467202
0.9337499880947274,0.0029236926172,0.0006923461227887937,3.1892668327492365e-07,1.0001902336117394
0.93585384648652,0.0018272273852839,0.00044512563130780014,-1.9174554674659043e-07,1.0001643833597014
0.9350930120091312,0.0026711593332459,0.0006362781980890585,4.1497783496889914e-08,1.0001740546953315
0.9370894247338571,0.0019695029235581,0.0004780305576634841,-2.609236306712736e-07,1.000149141186684
0.9384824412605618,0.0019687125847026,0.0004782965157976499,-4.864900654928769e-07,1.0001317592295598
0.9399334534077092,0.0019043886639713,0.00046319268964279504,7.363267074638064e-07,1.0001133349722997
0.9417750508202286,0.0011397538168149,0.0002815232820585262,6.852572811782599e-07,1.0000897699039373
0.943008743119034,0.0006622303532054137,0.00016427319712059,2.528618393941444e-07,1.000071113851939
0.9413365859431287,0.0018722761317355,0.0004543837976198757,1.3316160071733572e-06,1.0000945324883823
0.9432233823919716,0.0011373253415881,0.00027868589215577,1.035503946172445e-06,1.0000697432177972
0.9444077742579432,0.0006434022499625796,0.00015844912545921562,9.445610943955582e-07,1.000062813456133
0.9447226451906426,0.0010987632448208,0.00026664096504653645,2.050964933635679e-06,1.000057514488396
0.9458062901927098,0.0006189169152301724,0.0001469615160434186,9.243664274333536e-07,1.0000338514818816
0.9243606493817104,0.0387760072022024,0.00030320700878696004,1.698409572335434e-07,1.0003119780431218
0.924825037384154,0.0393156598587964,0.00017196522702242503,6.574394601823663e-08,1.000306243782071
0.9200766900980428,0.0370125960921395,0.0007052375694686163,-2.0236484003201234e-07,1.0003657991423156
0.9193651288384695,0.0357800832890045,0.000962935070609245,-2.2951419155798637e-08,1.0003734578300325
0.9222302938855784,0.0380718205268709,0.0004685874312281611,3.344187226845882e-07,1.000338545268251
0.9214563009639032,0.0371679918034677,0.000671777505221288,4.3490266451341486e-08,1.0003480306400956
0.9235956804025062,0.0380934686125894,0.0004639329114959555,1.3541039833209621e-07,1.0003222859520535
0.9198653021824632,0.0337631026668138,0.0013417841726854,7.382043527170914e-07,1.000368894323003
0.9181562416988152,0.0255219057213217,0.0023610209402945,1.294329899612753e-07,1.0003918766901287
0.918550608746576,0.029355870243125,0.0019913087913814,1.2079909289694017e-07,1.0003848527717214
0.9189026488420288,0.0274330340218436,0.0021996844361559,6.361436443883998e-07,1.0003807924164347
0.920300607738156,0.0307481803292188,0.0018102290059776,-1.920127541682249e-07,1.0003637793539213
0.918741021158782,0.0230594297688266,0.0024941734615821,-1.1061546339884e-07,1.0003832423862278
0.9192878389292226,0.0208385613456166,0.0025479832274308,5.050878201848772e-07,1.0003754679923154
0.9212063601046658,0.0199106609638973,0.0025546117220759,-5.647115290273805e-07,1.0003540898398329
0.9211384427905724,0.0175848508059245,0.0025172413287589,1.602943429752269e-07,1.0003527260971092
0.9219513615603712,0.0152612539679113,0.0024108561740536,4.924002062873785e-07,1.0003419657007846
0.9226471127352704,0.0131342627924442,0.0022521012708107,-2.532167238116661e-07,1.0003326771915422
0.9256127329801233,0.0108478317731588,0.0020166683589269,-2.582022319679385e-07,1.0002940681879835
0.9247343741176968,0.0128793954288553,0.0022294887500667,6.206310784751587e-07,1.0003056792799911
0.9286337619505506,0.0084770920622553,0.0017016099689981,3.813458148578564e-07,1.000255643645511
0.9277582507778588,0.0109169717866093,0.0020253970673883,-1.0320181562639109e-07,1.0002678447978832
0.9314494597545948,0.0056649721253998,0.0012389353839422,8.055756389724074e-07,1.000220561362754
0.933323090204763,0.0048749174151328,0.0010919615956411,8.974289490913363e-07,1.0001969214057411
0.9306846363778684,0.0080501064096755,0.0016368348127573,3.3666499327628654e-07,1.0002296273535825
0.934915882352792,0.0040730785394994,0.0009328682897895326,-2.018536558552935e-07,1.0001773757111836
0.936443775222986,0.0030321760052509,0.000716528859787365,-2.1713669239638293e-07,1.0001578130819695
0.9378444868156808,0.0028032504597625,0.000665808998944405,-5.974378030536474e-07,1.0001413002011328
0.9393142352868386,0.0031733355997747,0.0007464225381443642,6.828045991550432e-07,1.0001203566818246
0.9407943291124364,0.0026663718876127,0.0006344579721681334,1.7145222993428177e-06,1.000102063638401
0.9429538532277498,0.0017134433661536,0.000414956677617944,1.930446560370925e-06,1.0000752737160468
0.9420956097724296,0.0027896497316056,0.0006600087063379826,3.5837152113928597e-06,1.0000835122721872
0.9444364856984558,0.0016724619135129,0.0004022552614726766,3.594043971943708e-06,1.0000598049694711
0.9461907479017868,0.0010412997589814,0.0002440387928925328,5.057377917382568e-06,1.000040120549601
0.9472042341147976,0.0005991386063084735,0.00013514366572139216,5.248398330005309e-06,1.0000697687044224
0.9458210741648676,0.0016429303201259,0.0003889053720475663,7.306098113171357e-06,1.000047377002888
0.9475938296730888,0.001024668406822,0.0002285478267591804,1.0022374758063867e-05,1.0000727253500747
0.9486019984544144,0.0005892494518476241,0.00011253320047448878,2.206624908951326e-06,1.0000437939627125
0.9260100236076272,0.0388003123945442,0.00029764301853909056,9.821098535153728e-08,1.0002912542373137
0.9262237145741938,0.0393160173922571,0.00017205801567079303,4.689240382951717e-08,1.0002882142371927
0.9248786122212868,0.0381680688314276,0.0004469159372462138,3.344470122199135e-07,1.0003055438412625
0.921322530409572,0.0356680510857499,0.0009874909744879226,9.351672592251228e-07,1.0003512375725434
0.9228967447874048,0.0368254841129333,0.000747398327320574,4.813368130212045e-07,1.000330659064819
0.9242056966158174,0.0374037501673774,0.000620177876574382,5.809559913316961e-07,1.0003142682097137
0.9217590285139332,0.0332066317440436,0.0014352084215616,-1.490959037720565e-07,1.0003438448480584
0.9200448196912568,0.0263959499914017,0.002292459055784,9.505244956074864e-07,1.0003683222311288
0.9203583608822722,0.0246236152288107,0.00241693880506,6.033639026518229e-08,1.0003620028362752
0.9207565623733156,0.0283337344710669,0.002109857819606,6.406606615274126e-07,1.0003585889846376
0.9223089549838702,0.0302949963713508,0.0018733671065636,7.121734907625946e-07,1.00033791494069
0.9211835440892544,0.0222514386670564,0.0025228816385807,-2.150886898966157e-07,1.0003525483902982
0.9229927474412974,0.0190182585599497,0.002546362043899,1.3223264222978166e-07,1.0003313523430426
0.9227883383557408,0.0208305023737765,0.0025478010541207,-3.319711978444601e-07,1.00033225192502
0.9234394886208912,0.0169103711315463,0.0024927508966158,-9.561382998558003e-07,1.0003237318848928
0.9241121416546207,0.014956972889068,0.0023914627025203,3.6206608787009515e-08,1.0003154268773304
0.9268628824765678,0.0129356619950431,0.0022348884628504,-3.577428675311135e-07,1.0002785152392886
0.9257978448820076,0.0144513503280773,0.0023568624331096,2.5104412005317256e-08,1.0002917247962917
0.9299159945913908,0.010694783444754,0.0020000724275737,5.435613304483378e-07,1.0002393139573889
0.929053399487892,0.0131140845228354,0.0022524591212294,-3.355969127434565e-07,1.0002500549215194
0.9344555229374012,0.0063062102206949,0.0013561236372379,-1.0392751855725768e-07,1.000184653985646
0.9326931133518812,0.0071889241493551,0.0015016207797665,7.953812141328806e-07,1.0002048749830623
0.9319216770582734,0.0100330767489556,0.001918016913528,-2.4642735275995695e-07,1.00021240385719
0.9362568554702522,0.005075138019186,0.0011289910225753,-3.705885473606281e-08,1.0001599241046362
0.937850807834321,0.0042271419975936,0.0009646339199547578,-7.983177153953706e-07,1.0001422602643455
0.9359758837352268,0.0071928213434483,0.001500056404927,7.175571382794599e-07,1.0001596442955083
0.9393091980533496,0.0047232828284754,0.0010591213298762,1.046579528642055e-06,1.0001184964096053
0.9410221709190552,0.0040667535237412,0.000931627252783329,3.935276785338008e-06,1.000096732574642
0.9436886234344278,0.0026836374542241,0.0006339492818374296,4.208610363848576e-06,1.0000678403197922
0.9427601541251536,0.00380099524628,0.000875653834882057,5.287272345357845e-06,1.0000766820528295
0.9452957767976148,0.0026777737438617,0.0006294732475514089,1.0229416267723883e-05,1.0000498143207033
0.9472253747461644,0.0016848709094588,0.0003905121622027824,1.5506944562882443e-05,1.000043562732291
0.946634804325748,0.0024698095962009,0.000577626681256237,1.5355975666940944e-05,1.0000407489164576
0.9274246331800572,0.0388019011217023,0.0002973142284982423,-4.9680977610516833e-08,1.0002718641735595
0.927622187612714,0.0393163098310931,0.0001720066113818923,-2.9414398322594955e-08,1.0002692235629211
0.9261705139259604,0.0381959314678548,0.0004406044226932249,1.4458063501119485e-07,1.0002886010768572
0.9253794712294,0.0372701391778726,0.0006501941000034746,3.180013078825827e-07,1.0002984214748822
0.9230827534172592,0.0351723298921217,0.0010832698418383,-2.40632361532672e-07,1.000327559923955
0.9243839578171984,0.0362009767023559,0.0008783314383224336,1.4166375654431444e-07,1.000312092511672
0.9236031364294492,0.0326355342702221,0.001527687573441,-5.138372637198077e-07,1.000319808623262
0.9217877869849618,0.0262939025885935,0.0023010434637355,9.71420052809024e-07,1.0003423033696583
0.9225405150079856,0.0243917680782013,0.0024296861127809,-1.6454958264877564e-07,1.0003325347839136
0.9230622777606862,0.0281872152535806,0.0021247748147181,2.6690366675142775e-07,1.000328756499121
0.9240799758915154,0.0301896903642793,0.0018870883385278,8.735127501574058e-07,1.0003147460663246
0.9246587898470926,0.0183854447661985,0.0025346429576974,1.0493247533217029e-08,1.000306651638498
0.9236315333249392,0.0226104395142246,0.0025104246508545,1.2250303179168743e-06,1.0003218717003908
0.9247250649606684,0.020487755212684,0.0025523620888428,3.043361303672275e-07,1.0003061821776444
0.9258073912636674,0.0165589067916573,0.0024796061831422,9.827367416218774e-08,1.00029097557985
0.9274724349634,0.0149260038089806,0.0023902854302059,-1.4365701187787707e-06,1.00027066467554
0.9292887792220664,0.0152453346617799,0.0024091538633691,2.3223981843810746e-07,1.000245957578207
0.9313158935655224,0.0123909373984142,0.0021842285226355,-4.689573033958267e-07,1.000222720191689
0.9308536921950636,0.0144845624628324,0.002360012520613,7.662558769060812e-07,1.000227976088368
0.9342637600736516,0.0094405490423153,0.0018407998368444,-4.977899277454942e-07,1.0001832675040874
0.9333700580941316,0.011922393495048,0.002137358552367,4.778249411714077e-07,1.0001951638736637
0.9379603992077092,0.0066720785879407,0.0014163551909307,-1.6464630997491233e-07,1.0001353816217249
0.9366905070578844,0.0093846644452562,0.0018329665277228,9.589149362066415e-07,1.000152472187487
0.9403895671214046,0.0064431240019412,0.0013763856136446,2.314089512739276e-06,1.0001055729195576
0.9425562414952976,0.0056655782840298,0.0012407775766867,4.270560390654463e-06,1.00007892912452
0.9444978812216612,0.0044557332292687,0.0010112525288545,8.271351892820839e-06,1.0000543914144868
0.9465493063497626,0.0037116436052026,0.0008566937556681162,1.4726808406070908e-05,1.0000276594569664
0.9288026380316036,0.0388133729452412,0.00029433588947242405,-1.367253977383851e-07,1.000253502099849
0.9290205807371243,0.0393134432580241,0.00017252680400846052,-5.999620311465803e-08,1.0002504785654918
0.9301575836257358,0.0388264650627996,0.00029083954092730093,-2.012432239514724e-07,1.0002356077222485
0.9276768809661132,0.0380891663856879,0.0004650026790777619,-2.5640026798104336e-07,1.000268467512523
0.9268074480186448,0.0371161100084307,0.0006833479257579746,-1.9320461319657646e-07,1.0002798681140457
0.9258960449275272,0.0358048836541189,0.0009576509368291328,-7.303395418593182e-07,1.000290972532177
0.9248297744936724,0.034297313361635,0.0012446605788148,-1.2505864134298268e-06,1.0003038288944337
0.92511444098335,0.0318330266746939,0.0016524878924348,-9.635328048356977e-07,1.000298270305945
0.9239914601276976,0.0263864839733028,0.0022929970185181,1.9872324132978706e-07,1.0003147471441691
0.924941942321418,0.02458419933383,0.0024191313929094,3.777836202298753e-07,1.000303996317159
0.9252378121192528,0.0282446381165894,0.0021177299756537,1.0476621356412712e-06,1.0002991254322904
0.9258193836732074,0.0299575571082037,0.0019153343338227,-3.49584489184012e-07,1.0002916495209138
0.9264914332981532,0.0189052182700177,0.002543017727462,-7.547069334249165e-07,1.0002802344828654
0.9257876731651276,0.0227590929891272,0.0025053281092999,-1.9823539592864442e-07,1.0002912923836764
0.926724939252933,0.0209052825377675,0.0025459423252106,-3.357403283297647e-07,1.000279120349033
0.9282536632889732,0.0172770859771354,0.0025080797789544,-1.0699430262024707e-07,1.000260382047793
0.9305371674637728,0.0165382591181401,0.0024786711638486,-5.513938191482191e-07,1.0002345998491078
0.9327477266353053,0.0139569245535504,0.002320149511945,-4.67591570938299e-07,1.0002041668110129
0.9321791869536976,0.0156621279351462,0.0024339221526396,2.8050754459053306e-08,1.0002112892098474
0.935592026320753,0.0117875056849096,0.0021216904951869,-1.0764766396910164e-08,1.0001687380020277
0.9344748936412268,0.0134993696172269,0.0022837874147579,2.1133309687155847e-06,1.0001786869527252
0.9375738020427968,0.0117669427764244,0.0021167606319171,2.2737749187351077e-06,1.00014069174814
0.939249975181526,0.0096583774796842,0.0018708485215636,1.8241821952402384e-06,1.0001186368210313
0.9420255471758224,0.0086983724927655,0.0017342744847198,6.967239910133064e-07,1.0000846765374474
0.944256718744608,0.0069654558434127,0.0014694361628217,2.9881438823885327e-06,1.000051493322749
0.946378347604766,0.00568504842787,0.0012530279818402,8.644155460776853e-06,1.000019552182659
0.9304191643175168,0.0393079636032652,0.00017365361075046096,-7.65677851004762e-08,1.0002322570058058
0.9315776241601584,0.0387979319465406,0.0002971390737328095,-1.9761935415355654e-07,1.0002169972840118
0.9290942117807665,0.0381081611555899,0.00046030819514247806,-2.843657357382913e-07,1.0002495725853426
0.9306200701599362,0.0380112449927468,0.0004817906286776629,-6.712764816452776e-07,1.000229728292904
0.92831326633693,0.0370503630695104,0.0006971052052387566,-7.881606598277263e-07,1.0002598902998951
0.927484866186952,0.0355664338806592,0.0010043172572665,-8.960585435700159e-07,1.0002703179923058
0.9264823882767724,0.0338399068650414,0.001326038984043,-1.258635662053508e-06,1.0002818556623163
0.926999452169914,0.031223955312113,0.0017452752487412,-5.022958734103204e-07,1.0002753135458229
0.9263784265885572,0.0266167695547827,0.0022742746857575,4.79963885799335e-07,1.000285780776368
0.9271906716361772,0.0246879377088853,0.0024128411839606,6.336131922948963e-07,1.0002757807830187
0.9274160711385402,0.0288445569523612,0.002054162714578,4.064971118697872e-07,1.0002711397898243
0.92857642171663,0.0200638534762375,0.0025532728115943,2.595410491137776e-07,1.0002566716883603
0.9284434201178102,0.0226064748095568,0.0025106528271254,-1.953447147296325e-07,1.0002584746823349
0.930519980823896,0.0187892223097653,0.0025412091329832,6.372006665328431e-07,1.0002318139244428
0.932505286031671,0.0175671961267796,0.0025136368427331,1.7150080703198567e-06,1.0002051880218088
0.9343320212698226,0.0157840360302463,0.0024405453616955,6.754630126298664e-07,1.0001793891524906
0.9367753112173186,0.0141153897116379,0.0023355376535322,7.215270480246825e-08,1.000150343172823
0.9393389396289936,0.0130197852324744,0.0022475487971389,-8.404004216388764e-07,1.000119140855672
0.9416540412778956,0.0118008262792097,0.0021258866232757,4.216972955211203e-07,1.0000884310168665
0.9440357160398553,0.010471276541619,0.0019747410935094,8.72138395825036e-08,1.0000544649288157
0.9460964567659884,0.0088505434898971,0.0017605198950037,9.148490775378346e-07,1.0000197464735538
0.9318180671554056,0.0393038231013634,0.00017430545150169782,-9.40113537233218e-08,1.0002136995408175
0.9329039027687722,0.0388374013921587,0.00028745212906178497,-1.5322006241095498e-07,1.000199983012992
0.9319746972080268,0.0379900254905772,0.0004862440888508792,-3.740888054659997e-07,1.0002120174164324
0.9298824244873368,0.0368599233292998,0.0007374848684659598,-1.0908710287819357e-06,1.0002398414990747
0.9311660397740906,0.0370081699716001,0.000705004087386277,-9.37748940650527e-07,1.00022284561242
0.9291733495781186,0.0355245114802416,0.0010121121469571,-9.471133048229536e-07,1.0002476649635332
0.928229253163045,0.0335433430540763,0.0013774985569874,-1.1249225381519385e-06,1.0002591016152371
0.9292084946760844,0.0310670145746396,0.0017690143039284,2.8123321459417826e-07,1.000249375051638
0.9284314823457446,0.0266865617734698,0.0022683459713338,6.824208256481732e-08,1.000256873127234
0.9291199991436006,0.0248548200103359,0.0024010357056272,-4.498785890096146e-07,1.0002486551591911
0.9297125142037616,0.0286579709896118,0.0020747142447795,1.5130768083834604e-07,1.0002447587475274
0.930627043755232,0.02132808477029,0.0025419623396802,2.6764172183018655e-07,1.0002312638938766
0.9307632108006672,0.0238360796979625,0.0024600300011742,9.685287498554634e-07,1.000228781955531
0.9326751701659456,0.0200393272089443,0.0025518604020152,4.723791212314575e-08,1.0002031284094337
0.9347881895816796,0.0185903294377602,0.0025409890276533,-2.189538411149135e-07,1.0001755710603175
0.9368783042679906,0.0171207942063592,0.0025016491320032,4.391342170681807e-07,1.0001494398595971
0.9391755114853244,0.0157601482566526,0.0024391629336211,2.6535219711593172e-08,1.0001183952260817
0.941482055029454,0.0145053764288606,0.0023633911843901,4.846904250943463e-07,1.0000910651508874
0.9437249763774151,0.0132526742014022,0.0022661696654822,1.5188215376593035e-07,1.0000611657452831
0.9458889181586486,0.01199358560161,0.0021470343302264,-7.258802457468529e-07,1.0000322644672135
0.9332171186086452,0.0393048498142852,0.0001738719464062498,-3.153735352826008e-08,1.0001961133382793
0.9342262599337312,0.0387364543860319,0.0003112657098344309,-3.5592570026921746e-08,1.000183611847275
0.93334600443673,0.037929270660054,0.0004997564688529209,-3.756081154148817e-07,1.0001945694394323
0.9323777061981638,0.0368191523801356,0.0007452947009999396,-6.173115112481551e-07,1.0002060353583329
0.9310787436469508,0.0355474193686111,0.0010078855255379,-1.4011483825029885e-06,1.000223415925987
0.9300813694295784,0.0334736992203583,0.0013901787709532,-4.051961256322357e-07,1.0002360781946855
0.9311841987116616,0.0309803841900626,0.0017827577561118,-5.015464339391459e-07,1.0002222957635531
0.9307712108994666,0.0264568673063834,0.0022889407865716,-8.469934046402418e-08,1.000228914308536
0.9315376347433242,0.0285969934890211,0.0020804638968089,-7.406518328924936e-07,1.0002185275216686
0.932775157477866,0.0226577511137373,0.0025089409209242,2.628268007207952e-07,1.0002028817889592
0.9327738146831652,0.0252557410547701,0.0023773567678043,2.262867598165765e-07,1.000202851582891
0.9348462001652444,0.0213030680787497,0.0025422942488785,-5.201213484680125e-07,1.000174614527232
0.9370193481810069,0.0199084556924882,0.0025537245892394,-1.1462926951578103e-07,1.0001474643784751
0.9391794441314462,0.0185666350942943,0.0025412820908487,4.510918048196134e-07,1.0001202910254976
0.9413983155891612,0.0172303243935869,0.0025045326348976,-2.0789084032052632e-08,1.000091478985185
0.9436122994459534,0.0159304335337242,0.002449071212043,1.7218926695974325e-07,1.000064046895187
0.945770568473132,0.014638435730641,0.0023728604460191,-7.216751549122102e-07,1.000036570756693
0.9346160306608798,0.039310576781349,0.0001723114272029393,-5.37739832049134e-10,1.0001784866979322
0.9355262279919536,0.0387412028758518,0.0003101725959433641,-3.991657373464853e-09,1.000167009175289
0.9346721373550616,0.0379523285922907,0.0004943561553170972,1.2551957275724426e-07,1.0001780254985455
0.9338836639445144,0.0369989912585847,0.0007064289121755983,-1.2344075232724845e-07,1.0001879198811976
0.9329682225314416,0.0355313675938877,0.0010102959274551,-1.107572569193472e-06,1.000200154246507
0.9319020935299264,0.0336151116047547,0.001366374447922,-1.4293190983919114e-06,1.0002120635595224
0.9328112451593789,0.0317553502342887,0.0016664428551237,1.4595252546151e-07,1.0002014908826729
0.9330360392395785,0.0296965492177636,0.0019500024018101,-1.6656656671959406e-06,1.000198176023429
0.9330323341003928,0.027520727662785,0.0021930109463638,4.757409463891271e-07,1.0002008464977317
0.9348298161701204,0.0239337073703736,0.0024542157208682,-3.936317840352679e-07,1.0001759823591447
0.9347505318252182,0.026439144818251,0.002291494884359,-3.053419629490609e-07,1.000178211212804
0.9369818211155888,0.0226563503956504,0.0025084525377967,-2.3230416134124317e-07,1.0001470773652843
0.9391928508040528,0.0213462253939048,0.0025423538601035,3.210790093703177e-07,1.0001193749728354
0.9413754422182335,0.0199811982672569,0.0025539381467992,5.145105275906589e-07,1.000092743915533
0.943564122437734,0.0186347492777039,0.0025413762594535,-1.523124141092137e-09,1.0000650582793502
0.9457333340324886,0.017311011810906,0.0025078686215486,-4.136507890667362e-07,1.00003912122506
0.9360146830082554,0.0393178930315445,0.00017059079292359932,-1.3990170115571165e-08,1.0001610117484203
0.9372135072059607,0.0388267212795959,0.0002895942968178567,-6.689104672443698e-08,1.0001457976706207
0.9361858767049718,0.0380000347606103,0.000483421990490634,-1.664493606798874e-07,1.0001587312057203
0.9376656627366148,0.0380790694659772,0.0004650185870945555,-2.2862929423496346e-07,1.0001406160243445
0.93545134695661,0.0368602346505688,0.0007360702679336823,-6.355811120482367e-08,1.00016822163417
0.9346742169268496,0.0354914045172263,0.0010180861152243,3.7341201310090153e-07,1.0001788950082702
0.9338635252031708,0.0336733125964185,0.0013565883162973,-2.1747017433381322e-07,1.000190715143891
0.9344231918050222,0.0314047906218046,0.001719992711584,-1.0634645496085477e-07,1.0001806581499475
0.9350617873762372,0.0288960516685302,0.0020491426965891,-2.2851162663731105e-07,1.0001738701051142
0.936851372023442,0.0252899646747452,0.0023739443772739,-1.3815505475273616e-06,1.0001486770324757
0.936533712198192,0.0273812632698137,0.0022057541502625,1.656767732531586e-08,1.0001524053904889
0.939151324519775,0.0241564244740513,0.0024450563313465,6.007572640805683e-07,1.0001194142775145
0.9413642670204092,0.0227419279849481,0.0025062478800466,4.891249679754107e-07,1.000092624009785
0.9435500596871204,0.021352901212819,0.0025420773917714,5.22231222795756e-07,1.0000658776859848
0.9457147985704484,0.0199967650651905,0.0025531332691081,1.50505182327751e-07,1.0000401156346843
0.9374131339045864,0.0393242079836211,0.0001689086205018192,-1.686380188570249e-08,1.000142995530919
0.9386242876665573,0.0388526050869608,0.0002833698276621215,-6.27212515244161e-08,1.0001283339638647
0.9388567544677092,0.038278227372788,0.0004190056984281128,4.3423466769654475e-09,1.00012502186175
0.937058320359267,0.0369773818842046,0.0007107819144277758,-6.23572264006482e-07,1.0001483004816258
0.9382582468264228,0.0373491507155222,0.0006294634677342175,-2.062541007558169e-08,1.0001331556663535
0.9364080169364394,0.0355742720684803,0.0010015681652972,-3.406643547009494e-07,1.000155056710283
0.9355418586426884,0.0335687792770928,0.0013746974372688,6.910922334320534e-07,1.0001661946229905
0.9361798100569924,0.0311705177804941,0.0017536306375672,-2.261452190367113e-07,1.000159443722099
0.9373483090404304,0.0291104774128118,0.0020215355139508,1.7145395252612705e-06,1.0001450229830702
0.9380240918701632,0.0312675719689809,0.001739207653738,-3.952749835282124e-07,1.000134912345863
0.9388352507260488,0.0270959981594644,0.0022332503210882,-8.3450108125415e-07,1.0001206777006435
0.9413296659195104,0.0255460098242957,0.0023604330951271,1.9789599094956626e-07,1.0000930565700823
0.9435552499516994,0.0240716545612546,0.0024494711822799,2.743720209075696e-07,1.0000653396300785
0.9457164469852198,0.0226827736062646,0.0025086784408435,7.386378729394632e-07,1.000039823291919
0.9388116015208936,0.0393273156272502,0.0001681513464350574,-1.7067157528120354e-08,1.000125781501403
0.9400031877457574,0.0388457111233054,0.0002847593890401864,-1.711322896064221e-07,1.0001106065091123
0.9401895845422436,0.0382616922914307,0.0004223581192395599,-5.237355631844357e-07,1.0001084114968826
0.9394845365352554,0.0372240543937675,0.0006569457432675699,-5.340260662876472e-07,1.0001164578628832
0.9384161740101444,0.0359410735704509,0.0009283650271671388,-3.2546364900889533e-07,1.0001319947393912
0.9376814360384904,0.0337677519071249,0.001340926319868,-1.1621432313142398e-06,1.0001388130186326
0.9395021047028046,0.0299141062066791,0.0019254353398682,-1.888920296914482e-06,1.00011641318872
0.9392863239507044,0.0322357993418724,0.0015931408923161,-2.0632081313030785e-06,1.000116377118352
0.9411288240933172,0.0288565378075646,0.0020565635018368,5.110291890026782e-07,1.000093307215849
0.943593178171067,0.0268158017161688,0.0022576829457852,8.13050718744082e-07,1.0000610577091498
0.945743326344354,0.0253691532706205,0.0023706208335697,1.653849084478357e-06,1.0000363798668677
0.9402104307690968,0.0393284845587135,0.00016762246066010346,-4.7084384784383456e-08,1.00010740343028
0.9413493440138028,0.0388682548277161,0.00027884072850659173,-4.035514127145914e-07,1.000094201257353
0.9408215225572631,0.0374354554094806,0.0006097113462407274,-1.1094413671178235e-06,1.0001013805895138
0.94153138060751,0.0383198879032084,0.0004081343272103687,-7.882902262538146e-07,1.0000918519675726
0.9404003388233496,0.0360182709293145,0.000912384306078152,-1.9463583801296413e-06,1.000106698900202
0.9398701366609866,0.034253440579415,0.0012499815212578,4.076212860948449e-07,1.0001126589272002
0.9413538504810768,0.0319761260471618,0.0016353567429015,-1.418980160003621e-06,1.0000879133103948
0.9436807971972346,0.0296956259826689,0.001956386135954,-1.11841807082331e-07,1.0000616462546903
0.9458187297705322,0.028020759622147,0.0021463260099225,5.217812136947867e-07,1.000033009463416
0.9416097082231624,0.0393347072525865,0.00016578809779562017,-2.044395489599866e-07,1.0000911852036154
0.9426250422044786,0.0389330161345588,0.0002622298097101243,-5.01404388746608e-07,1.000077490285462
0.9421069318992114,0.0374945922942718,0.0005952678986887163,-2.010441603471169e-06,1.0000847005797386
0.9417797986138896,0.0365984953958971,0.0007898115843841616,-1.8120507612469749e-06,1.0000890409129426
0.943026416286405,0.0381512988413424,0.00044512202975577694,-2.1659690007694272e-06,1.000073359826789
0.9421837654588268,0.035110418445948,0.0010942193306846,-4.2334584888309855e-06,1.000081735719393
0.9440255005918692,0.0331339239905236,0.0014513023834703,-2.75062740843331e-06,1.000056001998246
0.9459719145417884,0.0311189965102814,0.0017650376092269,2.6121544426407056e-07,1.00002276402301
0.9430090769792404,0.0393504364214896,0.00016082864928951138,-1.61787497231611e-07,1.0000704540763374
0.9440423356083754,0.0388624249073096,0.0002765500909969088,-2.07073941234792e-06,1.0000636960278229
0.9433864343307966,0.0369337399004706,0.0007177491795856949,-5.395087016039176e-06,1.0000673431009803
0.9445863493031544,0.0380942269887115,0.0004542531516018768,-5.191214281240244e-06,1.0000572586408352
0.9446666534309544,0.0356566225780026,0.0009866021640638253,-8.764651028413682e-06,1.0000536091091805
0.9463047322422016,0.0341936110063962,0.0012741099761408,-8.368273884888683e-06,1.0000198439023682
0.9444080943921968,0.0393743431205096,0.00015351564934878843,-1.0370190212669425e-06,1.000061165357204
0.9455580812596592,0.0389082081182294,0.00025972822643307187,-2.6745208370573866e-06,1.0000456927170196
0.94544418287192,0.0371977673850825,0.0006550172344826146,-1.0636061136877812e-05,1.000048456754805
0.9461295478598948,0.0383214785942758,0.0003936197031496865,-8.684598359632017e-06,1.0000469634846083
0.9467147886828948,0.0362519184247471,0.0008643257560518629,-1.4762970596453724e-05,1.000022890342503
0.9458064738851168,0.0394017761399872,0.00014138811777871608,-4.702255440465909e-07,1.0000334790760996
0.9469622427244444,0.0390191665409478,0.00022477480387786636,-7.91955581250413e-06,1.0000548679333896
0.9471353222517984,0.0378445829346222,0.0005015047537682134,-1.485127512908704e-05,1.000037589285183
0.947240380048098,0.0385638448667332,0.0003298492866235529,-1.2292990874436443e-05,1.0000560582594928
0.9472043203458336,0.0394232324847098,0.0001309396658554449,-5.062437086213778e-06,1.0000730941193217
0.9482543525204415,0.0390213588600979,0.00021271365302496552,-6.129951377555545e-06,1.0000634184026886
0.948602027173682,0.0394339606570711,0.00010545839783381065,-2.551366182542839e-06,1.000040592901883
0.0,0.0197218958716692,0.0002839691044338291,-2.0294325044378637e-07,1.012654166837326
0.0013914368774564,0.0197218958716692,0.0002793324042834751,-3.815369853969707e-07,1.0125452188998625
0.0,0.02,0.0,0.0,1.0126550395155731
0.0013914368774564,0.02,0.0,0.0,1.0125431069266808
0.0,0.0,0.0,0.0,1.0126834627074643
0.0013888888888888,0.0,0.0,0.0,1.0125536264695485
0.0,0.000266078634347919,0.0002717750342620277,1.3208543074514942e-07,1.0126841654661474
0.0013888888888888,0.00026607863434791924,0.000267533533009616,4.480823964007683e-07,1.0125551803033326
0.0027828737549128,0.0197119174706145,0.00028847914531590803,-4.686557595448436e-08,1.0123989440183645
0.0027828737549128,0.0199999999999999,0.0,0.0,1.0123994400547571
0.0027777777777777,0.0002760336417934424,0.00027594094992897507,3.0549110140806575e-08,1.012421604740134
0.0027777777777777,0.0,0.0,0.0,1.0124217432502591
0.0041666666666666,0.00028497455292782886,0.000285955483457224,-3.3901859781289055e-07,1.012311776755636
0.0041666666666666,0.0,0.0,0.0,1.0123124094687053
0.0041743106323693,0.0197014063768782,0.0002996660619977747,3.443964420783684e-07,1.012294880248088
0.0041743106323693,0.0199999999999999,0.0,0.0,1.0122955275879688
0.0055555555555554,0.000291181668061396,0.00029433127378979444,-8.418459963978485e-08,1.012164315096994
0.0055555555555554,0.0,0.0,0.0,1.0121647445166533
0.0069444444444443,0.0002955804142040735,0.0002984131766331813,1.3779098127171163e-09,1.0120205963174442
0.0069444444444443,0.0,0.0,0.0,1.0120207791550575
0.0083333333333332,0.0002992255147077832,0.00030342613645585007,-2.6835710367376095e-07,1.011886427264073
0.0083333333333332,0.0,0.0,0.0,1.0118870037386418
0.0055657475098257,0.019692356501594,0.00031154350986436694,2.991519497947089e-07,1.0121548774652267
0.0055657475098257,0.0199999999999999,0.0,0.0,1.0121561222277653
0.0097222222222221,0.0003023091217400986,0.0003074546604021086,5.6332117988495455e-08,1.0117337223538836
0.0097222222222221,0.0,0.0,0.0,1.0117338608957656
0.0069571843872822,0.0196856998856568,0.00032024365560541035,3.164786837919192e-07,1.012022841787205
0.0069571843872822,0.0199999999999999,0.0,0.0,1.012023292511475
0.011111111111111,0.0003048704531012571,0.0003090215257743084,1.5936194026286197e-07,1.011596336173964
0.011111111111111,0.0,0.0,0.0,1.011595738298139
0.0083486212647386,0.0196812794094754,0.00032645043608624014,4.956637150164442e-08,1.0118676594090783
0.0083486212647386,0.0199999999999999,0.0,0.0,1.0118676733402772
0.0097400581421951,0.0196786741340772,0.000328033049430313,-2.5810847210655705e-07,1.0117089932975625
0.0097400581421951,0.0199999999999999,0.0,0.0,1.0117084010004718
0.0124999999999999,0.0003073204812667311,0.00031040308252624387,6.906054900246336e-08,1.0114531703448384
0.0124999999999999,0.0,0.0,0.0,1.0114532767733644
0.0111314950196515,0.0196774306716323,0.0003278401877597112,-1.657267442928297e-07,1.0115645164499598
0.0111314950196515,0.0199999999999999,0.0,0.0,1.0115641158962292
0.0138888888888888,0.0003098889451340989,0.0003143633214627419,-4.283522418440297e-07,1.0113290446838816
0.0138888888888888,0.0,0.0,0.0,1.0113299391010042
0.0125229318971079,0.019676934432821,0.000327126773717954,-1.500406592949545e-07,1.011422290796021
0.0125229318971079,0.0199999999999999,0.0,0.0,1.0114220329424135
0.0152777777777777,0.0003122166489474234,0.00031966061095569726,-2.516961535212e-07,1.0111811799248709
0.0152777777777777,0.0,0.0,0.0,1.011182143538629
0.0166666666666666,0.0003138067018552499,0.00032148350905198634,1.394276788203888e-07,1.0110331996667523
0.0166666666666666,0.0,0.0,0.0,1.011032705931606
0.0139143687745644,0.019676616962438,0.00032703557868532605,7.933969654698954e-08,1.0112871023138592
0.0139143687745644,0.0199999999999999,0.0,0.0,1.0112875352922384
0.0180555555555555,0.0003145634097524143,0.0003204913852921946,2.854446548649288e-07,1.0108810948380582
0.0180555555555555,0.0,0.0,0.0,1.0108804856915876
0.0194444444444443,0.00031465747973749006,0.0003193877004780004,9.771550991350033e-08,1.0107517234832883
0.0194444444444443,0.0,0.0,0.0,1.0107511464997256
0.0153058056520208,0.0196761345001191,0.0003289295415797109,2.899654053487333e-07,1.0111532018284308
0.0153058056520208,0.0199999999999999,0.0,0.0,1.011153849877494
0.0208333333333332,0.0003143633246453023,0.00031781894356095115,1.7862139585346606e-07,1.0106054125785822
0.0208333333333332,0.0,0.0,0.0,1.0106053318810695
0.0166972425294773,0.0196755857436707,0.00033137109316257857,1.754538074641877e-07,1.0110123469639964
0.0166972425294773,0.0199999999999999,0.0,0.0,1.0110128716837778
0.0180886794069337,0.0196754391307283,0.00033181259316365,-2.0769984075436365e-08,1.0108655056444915
0.0180886794069337,0.0199999999999999,0.0,0.0,1.0108655982557178
0.0222222222222221,0.0003142221474458697,0.0003180403101543231,-2.111375918537713e-07,1.010488466104158
0.0222222222222221,0.0,0.0,0.0,1.010488473649554
0.0194801162843902,0.019676171717428,0.0003311568981302178,-3.9169016208721835e-09,1.0107274636517318
0.0194801162843902,0.0199999999999999,0.0,0.0,1.0107273402483057
0.0208715531618466,0.0196778763482172,0.0003288458176733526,-1.1825837603363483e-07,1.01058420702088
0.0208715531618466,0.0199999999999999,0.0,0.0,1.0105840983237488
0.023611111111111,0.00031462190232669184,0.0003189052311942407,7.28368323732433e-08,1.01033701817748
0.023611111111111,0.0,0.0,0.0,1.010337434368009
0.0222629900393031,0.0196798692147632,0.0003272202178270056,3.114264318814732e-07,1.0104529129176432
0.0222629900393031,0.0199999999999999,0.0,0.0,1.010453978965281
0.0236544269167595,0.0196811754144457,0.0003294741650210968,5.642082045048402e-07,1.0103189938985475
0.0236544269167595,0.0199999999999999,0.0,0.0,1.0103202462883358
0.0249999999999999,0.0003153142045733545,0.00032017323799548046,-2.2581801389247779e-07,1.0102200881796248
0.0249999999999999,0.0,0.0,0.0,1.010219974552865
0.0250458637942159,0.0196813846967346,0.000331800955815805,1.7360466444666556e-07,1.0101561256061296
0.0250458637942159,0.0199999999999999,0.0,0.0,1.0101571078312055
0.0264373006716724,0.0196807385494896,0.0003338877038768238,2.3817533680832587e-07,1.010010406256139
0.0264373006716724,0.0199999999999999,0.0,0.0,1.0100106965763025
0.0263888888888888,0.00031579456476799663,0.0003205614024774853,2.9862176436136533e-07,1.0100578068454684
0.0263888888888888,0.0,0.0,0.0,1.0100575226701247
0.0277777777777777,0.000314993907866243,0.0003176270906431401,2.057123100298693e-07,1.009929845497462
0.0277777777777777,0.0,0.0,0.0,1.009928760549425
0.0278287375491288,0.0196797695749019,0.0003355851157553382,-8.276415252334863e-08,1.009841594616784
0.0278287375491288,0.0199999999999999,0.0,0.0,1.0098416314777792
0.0292201744265853,0.019678983776634,0.0003355977268398938,-8.101703003235183e-08,1.0096881303148628
0.0292201744265853,0.0199999999999999,0.0,0.0,1.009687726671974
0.0291666666666666,0.0003121237096494453,0.0003129261575785523,3.32495942404569e-07,1.0097810162484793
0.0291666666666666,0.0,0.0,0.0,1.0097804925428913
0.0306116113040417,0.019678900803843,0.000335193757842362,-5.7373566184755e-08,1.0095271541611186
0.0306116113040417,0.0199999999999999,0.0,0.0,1.0095273080210037
0.0320030481814982,0.0196799730983075,0.000334478483471415,1.821962238753671e-07,1.0093803383484672
0.0320030481814982,0.0199999999999999,0.0,0.0,1.0093806636864555
0.0305555555555555,0.00030864901692172827,0.000308137498230909,-1.157860229193083e-09,1.009664837975921
0.0305555555555555,0.0,0.0,0.0,1.0096642660635502
0.0319444444444444,0.00030704644310352094,0.00030585009590681,3.260904168574197e-07,1.0095229230490963
0.0319444444444444,0.0,0.0,0.0,1.009522191358729
0.0333944850589546,0.0196820984638313,0.0003334450671375184,6.825284186467774e-08,1.009222258012745
0.0333944850589546,0.0199999999999999,0.0,0.0,1.0092226347136926
0.0347859219364111,0.0196848635792587,0.00033047610456638616,-5.1220333188430124e-08,1.009070970692905
0.0347859219364111,0.0199999999999999,0.0,0.0,1.0090708672642492
0.0333333333333333,0.00030794597176075954,0.0003034691520382686,4.002721517778748e-07,1.0094000794464917
0.0333333333333333,0.0,0.0,0.0,1.009398961195617
0.0361773588138675,0.0196883719452659,0.0003269217571524189,1.1609782100798013e-07,1.00892270320578
0.0361773588138675,0.0199999999999999,0.0,0.0,1.008923153556894
0.0347222222222221,0.0003097376908232578,0.0003037958164187374,1.4967507029291776e-08,1.0092891777381223
0.0347222222222221,0.0,0.0,0.0,1.0092889617368903
0.037568795691324,0.0196942132030111,0.0003232278571511026,5.764359229020104e-07,1.0087770123541422
0.037568795691324,0.0199999999999999,0.0,0.0,1.008779076477752
0.0389601554499777,0.0197039955455424,0.0003189391969003123,9.597213572925745e-07,1.0086282864194571
0.0389601554499777,0.0199999999999999,0.0,0.0,1.0086312929102872
0.036111111111111,0.0003106358140607091,0.0003049899865840325,-1.5640793976361936e-08,1.0091764778542855
0.036111111111111,0.0,0.0,0.0,1.0091763949191344
0.0403402369098668,0.0197177566618373,0.00031125176103989177,8.179845987710313e-07,1.0084528183417396
0.0403402369098668,0.0199999999999999,0.0,0.0,1.0084554443170135
0.0374999999999999,0.0003107915588009209,0.0003044783786915236,1.219889284711097e-07,1.0090540429427637
0.0374999999999999,0.0,0.0,0.0,1.009053810510106
0.0388888888888888,0.0003112273054577852,0.0003046488123349929,4.740872527124397e-09,1.0089430827877417
0.0388888888888888,0.0,0.0,0.0,1.008942660779631
0.0475829251148344,0.0198569133298656,0.00018021936707726907,6.256209141295798e-07,1.0073186248911057
0.0475829251148344,0.0199999999999999,0.0,0.0,1.0073231286619178
0.0468851091673861,0.0198364140523087,0.00019981979862933536,7.063420318941231e-07,1.0074420806924755
0.0468851091673861,0.0199999999999999,0.0,0.0,1.0074462585659352
0.0460919887440379,0.0198149960181085,0.0002210803430234659,5.356609147211562e-07,1.00757395315862
0.0460919887440379,0.0199999999999999,0.0,0.0,1.007577330111184
0.0417048476139284,0.01973465199082,0.0002979973424939921,5.083377976960824e-07,1.0082518832261982
0.0417048476139284,0.0199999999999999,0.0,0.0,1.0082538709028397
0.0430015078700174,0.0197536073213377,0.0002805558478390323,4.286818351688754e-07,1.0080567083580696
0.0430015078700174,0.0199999999999999,0.0,0.0,1.0080586483941294
0.0451905480291639,0.019793779334982,0.00024196371503403333,5.172879268357123e-07,1.0077227853324482
0.0451905480291639,0.0199999999999999,0.0,0.0,1.0077251581519582
0.0441659924605971,0.0197736933281598,0.0002613240374627585,4.579412087943394e-07,1.0078801121666785
0.0441659924605971,0.0199999999999999,0.0,0.0,1.007882281763428
0.0481968882324171,0.0198767302443073,0.00015899201755709166,7.35908115096937e-07,1.0071693273085158
0.0481968882324171,0.0199999999999999,0.0,0.0,1.0071759003154903
0.0402777777777777,0.00031117508776549367,0.0003029391814069962,4.940814878516385e-07,1.008812747311618
0.0402777777777777,0.0,0.0,0.0,1.0088115639718649
0.0487370753653481,0.0198928994177718,0.00014531431409705738,5.00177342178089e-07,1.0071146186268658
0.0487370753653481,0.0199999999999999,0.0,0.0,1.0071168208788852
0.0416666666666666,0.000308859296050168,0.00029645260766016703,5.471635034264565e-07,1.008704189300702
0.0416666666666666,0.0,0.0,0.0,1.0087023987875432
0.0492123517029423,0.0199026893431351,0.0001308898065535951,5.689846946614412e-07,1.0068240002828095
0.0492123517029423,0.0199999999999999,0.0,0.0,1.00684178870667
0.0430555555555555,0.0003033034664869916,0.0002879744059885428,3.538738430541578e-07,1.00860078669232
0.0430555555555555,0.0,0.0,0.0,1.0085994884421974
0.0444444444444444,0.00029343926140458623,0.00027611050620987207,3.7865098072149613e-07,1.008500799686654
0.0444444444444444,0.0,0.0,0.0,1.0084994229188518
0.0458333333333333,0.0002806961487127358,0.0002604102799343609,6.112950399694165e-07,1.0084029817381863
0.0458333333333333,0.0,0.0,0.0,1.008400983570944
0.0472222222222222,0.0002700968131647072,0.0002455518963339842,5.584097412018851e-07,1.0083227542752826
0.0472222222222222,0.0,0.0,0.0,1.0083207573987774
0.0486111111111111,0.0002643761673845747,0.00023724544542197293,1.9987134529524205e-07,1.0082600516604798
0.0486111111111111,0.0,0.0,0.0,1.0082590667034688
0.0499999999999999,0.0002674360395697674,0.00023838884579417455,2.7374601400615265e-07,1.0081900484724844
0.05,0.0,0.0,0.0,1.008188918916097
0.0501146958623298,0.0208088292327376,-6.363424472771487e-07,-4.647988918542229e-05,1.0062952409871273
0.0499999999999999,0.0208088292327376,0.0,0.0,1.006284740786876
0.0501280752641749,0.0213002510828759,-6.671141673657432e-07,-4.059442064619572e-05,1.006432846945411
0.0499999999999999,0.0213002510828759,0.0,0.0,1.0064384502750152
0.0501434456704392,0.0218606491728632,-4.881305553684662e-07,-4.4634144459172096e-05,1.0067090622735408
0.0499999999999999,0.0218606491728632,0.0,0.0,1.0067109104167895
0.0501609542652262,0.02249970506966,-7.820790176332064e-07,-4.382077217933863e-05,1.0068401157748847
0.0499999999999999,0.02249970506966,0.0,0.0,1.0068444994798331
0.0501807120388466,0.0232284594003495,-7.490782816276572e-07,-4.409743173184303e-05,1.0069669630638118
0.0499999999999999,0.0232284594003495,0.0,0.0,1.006970863806972
0.0513953488372173,0.00027049591175495885,0.000237208157991523,6.025926100727592e-07,1.0081167175534604
0.0513953488372173,0.0,0.0,0.0,1.008114459795432
0.0502030473840502,0.0240595019612321,-8.034546083456972e-07,-4.33074125000426e-05,1.0070571593184603
0.0499999999999999,0.0240595019612321,0.0,0.0,1.0070609192085258
0.0527906976744265,0.00027911015060107583,0.0002386908487839683,8.105475492895497e-07,1.0080496292420946
0.0527906976744265,0.0,0.0,0.0,1.0080468713563535
0.0541860465116358,0.00028727280296440865,0.000239265629202504,6.900134217632939e-07,1.008003533677054
0.0541860465116358,0.0,0.0,0.0,1.008000878078336
0.0555813953488451,0.00029387541359637555,0.00023961785677634385,6.84156923632735e-07,1.0079568839045785
0.0555813953488451,0.0,0.0,0.0,1.0079542614785395
0.0569767441860543,0.00029907042110988006,0.0002371323900895743,1.037700285603815e-06,1.0079045852351936
0.0569767441860543,0.0,0.0,0.0,1.0079011048563236
0.0502803556697957,0.0397196443302042,1.211930290209023e-07,1.1445452721977841e-07,1.0073397395662125
0.05,0.04,0.0,0.0,1.0073397030126523
0.0502765245196016,0.0385855198000453,-6.763598806394594e-08,2.8238490978756005e-07,1.0073414634101738
0.0499999999999999,0.0385855198000453,0.0,0.0,1.0073416725375834
0.0513953488372092,0.03971581318001,2.605722340877369e-07,-5.77460012328258e-08,1.0073379071674886
0.0513953488372092,0.0399999999999999,0.0,0.0,1.007337773773528
0.0502270508532058,0.0250071901982601,-8.091278378234157e-07,-4.2381722514224434e-05,1.0071324329516425
0.05,0.0250071901982601,0.0,0.0,1.0071361356995998
0.0583720930232636,0.0003033845962961705,0.0002320328939095393,1.1072886964495602e-06,1.0078633916364863
0.0583720930232636,0.0,0.0,0.0,1.0078597595658587
0.0597674418604729,0.00030723449448343936,0.0002274975873910183,9.372827540169336e-07,1.0078428276647795
0.0597674418604729,0.0,0.0,0.0,1.0078394920569236
0.0502799122621446,0.0371710396000907,-2.268763211883567e-07,-8.137342152658573e-07,1.0073497143685062
0.0499999999999999,0.0371710396000907,0.0,0.0,1.0073506743140537
0.0502844800816572,0.0357565594001361,-4.100959986945113e-07,-3.497660871110967e-06,1.0073556419294505
0.0499999999999999,0.0357565594001361,0.0,0.0,1.0073571249999738
0.0502895929186326,0.0343420792001816,-5.6810721777465e-07,-7.561254370329592e-06,1.007358738972977
0.0499999999999999,0.0343420792001816,0.0,0.0,1.0073607075343742
0.0502924344330934,0.032927599000227,-6.895014029630838e-07,-1.2694906788213408e-05,1.0073544683688176
0.0499999999999999,0.032927599000227,0.0,0.0,1.0073568674166575
0.0527906976744185,0.0397072822678015,-6.640753263903354e-07,-2.226632485593772e-07,1.0073306535277091
0.0527906976744185,0.0399999999999999,0.0,0.0,1.0073296643756229
0.0502491211744319,0.0260878965939015,-8.498180442263361e-07,-3.993673888982681e-05,1.0071953956875637
0.0499999999999999,0.0260878965939015,0.0,0.0,1.0071988676680974
0.0611627906976821,0.0003102863269020448,0.0002222049375703858,1.076715288248596e-06,1.007818812882343
0.0611627906976821,0.0,0.0,0.0,1.0078154499619685
0.0541860465116278,0.0396990223879409,-3.2041544148072438e-06,-3.9203489882953513e-07,1.0073233422385937
0.0541860465116278,0.0399999999999999,0.0,0.0,1.0073220390452364
0.0502663199960055,0.0273202926694546,-8.399760484526356e-07,-3.589808763978328e-05,1.00724707249545
0.0499999999999999,0.0273202926694546,0.0,0.0,1.007250412047576
0.0502778586892861,0.0286841572290469,-8.282788468978418e-07,-3.045351889146665e-05,1.007290068923215
0.05,0.0286841572290469,0.0,0.0,1.0072931678723231
0.05029091590783,0.0315131188002724,-7.842058599959955e-07,-1.8502813522157937e-05,1.007343579827591
0.0499999999999999,0.0315131188002724,0.0,0.0,1.0073462896314187
0.0502843872985581,0.0300986386003178,-7.944589729429292e-07,-2.443155862193194e-05,1.0073214499771177
0.0499999999999999,0.0300986386003178,0.0,0.0,1.0073242443184047
0.0625581395348914,0.00031206277385917763,0.0002161811171834749,8.71110502459487e-07,1.00781400702072
0.0625581395348914,0.0,0.0,0.0,1.0078107465688693
0.0639534883721007,0.0003130009974591796,0.0002105398979799177,9.23015047273124e-07,1.0078010082945794
0.0639534883721007,0.0,0.0,0.0,1.00779791168625
0.0653488372093099,0.0003139865300042284,0.00020383344589348552,1.0709140710508303e-06,1.0077941092324154
0.0653488372093099,0.0,0.0,0.0,1.0077904884107665
0.0555813953488371,0.0396919692424569,-6.443825497409128e-06,-4.5794400376998667e-07,1.0073213921102688
0.0555813953488371,0.0399999999999999,0.0,0.0,1.0073197314186704
0.0569767441860464,0.0396870576094462,-1.0352679580235598e-05,-5.547931992562664e-07,1.0073190338177505
0.0569767441860464,0.0399999999999999,0.0,0.0,1.0073172520198417
0.0667441860465192,0.00031544189810960065,0.000196418721011606,1.2300962398624065e-06,1.007789295256934
0.0667441860465192,0.0,0.0,0.0,1.0077854657706184
0.0583720930232557,0.0396847364850528,-1.441450990373807e-05,-5.309752440329882e-07,1.0073235664734694
0.0583720930232557,0.0399999999999999,0.0,0.0,1.00732177702136
0.059767441860465,0.0396847045829691,-1.8257663653254965e-05,-5.292067714423437e-07,1.0073289390425677
0.059767441860465,0.04,0.0,0.0,1.0073272046552486
0.0681395348837285,0.00031718373723147456,0.00018874314084501797,1.1572369925055184e-06,1.007803443648346
0.0681395348837285,0.0,0.0,0.0,1.007799556494697
0.0611627906976744,0.0396858989910633,-2.189395131897928e-05,-4.976512288598555e-07,1.0073392849837992
0.0611627906976744,0.0399999999999999,0.0,0.0,1.007337556747944
0.0625581395348836,0.0396869368873565,-2.5471243015924584e-05,-5.075039541413143e-07,1.0073497292522973
0.0625581395348836,0.0399999999999999,0.0,0.0,1.007348033965996
0.063953488372093,0.0396874735573966,-2.9050378653581036e-05,-4.864455489013422e-07,1.0073643942018111
0.063953488372093,0.0399999999999999,0.0,0.0,1.0073627349846548
0.0695348837209377,0.00031855941408245013,0.000181731168650631,1.0293060023631315e-06,1.0078222068971832
0.0695348837209377,0.0,0.0,0.0,1.007818706640432
0.0653488372093022,0.0396881807925,-3.2477715115742055e-05,-4.70416581573289e-07,1.007381162110645
0.0653488372093022,0.0399999999999999,0.0,0.0,1.007379578179671
0.070930232558147,0.00031885146115339096,0.00017514976570860412,8.744529318157247e-07,1.007848847882605
0.070930232558147,0.0,0.0,0.0,1.0078459256341814
0.0667441860465116,0.0396886361020302,-3.5743423751771106e-05,-4.43366557037004e-07,1.0074022851377724
0.0667441860465116,0.0399999999999999,0.0,0.0,1.0074007487365628
0.0681395348837209,0.0396879395792221,-3.90831572994238e-05,-4.483116940264954e-07,1.007425152956569
0.0681395348837209,0.0399999999999999,0.0,0.0,1.0074236534178993
0.0723255813953562,0.0003181991118897278,0.00016872077336947547,8.257083458193299e-07,1.00787707560336
0.0723255813953562,0.0,0.0,0.0,1.0078742425208995
0.0737209302325655,0.0003173199912735981,0.00016254765556225712,7.725283413330995e-07,1.0079079943134783
0.0737209302325655,0.0,0.0,0.0,1.0079053045635171
0.0751162790697748,0.00031626756015724254,0.00015634235042945275,8.025541430165247e-07,1.0079365751096518
0.0751162790697748,0.0,0.0,0.0,1.0079339118628137
0.0695348837209302,0.0396862419736314,-4.252478756068299e-05,-4.423970256024713e-07,1.0074524033860237
0.0695348837209302,0.0399999999999999,0.0,0.0,1.0074508973480896
0.0709302325581394,0.0396839889222675,-4.607653595649041e-05,-4.473018396669072e-07,1.0074817852646372
0.0709302325581394,0.0399999999999999,0.0,0.0,1.0074803488039226
0.076511627906984,0.0003147839615894967,0.00015005020173136625,7.207904846296589e-07,1.0079703407214171
0.076511627906984,0.0,0.0,0.0,1.007967734777813
0.0779069767441933,0.0003134219010157244,0.00014411942173218575,7.6437380160009e-07,1.0079992300016254
0.0779069767441933,0.0,0.0,0.0,1.0079966882915228
0.0793023255814026,0.0003131336350821701,0.0001382756826378323,7.797705827209687e-07,1.0080329972102366
0.0793023255814026,0.0,0.0,0.0,1.0080302208435414
0.0723255813953487,0.0396816136126678,-4.9446850064488825e-05,-3.942599483130678e-07,1.0075168714019496
0.0723255813953487,0.0399999999999999,0.0,0.0,1.007515511689328
0.073720930232558,0.0396795627916573,-5.255754748592231e-05,-3.918374506541784e-07,1.0075522769147789
0.073720930232558,0.0399999999999999,0.0,0.0,1.0075510687758664
0.0806976744186118,0.0003142089080574771,0.00013292743518223253,8.388099035164329e-07,1.0080643773017373
0.0806976744186118,0.0,0.0,0.0,1.0080615844564045
0.0751162790697673,0.0396780544240222,-5.548256974933097e-05,-3.63248503145886e-07,1.0075933665193455
0.0751162790697673,0.0399999999999999,0.0,0.0,1.0075921219740205
0.0765116279069766,0.0396770506732073,-5.826902143298703e-05,-3.7572489716702273e-07,1.0076346261648694
0.0765116279069766,0.0399999999999999,0.0,0.0,1.0076335248615491
0.0820930232558211,0.00031619889114763177,0.00012772388824245853,8.110721390342852e-07,1.0081040302850564
0.0820930232558211,0.0,0.0,0.0,1.00810126496803
0.0779069767441859,0.0396765617687803,-6.0775974872945614e-05,-3.0570558864032455e-07,1.007683474133218
0.0779069767441859,0.0399999999999999,0.0,0.0,1.0076824361418482
0.0793023255813952,0.039676732399132,-6.281460654952993e-05,-2.913632953393297e-07,1.0077325497291565
0.0793023255813952,0.0399999999999999,0.0,0.0,1.0077316824490912
0.0834883720930304,0.0003184560906865664,0.0001228823093516645,7.879618258699594e-07,1.0081440598657985
0.0834883720930304,0.0,0.0,0.0,1.008141436604289
0.0806976744186045,0.0396778767148735,-6.454452772638943e-05,-2.607310535525668e-07,1.0077872870103817
0.0806976744186045,0.0399999999999999,0.0,0.0,1.0077864521210491
0.0820930232558138,0.0396802305703138,-6.575320274278809e-05,-1.9792135360846474e-07,1.007844308390541
0.0820930232558138,0.0399999999999999,0.0,0.0,1.0078437416013
0.0848837209302396,0.000320346189781616,0.00011842882253624612,6.463875605077733e-07,1.0081899995843715
0.0848837209302396,0.0,0.0,0.0,1.0081877173654372
0.0834883720930231,0.0396832405175976,-6.62917799808852e-05,-1.3824177495067868e-07,1.0079047633906577
0.0834883720930231,0.0399999999999999,0.0,0.0,1.0079042587792748
0.0848837209302324,0.0396860366372449,-6.675900338227534e-05,-1.5267442442230925e-07,1.0079653031108096
0.0848837209302324,0.0399999999999999,0.0,0.0,1.0079648995470951
0.0862790697674489,0.00032149948883841294,0.00011459497344979364,5.889125237833499e-07,1.0082341010685107
0.0862790697674489,0.0,0.0,0.0,1.0082320123741018
0.0876744186046582,0.00032195834742622473,0.0001105183902733479,5.951442446293361e-07,1.0082770435373978
0.0876744186046582,0.0,0.0,0.0,1.0082750351921184
0.0862790697674417,0.0396880912306209,-6.732303045163188e-05,-1.1355170943297685e-07,1.0080311211366946
0.0862790697674417,0.0399999999999999,0.0,0.0,1.0080307242725473
0.0890697674418674,0.0003216983326384344,0.00010628642482938552,5.837826710304329e-07,1.0083202234934072
0.0890697674418674,0.0,0.0,0.0,1.0083181472016045
0.087674418604651,0.0396889046287067,-6.79483657476753e-05,-1.1712037317860168e-07,1.00809762784146
0.087674418604651,0.0399999999999999,0.0,0.0,1.0080973531947004
0.0890697674418603,0.0396886646103342,-6.877634042238575e-05,-7.345287426786576e-08,1.0081696005531366
0.0890697674418603,0.0399999999999999,0.0,0.0,1.0081694501732994
0.0904651162790767,0.0003203849030364381,0.00010154749849513792,6.316022031987989e-07,1.0083610111459431
0.0904651162790767,0.0,0.0,0.0,1.0083589179887564
0.0904651162790696,0.0396884689884527,-6.893282806864607e-05,2.861375279876704e-08,1.0082469677644563
0.0904651162790696,0.0399999999999999,0.0,0.0,1.0082470641851948
0.0918604651162789,0.0396892458870871,-6.84814531476044e-05,5.654315946106053e-08,1.0083229941315144
0.0918604651162789,0.0399999999999999,0.0,0.0,1.0083233093630437
0.091860465116286,0.0003183872294306603,9.633392603146502e-05,6.381642108518879e-07,1.0084034925301548
0.091860465116286,0.0,0.0,0.0,1.0084013389142332
0.0932558139534952,0.00031665885217809533,9.15959109783657e-05,5.286315767559366e-07,1.0084487906913049
0.0932558139534952,0.0,0.0,0.0,1.008446847294445
0.0946511627907045,0.00031510341172508817,8.74011372108094e-05,5.390452118837777e-07,1.0084897493430596
0.0946511627907045,0.0,0.0,0.0,1.0084879535527136
0.0932558139534882,0.0396910502341738,-6.74061158711088e-05,1.3364451604430482e-07,1.0084025965995285
0.0932558139534882,0.0399999999999999,0.0,0.0,1.0084030154782675
0.0946511627906975,0.0396927496842619,-6.595467908559055e-05,1.5098810671336465e-07,1.008480077943605
0.0946511627906975,0.0399999999999999,0.0,0.0,1.0084806790968033
0.0960465116279137,0.00031341199693636325,8.311167677520116e-05,4.859598618700907e-07,1.0085349390782343
0.0960465116279137,0.0,0.0,0.0,1.0085331649677198
0.0960465116279068,0.0396932058822765,-6.466320015201901e-05,1.768646631158399e-07,1.008559998236941
0.0960465116279068,0.0399999999999999,0.0,0.0,1.0085605950458107
0.097441860465123,0.00031193823394551367,7.945058761642455e-05,4.321882580447491e-07,1.0085773104504387
0.097441860465123,0.0,0.0,0.0,1.0085757584026456
0.0974418604651161,0.0396922036650243,-6.359501990252985e-05,1.5553402618660799e-07,1.0086384673576394
0.0974418604651161,0.0399999999999999,0.0,0.0,1.0086391519612736
0.0988372093023254,0.0396905690196183,-6.266687037365927e-05,2.209803472517412e-07,1.0087209752894162
0.0988372093023254,0.0399999999999999,0.0,0.0,1.0087218879853614
0.0988372093023323,0.00031091096711730027,7.597597451390477e-05,4.455219620401261e-07,1.008618783814473
0.0988372093023323,0.0,0.0,0.0,1.00861724917381
0.1002325581395347,0.0396893586330173,-6.0628423693286005e-05,3.821868980020667e-07,1.0088078918199648
0.1002325581395347,0.0399999999999999,0.0,0.0,1.008809107838988
0.101627906976744,0.0396888572735953,-5.788918436342209e-05,3.801844998339038e-07,1.0088880786863104
0.101627906976744,0.0399999999999999,0.0,0.0,1.0088894763782852
0.1002325581395416,0.00031040751136179537,7.261731525708815e-05,4.273270336359656e-07,1.0086609337616046
0.1002325581395416,0.0,0.0,0.0,1.00865936208695
0.1016279069767508,0.0003102250313369258,6.956143259715877e-05,3.972462661510401e-07,1.0087016643141629
0.1016279069767508,0.0,0.0,0.0,1.0087002703298449
0.1030232558139533,0.0396888594030578,-5.505528589617912e-05,4.0407644591269835e-07,1.0089695219441746
0.1030232558139533,0.0399999999999999,0.0,0.0,1.008970881384404
0.1044186046511626,0.0396888768212621,-5.204131601673943e-05,4.185323583597403e-07,1.0090471783035295
0.1044186046511626,0.0399999999999999,0.0,0.0,1.009048694100902
0.1030232558139601,0.00030979263743929366,6.659072695408665e-05,3.9217529107972817e-07,1.0087430593291602
0.1030232558139601,0.0,0.0,0.0,1.0087416339659334
0.1058139534883719,0.0396892399449587,-4.878330541231788e-05,4.554541141806855e-07,1.0091258203965987
0.1058139534883719,0.0399999999999999,0.0,0.0,1.0091273775047986
0.1044186046511693,0.00030908956273247614,6.35719970493919e-05,3.709503832524937e-07,1.0087834561455806
0.1044186046511693,0.0,0.0,0.0,1.0087821783806066
0.1058139534883786,0.00030869138069567224,6.109523506032564e-05,2.829598312712646e-07,1.0088257039867066
0.1058139534883786,0.0,0.0,0.0,1.008824576250031
0.1072093023255812,0.0396906332580486,-4.5150104216153393e-05,4.888671496787935e-07,1.0092011788153954
0.1072093023255812,0.0399999999999999,0.0,0.0,1.0092029587488387
0.1072093023255879,0.0003089551179316537,5.910942599533984e-05,2.868091249945891e-07,1.0088639053237602
0.1072093023255879,0.0,0.0,0.0,1.00886285594622
0.1086046511627971,0.0003099810702461377,5.703059900975866e-05,3.214595084555265e-07,1.0089008185977977
0.1086046511627971,0.0,0.0,0.0,1.0088997253499634
0.1086046511627905,0.0396923227116348,-4.120957823516082e-05,5.023709107920927e-07,1.009276494840522
0.1086046511627905,0.0399999999999999,0.0,0.0,1.009278255072965
0.1099999999999998,0.0396928400891727,-3.7439025398598784e-05,5.263953579655891e-07,1.009348529289817
0.1099999999999998,0.0399999999999999,0.0,0.0,1.0093503478442545
0.1100000000000064,0.0003118393409643381,5.5130100396032886e-05,2.820366201040995e-07,1.0089395850895178
0.1100000000000064,0.0,0.0,0.0,1.0089385522620398
0.1113953488372157,0.0003143594318728662,5.360153055445191e-05,2.6476683951070415e-07,1.008976333313526
0.1113953488372157,0.0,0.0,0.0,1.0089754381427471
0.1113953488372091,0.0396922345518109,-3.3231081830466164e-05,6.004537402677371e-07,1.0094193102789908
0.1113953488372091,0.0399999999999999,0.0,0.0,1.0094213022651892
0.1127906976744249,0.00031707189392091986,5.237731264523349e-05,1.984174130808402e-07,1.0090152614455603
0.1127906976744249,0.0,0.0,0.0,1.009014425988013
0.1141860465116342,0.0003195044771706303,5.1319314887173805e-05,2.2795389021832965e-07,1.0090487208326686
0.1141860465116342,0.0,0.0,0.0,1.0090480049831416
0.1127906976744184,0.0396916753509094,-2.9035618795614394e-05,5.523187657194954e-07,1.0094828037139272
0.1127906976744184,0.0399999999999999,0.0,0.0,1.0094847950593688
0.1155813953488435,0.00032122845169526887,5.003923735795803e-05,1.8462496037224042e-07,1.0090849930222934
0.1155813953488435,0.0,0.0,0.0,1.0090842816655934
0.1141860465116277,0.0396911193177302,-2.499917988354033e-05,5.704343306317077e-07,1.0095453586364636
0.1141860465116277,0.0399999999999999,0.0,0.0,1.0095473719031278
0.115581395348837,0.0396899411348136,-2.0709961304575518e-05,6.144092539224801e-07,1.0096055823521854
0.115581395348837,0.0399999999999999,0.0,0.0,1.0096076790425597
0.1169767441860527,0.000322022192707723,4.895860320191539e-05,1.758396855503671e-07,1.009117702433003
0.1169767441860527,0.0,0.0,0.0,1.009117144345523
0.1169767441860463,0.0396886035744081,-1.6139955065479267e-05,6.603071345943865e-07,1.009661667856573
0.1169767441860463,0.0399999999999999,0.0,0.0,1.009663921117406
0.118372093023262,0.0003219530092162568,4.773156593011299e-05,1.5091360083444318e-07,1.0091518271039404
0.118372093023262,0.0,0.0,0.0,1.0091512184043472
0.1197674418604713,0.0003211743206438266,4.6647504148358994e-05,1.349619817430263e-07,1.0091828227283408
0.1197674418604713,0.0,0.0,0.0,1.009182361048515
0.1183720930232556,0.0396887380194485,-1.1266375263867324e-05,6.506416366943979e-07,1.0097132110820952
0.1183720930232556,0.0399999999999999,0.0,0.0,1.00971541269634
0.1211627906976805,0.0003200235630737976,4.555034547427048e-05,1.1777206999761209e-07,1.0092138138516484
0.1211627906976805,0.0,0.0,0.0,1.0092133726808663
0.1225581395348898,0.0003188758497995513,4.4610942168067246e-05,1.0587358961034095e-07,1.0092432451859985
0.1225581395348898,0.0,0.0,0.0,1.0092428622736658
0.1197674418604649,0.0396900614085797,-6.765081348961356e-06,5.70849207499668e-07,1.0097597368826294
0.1197674418604649,0.0399999999999999,0.0,0.0,1.009761660860569
0.1211627906976742,0.0396909390685209,-2.595686827190873e-06,5.819603702348855e-07,1.0098025748507071
0.1211627906976742,0.0399999999999999,0.0,0.0,1.0098046555957292
0.123953488372099,0.00031785000835013374,4.3774724351869336e-05,8.55749686982523e-08,1.0092724638541006
0.123953488372099,0.0,0.0,0.0,1.0092720566934366
0.1253488372093083,0.0003172957468742396,4.307915857388648e-05,9.162940682132637e-08,1.0092983048091917
0.1253488372093083,0.0,0.0,0.0,1.009298055900073
0.1225581395348835,0.0396910962045797,1.988425455114455e-06,6.461592990493564e-07,1.0098450309591631
0.1225581395348835,0.0399999999999999,0.0,0.0,1.0098471717658888
0.1239534883720928,0.0396903794071569,6.6504219693212765e-06,6.122367394280849e-07,1.0098805853121195
0.1239534883720928,0.0399999999999999,0.0,0.0,1.0098827015184026
0.1267441860465176,0.0003176383272700229,4.259490543000659e-05,4.7525023999178416e-08,1.00932654109693
0.1267441860465176,0.0,0.0,0.0,1.0093262923162536
0.1281395348837268,0.0003188478335545198,4.249334238510465e-05,3.5790389156555035e-08,1.0093514799271024
0.1281395348837268,0.0,0.0,0.0,1.0093513465903123
0.1253488372093021,0.0396887679714085,1.107301377239402e-05,5.893019499455181e-07,1.0099123484909864
0.1253488372093021,0.0399999999999999,0.0,0.0,1.009914380150107
0.1295348837209361,0.00032058896737663465,4.251528282863119e-05,1.854150880214841e-08,1.0093761663854994
0.1295348837209361,0.0,0.0,0.0,1.009376046687241
0.1267441860465114,0.0396867005964832,1.546977534455367e-05,5.933394053549692e-07,1.0099408838318895
0.1267441860465114,0.0399999999999999,0.0,0.0,1.0099429143510772
0.1309302325581454,0.0003223570857229579,4.259443942293944e-05,3.337301905936235e-08,1.0093982911337909
0.1309302325581454,0.0,0.0,0.0,1.009398188119028
0.1281395348837207,0.0396845842898931,1.9890188689460328e-05,5.927986056162451e-07,1.0099659871263518
0.1281395348837207,0.0399999999999999,0.0,0.0,1.009967952217267
0.1323255813953546,0.00032357333078244545,4.248932707829147e-05,3.2025010047013016e-08,1.0094204657655006
0.1323255813953546,0.0,0.0,0.0,1.009420322831616
0.1337209302325639,0.0003239895595560764,4.2344790779095126e-05,2.873955466112489e-08,1.0094411125127611
0.1337209302325639,0.0,0.0,0.0,1.009441033954912
0.12953488372093,0.0396825659211725,2.4192008345210023e-05,5.600552282938433e-07,1.0099862827963562
0.12953488372093,0.0399999999999999,0.0,0.0,1.0099881982361667
0.1351162790697732,0.0003239975857279598,4.221546707807515e-05,-2.1197077555241123e-10,1.009462246365368
0.1351162790697732,0.0,0.0,0.0,1.009462199551043
0.1309302325581393,0.0396807176404188,2.829102034514591e-05,5.542364473175358e-07,1.0100042544894747
0.1309302325581393,0.0399999999999999,0.0,0.0,1.010006094333188
0.1323255813953486,0.0396791639970458,3.238715461484095e-05,5.449426556182371e-07,1.0100189424541912
0.1323255813953486,0.0399999999999999,0.0,0.0,1.010020734124197
0.1365116279069824,0.0003240147777052154,4.232031266134874e-05,-1.9310280017666353e-08,1.0094818081078063
0.1365116279069824,0.0,0.0,0.0,1.0094818396600282
0.1337209302325579,0.0396780719006212,3.620361770316063e-05,5.092808938865667e-07,1.0100294640534315
0.1337209302325579,0.0399999999999999,0.0,0.0,1.010031179136469
0.1351162790697672,0.0396774368858956,3.989247605250212e-05,5.061624028760266e-07,1.0100388669966105
0.1351162790697672,0.0399999999999999,0.0,0.0,1.0100405017885772
0.1379069767441917,0.00032392264204856046,4.24473669348994e-05,-2.0744774056497818e-08,1.0095005969888944
0.1379069767441917,0.0,0.0,0.0,1.009500635770286
0.1365116279069765,0.0396770781161255,4.330345920361507e-05,4.494889373380135e-07,1.0100436639127783
0.1365116279069765,0.0399999999999999,0.0,0.0,1.0100451760451217
0.1379069767441858,0.0396769481718993,4.645043804556487e-05,4.423419135290489e-07,1.010047901435375
0.1379069767441858,0.0399999999999999,0.0,0.0,1.0100493495410183
0.139302325581401,0.00032296189699270524,4.247029326365987e-05,-2.6347118276486955e-08,1.0095179177182925
0.139302325581401,0.0,0.0,0.0,1.009518019817842
0.1393023255813951,0.0396770970432831,4.949266257825626e-05,4.237158061205644e-07,1.0100491881276512
0.1393023255813951,0.0399999999999999,0.0,0.0,1.010050580722657
0.1406976744186044,0.0396774134938457,5.235403724390965e-05,4.017915402376061e-07,1.010048420645548
0.1406976744186044,0.0399999999999999,0.0,0.0,1.0100497409660407
0.1406976744186102,0.0003207798980043522,4.250393410292791e-05,-6.482370474171027e-08,1.0095358145568498
0.1406976744186102,0.0,0.0,0.0,1.0095359666275423
0.1420930232558195,0.000318644238745538,4.268641120757546e-05,-6.14539844133534e-08,1.0095509391291813
0.1420930232558195,0.0,0.0,0.0,1.0095511462803597
0.1434883720930287,0.0003174951418748607,4.296213352002657e-05,-6.194715203088285e-08,1.009565821017633
0.1434883720930287,0.0,0.0,0.0,1.009565997079119
0.1420930232558137,0.0396775265255911,5.506281855259656e-05,3.667109644091937e-07,1.0100454135080763
0.1420930232558137,0.0399999999999999,0.0,0.0,1.010046616346686
0.144883720930238,0.0003166112497616845,4.327009906329033e-05,-5.7643181869166114e-08,1.0095789437747351
0.144883720930238,0.0,0.0,0.0,1.0095791473612212
0.143488372093023,0.0396777021509318,5.749495957897753e-05,3.3327333095892666e-07,1.0100406864746163
0.143488372093023,0.0399999999999999,0.0,0.0,1.0100418043564483
0.1462790697674473,0.0003152862350867009,4.355026333413417e-05,-7.452579199244207e-08,1.0095921001175692
0.1462790697674473,0.0,0.0,0.0,1.009592330524545
0.1448837209302323,0.039678870921062,5.9578513924429554e-05,3.168103241313285e-07,1.010034796183514
0.1448837209302323,0.0399999999999999,0.0,0.0,1.010035846392151
0.1462790697674416,0.0396814630249335,6.128735688399013e-05,2.967427177273675e-07,1.0100275229167892
0.1462790697674416,0.0399999999999999,0.0,0.0,1.0100285095352943
0.1476744186046565,0.0003137763554651951,4.3903991582439926e-05,-7.604829607025995e-08,1.0096038588886158
0.1476744186046565,0.0,0.0,0.0,1.009604101431634
0.1490697674418658,0.0003126947357694474,4.428531227618625e-05,-7.647630482746468e-08,1.0096146186712245
0.1490697674418658,0.0,0.0,0.0,1.0096148818676256
0.1476744186046509,0.0396847339758669,6.266870820278743e-05,2.641867468708148e-07,1.0100186790523042
0.1476744186046509,0.0399999999999999,0.0,0.0,1.0100195669347731
0.1490697674418601,0.0396872054978787,6.398720016377352e-05,2.3552125367629133e-07,1.0100086672499753
0.1490697674418601,0.0399999999999999,0.0,0.0,1.0100094599495637
0.1504651162790751,0.0003123023382233808,4.4842963141546805e-05,-8.95225122658829e-08,1.0096248564171904
0.1504651162790751,0.0,0.0,0.0,1.0096251282808908
0.1504651162790695,0.0396883975445436,6.536725347821652e-05,2.102169020446233e-07,1.009997465476834
0.1504651162790695,0.0399999999999999,0.0,0.0,1.009998195888966
0.1518604651162843,0.0003126118417908757,4.553044113060503e-05,-8.649424175413125e-08,1.0096333830171846
0.1518604651162843,0.0,0.0,0.0,1.0096336761352156
0.1518604651162788,0.0396889347483443,6.67361695274067e-05,1.9599461656731597e-07,1.0099857772712906
0.1518604651162788,0.0399999999999999,0.0,0.0,1.0099864478761498
0.1532558139534936,0.0003135078172902293,4.629784920310435e-05,-8.80440158504871e-08,1.0096414225020525
0.1532558139534936,0.0,0.0,0.0,1.0096417114019405
0.1546511627907029,0.0003147063784099575,4.711434306397759e-05,-9.069068617382266e-08,1.009648365580185
0.1546511627907029,0.0,0.0,0.0,1.00964867716011
0.153255813953488,0.0396889579871363,6.809821600494018e-05,1.72810658072681e-07,1.0099731067548725
0.153255813953488,0.0399999999999999,0.0,0.0,1.0099736741204806
0.1546511627906973,0.0396882883030961,6.94123893881643e-05,1.4898847723880585e-07,1.0099592712663317
0.1546511627906973,0.0399999999999999,0.0,0.0,1.0099598116309407
0.1560465116279121,0.0003158020332519042,4.800092654344829e-05,-1.0825633392015593e-07,1.0096550751367512
0.1560465116279121,0.0,0.0,0.0,1.009655414968556
0.1574418604651214,0.0003161166881750246,4.882481753675802e-05,-1.0468473012471609e-07,1.009660070424144
0.1574418604651214,0.0,0.0,0.0,1.0096604257255375
0.1560465116279066,0.0396871574409819,7.074379126507004e-05,1.47247474679625e-07,1.0099458552745455
0.1560465116279066,0.0399999999999999,0.0,0.0,1.0099463502682369
0.1588372093023307,0.0003152400405764074,4.943856501623119e-05,-1.0438067993633677e-07,1.0096646963592542
0.1588372093023307,0.0,0.0,0.0,1.0096650348267115
0.16023255813954,0.00031327239867492377,4.9860741931332615e-05,-9.847145725151205e-08,1.009667987789216
0.16023255813954,0.0,0.0,0.0,1.0096683313971155
0.157441860465116,0.0396858183356758,7.207737868388582e-05,1.313383030823573e-07,1.0099317466384443
0.157441860465116,0.0399999999999999,0.0,0.0,1.009932194347341
0.1616279069767492,0.0003107133286437072,5.0202329186138605e-05,-1.0930585787875457e-07,1.0096712114022433
0.1616279069767492,0.0,0.0,0.0,1.0096715596354218
0.1630232558139585,0.00030879205209470453,5.068520590069192e-05,-1.0373047418935612e-07,1.0096727565741277
0.1630232558139585,0.0,0.0,0.0,1.0096731258720186
0.1644186046511677,0.00030858710094279707,5.140605553408367e-05,-1.051157493575671e-07,1.009674056473671
0.1644186046511677,0.0,0.0,0.0,1.0096744119235712
0.1588372093023252,0.0396844108745031,7.328793075222316e-05,1.1868401031908103e-07,1.00991723948767
0.1588372093023252,0.0399999999999999,0.0,0.0,1.009917652000833
0.1602325581395345,0.0396830605281481,7.445423197295627e-05,1.1332425027214432e-07,1.0099026643455489
0.1602325581395345,0.0399999999999999,0.0,0.0,1.0099030246189211
0.165813953488377,0.000310069242556701,5.244772392996849e-05,-1.083581245628552e-07,1.009674329936783
0.165813953488377,0.0,0.0,0.0,1.009674700262589
0.1616279069767438,0.0396818444736743,7.546258988518183e-05,8.766281422102137e-08,1.0098870615444693
0.1616279069767438,0.0399999999999999,0.0,0.0,1.0098873794404573
0.1630232558139531,0.0396806576920732,7.6336931350641e-05,7.931757947014041e-08,1.0098722250142915
0.1630232558139531,0.0399999999999999,0.0,0.0,1.0098724873046072
0.1672093023255862,0.0003124470615064759,5.363770590788601e-05,-1.0753475131333936e-07,1.0096737956487052
0.1672093023255862,0.0,0.0,0.0,1.009674160077703
0.1644186046511624,0.0396794810904065,7.716281867792781e-05,7.686342145024335e-08,1.0098568338553593
0.1644186046511624,0.0399999999999999,0.0,0.0,1.0098571078156475
0.1658139534883717,0.0396781989188015,7.804402858568779e-05,7.9176006483317e-08,1.0098418761148225
0.1658139534883717,0.0399999999999999,0.0,0.0,1.0098420990788444
0.1686046511627955,0.0003146520835842168,5.480474367266311e-05,-1.0902051527140953e-07,1.009672482687197
0.1686046511627955,0.0,0.0,0.0,1.0096728510692434
0.167209302325581,0.0396767577288915,7.884448878742258e-05,4.747896278726268e-08,1.0098254109317593
0.167209302325581,0.0399999999999999,0.0,0.0,1.0098256122515497
0.1686046511627903,0.0396755127963352,7.947350536923656e-05,4.9489131227532637e-08,1.0098104958667715
0.1686046511627903,0.0399999999999999,0.0,0.0,1.0098106321355915
0.1700000000000048,0.00031518362446801123,5.5695336951554726e-05,-1.1127577217638347e-07,1.009670531124919
0.1700000000000048,0.0,0.0,0.0,1.0096708925190376
0.1699999999999996,0.0396748545398764,7.998379874594728e-05,4.667216589986282e-08,1.0097946468501753
0.1699999999999996,0.0399999999999999,0.0,0.0,1.0097948047253298
0.1713953488372089,0.0396750315901875,8.024979962457947e-05,4.1038926119233126e-08,1.009779077404818
0.1713953488372089,0.0399999999999999,0.0,0.0,1.0097792219239867
0.171395348837214,0.0003141144255301782,5.629426513862252e-05,-1.0498308670555662e-07,1.009667558775231
0.171395348837214,0.0,0.0,0.0,1.0096679222069054
0.1727906976744233,0.0003132351263066885,5.68956310886357e-05,-1.0688688123139269e-07,1.009664330938771
0.1727906976744233,0.0,0.0,0.0,1.0096646837627212
0.1741860465116326,0.00031313320803371,5.765612576593159e-05,-1.0618775207954525e-07,1.0096600110289102
0.1741860465116326,0.0,0.0,0.0,1.0096603819345278
0.1727906976744182,0.0396762045714947,8.022385502505367e-05,3.5051572460047315e-08,1.0097635107144498
0.1727906976744182,0.0399999999999999,0.0,0.0,1.0097636287161422
0.1741860465116275,0.0396782097854691,7.995678376618156e-05,2.5886838807747844e-08,1.009748035019351
0.1741860465116275,0.0399999999999999,0.0,0.0,1.0097481060116786
0.1755813953488418,0.00031294615808260965,5.839805384818091e-05,-1.079759522795741e-07,1.009655436769768
0.1755813953488418,0.0,0.0,0.0,1.009655789106204
0.1755813953488368,0.0396806405533037,7.947325147420764e-05,1.0072961550933442e-08,1.00973201778471
0.1755813953488368,0.0399999999999999,0.0,0.0,1.0097320699602637
0.1769767441860461,0.0396830960615994,7.894958924862565e-05,1.3384504665171912e-08,1.0097167259813236
0.1769767441860461,0.0399999999999999,0.0,0.0,1.0097167561488958
0.1769767441860511,0.00031195474760638964,5.897066123250592e-05,-9.826843155180872e-08,1.0096495965761445
0.1769767441860511,0.0,0.0,0.0,1.0096499348237686
0.1783720930232554,0.0396850691332273,7.851624411500556e-05,-1.849467148776367e-09,1.009700977008712
0.1783720930232554,0.0399999999999999,0.0,0.0,1.0097009844350575
0.1797674418604647,0.0396863197979508,7.815997433459487e-05,-3.2368174657284663e-09,1.009685697028884
0.1797674418604647,0.0399999999999999,0.0,0.0,1.0096857037361586
0.1783720930232604,0.0003105581535139856,5.942288328655097e-05,-1.0022447101257513e-07,1.009643598079387
0.1783720930232604,0.0,0.0,0.0,1.0096439321979418
0.1797674418604696,0.00030952577107308326,5.995306276877648e-05,-9.616294810461925e-08,1.0096365071444924
0.1797674418604696,0.0,0.0,0.0,1.009636849753333
0.181162790697674,0.0396875704626743,7.791144758345868e-05,1.6055794335189435e-08,1.0096712356482371
0.181162790697674,0.0399999999999999,0.0,0.0,1.0096712599510904
0.1811627906976789,0.00030916587676767737,6.0581548015691936e-05,-9.399726253372833e-08,1.009629451606333
0.1811627906976789,0.0,0.0,0.0,1.0096297685693585
0.1825581395348882,0.0003093073355953661,6.124470796037384e-05,-7.942189442702497e-08,1.0096210887236272
0.1825581395348882,0.0,0.0,0.0,1.0096213839126105
0.1825581395348833,0.0396877110049953,7.797465986285943e-05,9.861174897803022e-09,1.00965572075496
0.1825581395348833,0.0399999999999999,0.0,0.0,1.009655775908163
0.1839534883720974,0.0003099279078165461,6.198828065283763e-05,-9.351715092929237e-08,1.0096133384847632
0.1839534883720974,0.0,0.0,0.0,1.0096136504116078
0.1839534883720926,0.0396874024947043,7.812644890242504e-05,1.1905095881787662e-08,1.009640786251027
0.1839534883720926,0.0399999999999999,0.0,0.0,1.00964080403127
0.1853488372093067,0.0003108600341349991,6.287424480277967e-05,-9.124715778116065e-08,1.0096044115823513
0.1853488372093067,0.0,0.0,0.0,1.009604722635424
0.1853488372093019,0.0396863257101205,7.842687781699293e-05,-8.374105068997767e-09,1.0096249211780748
0.1853488372093019,0.0399999999999999,0.0,0.0,1.0096248926609508
0.186744186046516,0.00031190732970732497,6.372594253644519e-05,-8.77431789595503e-08,1.0095951219510475
0.186744186046516,0.0,0.0,0.0,1.0095954254727593
0.1881395348837252,0.0003134227090559894,6.466655292780293e-05,-8.150383013684968e-08,1.0095852775253793
0.1881395348837252,0.0,0.0,0.0,1.009585550836311
0.1895348837209345,0.00031511775968144173,6.558737127408788e-05,-8.14880906107985e-08,1.009575005527825
0.1895348837209345,0.0,0.0,0.0,1.00957528780762
0.1867441860465112,0.0396846826478122,7.870635248168902e-05,-1.8919672448387126e-08,1.009609225487816
0.1867441860465112,0.0399999999999999,0.0,0.0,1.009609208319487
0.1881395348837205,0.0396829220992836,7.91174900756827e-05,1.0230584271677808e-08,1.0095954276558183
0.1881395348837205,0.0399999999999999,0.0,0.0,1.009595430859452
0.1909302325581438,0.0003158851231694254,6.637186467304975e-05,-8.865003449997461e-08,1.0095643684111897
0.1909302325581438,0.0,0.0,0.0,1.0095646600776749
0.1895348837209298,0.0396814055032661,7.955400535791935e-05,2.901602879175528e-09,1.009580266314529
0.1895348837209298,0.0399999999999999,0.0,0.0,1.0095802975115684
0.1909302325581391,0.0396802605809522,7.986874096777026e-05,8.576404559585568e-09,1.0095659965715358
0.1909302325581391,0.0399999999999999,0.0,0.0,1.0095660038063443
0.192325581395353,0.0003151996004651951,6.683865734288036e-05,-7.976555936292793e-08,1.0095530379461106
0.192325581395353,0.0,0.0,0.0,1.0095533175024616
0.1937209302325623,0.0003138694185257748,6.710763476644422e-05,-7.474471260595219e-08,1.0095413942543816
0.1937209302325623,0.0,0.0,0.0,1.0095416339255976
0.1951162790697715,0.00031327150725208973,6.75358254982811e-05,-7.58578115424346e-08,1.0095293379001202
0.1951162790697715,0.0,0.0,0.0,1.0095295960991146
0.1923255813953484,0.0396794488983372,8.012892220943031e-05,4.954977121293252e-09,1.0095508178110224
0.1923255813953484,0.0399999999999999,0.0,0.0,1.0095508354448834
0.1937209302325577,0.0396789653810035,8.026471142400273e-05,7.089226357714456e-11,1.009535671942239
0.1937209302325577,0.0399999999999999,0.0,0.0,1.0095356515635243
0.1965116279069808,0.0003140487518850843,6.819155333746925e-05,-5.824372235889372e-08,1.009516596279047
0.1965116279069808,0.0,0.0,0.0,1.0095168261845582
0.1979069767441901,0.0003158845503973524,6.90174454078358e-05,-6.511759969035774e-08,1.0095047481651245
0.1979069767441901,0.0,0.0,0.0,1.0095049545034844
0.195116279069767,0.0396790509088948,8.020271291097236e-05,-1.3453761113132808e-08,1.009519930266474
0.195116279069767,0.0399999999999999,0.0,0.0,1.0095199088626503
0.1965116279069763,0.0396800507500064,7.983843360537946e-05,-1.743175479335387e-08,1.009505141711526
0.1965116279069763,0.0399999999999999,0.0,0.0,1.0095050758597404
0.1993023255813993,0.0003181619179929651,6.999537660191825e-05,-6.449652617973249e-08,1.0094919697540574
0.1993023255813993,0.0,0.0,0.0,1.0094921920549689
0.2006976744186086,0.0003204152460350282,7.096852988879752e-05,-7.240626231503936e-08,1.0094793816812553
0.2006976744186086,0.0,0.0,0.0,1.0094795970755013
0.1979069767441856,0.0396818942675681,7.926683908585964e-05,-9.091023688209767e-09,1.0094900476779702
0.1979069767441856,0.0399999999999999,0.0,0.0,1.0094900517626737
0.1993023255813949,0.0396841623688379,7.874660877476903e-05,1.5572741633787794e-08,1.009476301731178
0.1993023255813949,0.0399999999999999,0.0,0.0,1.0094763025704945
0.2020930232558179,0.0003224208660625138,7.193087229649491e-05,-6.95980092270114e-08,1.0094657018911477
0.2020930232558179,0.0,0.0,0.0,1.0094659575513794
0.2006976744186042,0.0396864441934375,7.820318061801552e-05,-1.3401039996387694e-08,1.0094605151466305
0.2006976744186042,0.0399999999999999,0.0,0.0,1.0094604994901624
0.2020930232558135,0.0396885217721092,7.754241343792513e-05,-1.9682959865209737e-08,1.009445967182317
0.2020930232558135,0.0399999999999999,0.0,0.0,1.0094459061445693
0.2034883720930271,0.0003240446311496474,7.276537935954494e-05,-6.892433439703544e-08,1.009452269748315
0.2034883720930271,0.0,0.0,0.0,1.009452488749081
0.2034883720930228,0.0396905538569244,7.695883066156764e-05,-1.193509968105528e-09,1.0094318056589018
0.2034883720930228,0.0399999999999999,0.0,0.0,1.009431801677658
0.2048837209302364,0.0003249631816197714,7.343568967613949e-05,-5.984143483041216e-08,1.0094380382433743
0.2048837209302364,0.0,0.0,0.0,1.009438241358776
0.2062790697674457,0.00032497293040226763,7.38443986145529e-05,-5.960491653657786e-08,1.0094239375147644
0.2062790697674457,0.0,0.0,0.0,1.0094241152947274
0.2048837209302321,0.039692250683168,7.660375815856212e-05,2.0014358181877583e-08,1.0094174608280904
0.2048837209302321,0.0399999999999999,0.0,0.0,1.0094175244425505
0.2062790697674414,0.0396933159167495,7.65163605726782e-05,1.969965687681808e-08,1.009402748519299
0.2062790697674414,0.0399999999999999,0.0,0.0,1.0094027857511014
0.2076744186046549,0.0003243653327414139,7.411885741201186e-05,-5.345166963343186e-08,1.0094091286894455
0.2076744186046549,0.0,0.0,0.0,1.009409320829932
0.2090697674418642,0.0003235523623996601,7.428939753377554e-05,-5.2305504137445746e-08,1.0093946092203796
0.2090697674418642,0.0,0.0,0.0,1.009394784472173
0.2076744186046507,0.0396937923915221,7.641217603173875e-05,-1.4847941269823021e-08,1.0093866409102377
0.2076744186046507,0.0399999999999999,0.0,0.0,1.009386616433526
0.20906976744186,0.0396934464036343,7.639323678877028e-05,-6.66019325958757e-09,1.0093720183714892
0.20906976744186,0.0399999999999999,0.0,0.0,1.009371996948272
0.2104651162790735,0.00032275250399212054,7.447272824296688e-05,-5.1606705534309464e-08,1.0093795076056231
0.2104651162790735,0.0,0.0,0.0,1.009379697036109
0.2118604651162827,0.00032208496218898305,7.469773971483079e-05,-5.310704420893299e-08,1.0093649841555328
0.2118604651162827,0.0,0.0,0.0,1.0093651330474078
0.2104651162790693,0.0396924799925134,7.665273489894091e-05,1.2107309419142706e-08,1.0093570569730357
0.2104651162790693,0.0399999999999999,0.0,0.0,1.0093571020696743
0.213255813953492,0.00032181019643061863,7.492555509329908e-05,-3.1276024525677054e-08,1.0093488949215363
0.213255813953492,0.0,0.0,0.0,1.0093490330587993
0.2146511627907013,0.0003220587467812024,7.522910555057256e-05,-4.090008047017296e-08,1.0093339116183344
0.2146511627907013,0.0,0.0,0.0,1.009334021879879
0.2118604651162786,0.0396912391260129,7.709832900089174e-05,1.9273027654527457e-08,1.0093423173922988
0.2118604651162786,0.0399999999999999,0.0,0.0,1.0093423544861009
0.2160465116279105,0.00032264630930670297,7.562714702359816e-05,-2.9646958110306153e-08,1.0093177097884511
0.2160465116279105,0.0,0.0,0.0,1.009317844738288
0.2174418604651198,0.0003234298081665817,7.603702705009566e-05,-3.975652632711984e-08,1.0093027532348249
0.2174418604651198,0.0,0.0,0.0,1.0093028672716875
0.2132558139534879,0.0396894791428044,7.761083201920036e-05,1.853006902508174e-09,1.0093263010887426
0.2132558139534879,0.0399999999999999,0.0,0.0,1.009326308097427
0.2146511627906971,0.0396870081624574,7.820949012724234e-05,-6.3599136604210655e-09,1.00931041447528
0.2146511627906971,0.0399999999999999,0.0,0.0,1.009310387701022
0.218837209302329,0.0003243414161566763,7.65540917797407e-05,-4.194434579244769e-08,1.0092870413208537
0.218837209302329,0.0,0.0,0.0,1.0092871900954847
0.2202325581395383,0.00032523223603656936,7.706242567129158e-05,-4.5764883889752e-08,1.0092715991545604
0.2202325581395383,0.0,0.0,0.0,1.009271734171678
0.2160465116279065,0.0396842223249732,7.883628912812467e-05,-6.206786557563735e-09,1.009294119294605
0.2160465116279065,0.0399999999999999,0.0,0.0,1.0092941245897928
0.2174418604651158,0.0396816850684067,7.94964897895617e-05,8.5859087493804e-09,1.009279006597234
0.2174418604651158,0.0399999999999999,0.0,0.0,1.0092789961066404
0.2216279069767476,0.00032596783118130643,7.753432401922774e-05,-3.4888844658508194e-08,1.0092553193656657
0.2216279069767476,0.0,0.0,0.0,1.009255434442779
0.2188372093023251,0.0396796962549698,7.99593507933708e-05,-1.9311017504244304e-08,1.0092624597774011
0.2188372093023251,0.0399999999999999,0.0,0.0,1.0092624303591775
0.2230232558139568,0.00032654086214425687,7.789023443807289e-05,-3.278375136153065e-08,1.0092391125968527
0.2230232558139568,0.0,0.0,0.0,1.0092392089320423
0.2202325581395344,0.0396781519985255,8.020471584800703e-05,-1.4054442558966791e-08,1.009247582426744
0.2202325581395344,0.0399999999999999,0.0,0.0,1.009247534014401
0.2244186046511661,0.00032682743242964224,7.818314065119037e-05,-2.8305829595740312e-08,1.009222378338153
0.2244186046511661,0.0,0.0,0.0,1.009222498802926
0.2258139534883754,0.0003266339326079451,7.83283001077071e-05,-3.1180664217830846e-08,1.0092062779701534
0.2258139534883754,0.0,0.0,0.0,1.0092063750016549
0.2216279069767436,0.0396769691382722,8.045268171497816e-05,4.713721476328521e-09,1.009232322579319
0.2216279069767436,0.0399999999999999,0.0,0.0,1.0092323623926918
0.223023255813953,0.0396763519104349,8.074074294999504e-05,2.8601009206770724e-08,1.0092178098439304
0.223023255813953,0.0399999999999999,0.0,0.0,1.0092178534585152
0.2272093023255846,0.0003260426373294219,7.840176967312676e-05,-2.6043663313984952e-08,1.0091897201130835
0.2272093023255846,0.0,0.0,0.0,1.0091898082202926
0.2244186046511622,0.0396763841385175,8.087381616713715e-05,9.168371077697838e-09,1.009201375697821
0.2244186046511622,0.0399999999999999,0.0,0.0,1.009201431320936
0.2258139534883715,0.0396768060978081,8.081892069420047e-05,7.760727871594256e-09,1.0091858071583613
0.2258139534883715,0.0399999999999999,0.0,0.0,1.0091858046486617
0.2286046511627939,0.00032525000068622144,7.838932436601244e-05,-2.7599017357689133e-08,1.009173501829632
0.2286046511627939,0.0,0.0,0.0,1.0091735836695708
0.2272093023255809,0.0396771615626005,8.075739648860363e-05,-1.1026706261581342e-09,1.009169125170853
0.2272093023255809,0.0399999999999999,0.0,0.0,1.0091691341574724
0.2300000000000032,0.00032463077761455165,7.84489366922218e-05,-3.300687485114216e-08,1.00915669948275
0.2300000000000032,0.0,0.0,0.0,1.0091568380759264
0.2286046511627901,0.0396769719616206,8.080239721040494e-05,6.740248906469854e-10,1.0091531095646904
0.2286046511627901,0.0399999999999999,0.0,0.0,1.0091531005470675
0.2313953488372124,0.0003242725688393821,7.863182132542904e-05,-3.856627946957866e-08,1.0091407927647085
0.2313953488372124,0.0,0.0,0.0,1.0091408755029785
0.2299999999999994,0.0396762109177461,8.09654404216595e-05,-8.776548852199307e-09,1.0091365489046658
0.2299999999999994,0.0399999999999999,0.0,0.0,1.0091365350550143
0.2313953488372087,0.0396755611094103,8.105555337499667e-05,-1.24524411386369e-08,1.009120716201716
0.2313953488372087,0.0399999999999999,0.0,0.0,1.0091206590844433
0.2327906976744217,0.0003235075559574626,7.858159555726808e-05,-1.533289271491083e-09,1.0091227498646105
0.2327906976744217,0.0,0.0,0.0,1.009122810490644
0.234186046511631,0.0003220936327484948,7.82751408381804e-05,-1.3990096517244204e-08,1.0091067326382095
0.234186046511631,0.0,0.0,0.0,1.0091067509224063
0.232790697674418,0.0396759777846645,8.08506761958833e-05,-9.453906572553063e-09,1.0091042990526349
0.232790697674418,0.0399999999999999,0.0,0.0,1.0091043178103212
0.2341860465116274,0.0396779577484463,8.04193379533752e-05,2.1474009508866707e-08,1.0090896884223512
0.2341860465116274,0.0399999999999999,0.0,0.0,1.0090896973823311
0.2355813953488402,0.0003203906427553429,7.796306166542369e-05,-1.05113523646763e-08,1.0090894696994983
0.2355813953488402,0.0,0.0,0.0,1.009089535737232
0.2369767441860495,0.0003185409647769479,7.76296605532387e-05,-2.4604402433122167e-08,1.009073535947116
0.2369767441860495,0.0,0.0,0.0,1.0090735936223514
0.2355813953488366,0.0396809300418073,7.974505169961004e-05,-7.315587840322195e-09,1.009072676283998
0.2355813953488366,0.0399999999999999,0.0,0.0,1.009072693076946
0.2369767441860459,0.0396836390990747,7.901867767595998e-05,2.202874610780548e-11,1.0090573885462588
0.2369767441860459,0.0399999999999999,0.0,0.0,1.0090573710323287
0.2383720930232588,0.000316587000093277,7.733768276496449e-05,-2.3140221376557508e-08,1.0090564437831244
0.2383720930232588,0.0,0.0,0.0,1.0090565375838998
0.239767441860468,0.0003148484622442617,7.708279658897167e-05,-2.4248353473408448e-08,1.0090398926089814
0.239767441860468,0.0,0.0,0.0,1.0090399590503398
0.2383720930232552,0.0396856524444939,7.855300086641197e-05,7.786446720407844e-09,1.009041144256909
0.2383720930232552,0.0399999999999999,0.0,0.0,1.0090411872689375
0.2411627906976773,0.00031372678563311353,7.694871349293822e-05,-1.30363785850328e-08,1.0090224732613515
0.2411627906976773,0.0,0.0,0.0,1.009022532151783
0.2397674418604645,0.0396871908706745,7.826611448332435e-05,1.7821681015223263e-08,1.009025565488671
0.2397674418604645,0.0399999999999999,0.0,0.0,1.00902559809853
0.2425581395348865,0.0003131924856809263,7.691907907218985e-05,-1.711472763737383e-08,1.009005704669432
0.2425581395348865,0.0,0.0,0.0,1.0090057471170395
0.2411627906976738,0.0396879103695792,7.818894622968383e-05,8.074935225627541e-09,1.0090087096021718
0.2411627906976738,0.0399999999999999,0.0,0.0,1.009008727851889
0.2425581395348831,0.0396875358197399,7.83149288778647e-05,2.111442143556874e-09,1.008991705817126
0.2425581395348831,0.0399999999999999,0.0,0.0,1.0089917158922324
0.2439534883720958,0.00031316398320677607,7.700896313683643e-05,-6.169769046419716e-09,1.0089880552793842
0.2439534883720958,0.0,0.0,0.0,1.008988092358923
0.2453488372093051,0.0003135716795163864,7.712690624500979e-05,-4.7380266378248065e-09,1.008970837480935
0.2453488372093051,0.0,0.0,0.0,1.0089708661794765
0.2467441860465143,0.0003136013938228565,7.722436159546262e-05,-1.7915876535954916e-08,1.008954053239976
0.2467441860465143,0.0,0.0,0.0,1.008954101788342
0.2439534883720924,0.0396864423337674,7.859470599976111e-05,-1.823674725165066e-10,1.0089747324356346
0.2439534883720924,0.0399999999999999,0.0,0.0,1.0089747388484216
0.2453488372093017,0.0396850690737453,7.891610450378673e-05,-6.177114506420516e-09,1.00895783994319
0.2453488372093017,0.0399999999999999,0.0,0.0,1.008957810160825
0.2481395348837236,0.00031266399987899733,7.714046174415758e-05,-2.0651118129737517e-08,1.0089369760861473
0.2481395348837236,0.0,0.0,0.0,1.008937039341005
0.246744186046511,0.0396835832672321,7.92327509642251e-05,-3.140501521169455e-09,1.008940677345741
0.246744186046511,0.0399999999999999,0.0,0.0,1.0089407109848512
0.2495348837209329,0.0003113602737427742,7.69338876687254e-05,-7.578723236868412e-09,1.0089194449360477
0.2495348837209329,0.0,0.0,0.0,1.0089194629891949
0.2481395348837203,0.0396821282160546,7.967917404841118e-05,2.193433209265849e-08,1.0089251515661444
0.2481395348837203,0.0399999999999999,0.0,0.0,1.008925166233244
0.2509302325581422,0.0003105068450083915,7.675329426282677e-05,-5.919662135954056e-09,1.0089018162989911
0.2509302325581422,0.0,0.0,0.0,1.0089018524704945
0.2495348837209296,0.0396809031630669,8.005354392684488e-05,-7.890272010688148e-09,1.0089074488966083
0.2495348837209296,0.0399999999999999,0.0,0.0,1.0089074587801798
0.2509302325581389,0.0396801456600027,8.016362542486925e-05,-4.7446137342713846e-09,1.0088911842521353
0.2509302325581389,0.0399999999999999,0.0,0.0,1.0088911660594324
0.2523255813953514,0.0003104788096737708,7.681410878864496e-05,-9.688686946048117e-09,1.0088844626459472
0.2523255813953514,0.0,0.0,0.0,1.008884508787918
0.2537209302325607,0.0003111619130113624,7.704487986979392e-05,-6.574107583091207e-09,1.0088677237452592
0.2537209302325607,0.0,0.0,0.0,1.00886773697056
0.2523255813953483,0.0396803675719828,8.013259798712307e-05,8.256901197648048e-09,1.008874620162843
0.2523255813953483,0.0399999999999999,0.0,0.0,1.0088746509564972
0.2537209302325575,0.0396819153914138,7.981085882115571e-05,7.876576500878382e-09,1.008858154346173
0.2537209302325575,0.0399999999999999,0.0,0.0,1.0088581570399635
0.2551162790697699,0.0003117193235255163,7.72047342340466e-05,-3.701777467506457e-09,1.0088503953775478
0.2551162790697699,0.0,0.0,0.0,1.0088504314467714
0.2565116279069792,0.00031134028430790465,7.722092327617087e-05,-2.4711238191274385e-08,1.0088341233179714
0.2565116279069792,0.0,0.0,0.0,1.0088341693263652
0.2551162790697668,0.0396841767279439,7.925083687431834e-05,-8.750175421225197e-09,1.008841078125536
0.2551162790697668,0.0399999999999999,0.0,0.0,1.0088410754269592
0.2565116279069761,0.0396859432951257,7.875134634926512e-05,-3.3179175698360717e-11,1.0088250049820946
0.2565116279069761,0.0399999999999999,0.0,0.0,1.0088250120778
0.2579069767441854,0.0396868398075761,7.860566157186355e-05,1.884278457603466e-08,1.0088089091184007
0.2579069767441854,0.0399999999999999,0.0,0.0,1.0088089524172157
0.2579069767441885,0.0003101359980403895,7.705415810024043e-05,-5.862536596587927e-09,1.008816198593304
0.2579069767441885,0.0,0.0,0.0,1.008816254627395
0.2593023255813947,0.0396872121812279,7.864131264846682e-05,1.3451481995059704e-08,1.008791878764915
0.2593023255813947,0.0399999999999999,0.0,0.0,1.00879190777095
0.2593023255813977,0.00030899488223917445,7.681506584439964e-05,-1.7283462240063198e-08,1.0087993133945103
0.2593023255813977,0.0,0.0,0.0,1.0087993548292362
0.260697674418607,0.0003086770226048895,7.691420920552422e-05,-1.72890814686462e-08,1.008781723199583
0.260697674418607,0.0,0.0,0.0,1.0087817613010406
0.260697674418604,0.0396867652284886,7.883238065430684e-05,9.245543089983517e-09,1.0087746208004886
0.260697674418604,0.0399999999999999,0.0,0.0,1.0087746600130794
0.2620930232558133,0.0396852336349805,7.925889080150952e-05,2.2001347355835015e-10,1.0087573358350392
0.2620930232558133,0.0399999999999999,0.0,0.0,1.0087573199649085
0.2620930232558163,0.0003089041133439287,7.696872586731474e-05,1.2002082054417849e-08,1.00876348102172
0.2620930232558163,0.0,0.0,0.0,1.0087634864605508
0.2634883720930226,0.0396830947308196,7.9715868628138e-05,-1.7955993676206552e-08,1.0087392645886435
0.2634883720930226,0.0399999999999999,0.0,0.0,1.0087392530702244
0.2648837209302319,0.0396809933461445,8.019839744941646e-05,9.772762782756077e-09,1.008723220890867
0.2648837209302319,0.0399999999999999,0.0,0.0,1.008723234016501
0.2634883720930255,0.0003084348720463455,7.677636203596802e-05,6.163983482407464e-09,1.0087467835916086
0.2634883720930255,0.0,0.0,0.0,1.008746752517198
0.2662790697674412,0.0396793382639765,8.073373380339121e-05,2.034402294013009e-08,1.0087061827188186
0.2662790697674412,0.0399999999999999,0.0,0.0,1.008706256808744
0.2676744186046505,0.0396782223173199,8.116804929270609e-05,1.9855779882557444e-08,1.0086895079916556
0.2676744186046505,0.0399999999999999,0.0,0.0,1.008689540616333
0.2648837209302348,0.00030736437339309554,7.652374867797333e-05,-1.366181825387419e-08,1.0087297924862224
0.2648837209302348,0.0,0.0,0.0,1.0087298493986592
0.2662790697674441,0.00030703323863872875,7.663465181972063e-05,-2.9284436049900292e-08,1.008713331810235
0.2662790697674441,0.0,0.0,0.0,1.0087133952116094
0.2676744186046533,0.0003075020444613399,7.691502942047631e-05,-1.826400126247157e-08,1.0086955034827554
0.2676744186046533,0.0,0.0,0.0,1.0086955945573206
0.2690697674418598,0.0396775052486347,8.140405768171476e-05,-2.298636324139031e-09,1.0086713546903372
0.2690697674418598,0.0399999999999999,0.0,0.0,1.0086713682044923
0.2704651162790691,0.0396768544592506,8.155611370829917e-05,-6.438507220673856e-10,1.008654165009859
0.2704651162790691,0.0399999999999999,0.0,0.0,1.0086541415333463
0.2690697674418626,0.00030819716343622426,7.722256993145514e-05,-1.5768767284987133e-08,1.0086782105712857
0.2690697674418626,0.0,0.0,0.0,1.0086782381937232
0.2704651162790719,0.0003091872396976091,7.749972150152827e-05,5.543533014952992e-09,1.008659543157063
0.2704651162790719,0.0,0.0,0.0,1.0086595504374307
0.2718604651162811,0.0003109255887057162,7.790330635743518e-05,-1.761793337570812e-09,1.0086417731872404
0.2718604651162811,0.0,0.0,0.0,1.008641770185746
0.2718604651162784,0.0396760972814647,8.17156283751542e-05,-6.878646853660916e-09,1.0086361467091225
0.2718604651162784,0.0399999999999999,0.0,0.0,1.008636148367239
0.2732558139534877,0.0396753717089121,8.187177291152698e-05,-2.009445221108757e-09,1.0086190157179695
0.2732558139534877,0.0399999999999999,0.0,0.0,1.008618979320328
0.2732558139534904,0.0003134720501628378,7.855715154321529e-05,3.909234724485951e-09,1.0086238454056693
0.2732558139534904,0.0,0.0,0.0,1.0086238426543404
0.2746511627906997,0.00031639369495414034,7.919405910380231e-05,1.6735645949640164e-08,1.0086063673400782
0.2746511627906997,0.0,0.0,0.0,1.008606322444881
0.274651162790697,0.0396749051635616,8.193622557749922e-05,-1.2372545292888745e-08,1.008600928708948
0.274651162790697,0.0399999999999999,0.0,0.0,1.0086009181443405
0.2760465116279089,0.0003191559748213134,7.981533580162213e-05,-2.5510529428892993e-09,1.0085894173986787
0.2760465116279089,0.0,0.0,0.0,1.00858942382718
0.2774418604651182,0.00032140397516371296,8.04503337803376e-05,-1.3245994702758414e-08,1.008572230353769
0.2774418604651182,0.0,0.0,0.0,1.0085722686656975
0.2760465116279063,0.0396749165284151,8.188419752081462e-05,3.5414993732643444e-10,1.008583970348467
0.2760465116279063,0.0399999999999999,0.0,0.0,1.0085839516175297
0.2788372093023274,0.000323029028199888,8.0961799236903e-05,-1.7677830493275933e-08,1.0085552077716573
0.2788372093023274,0.0,0.0,0.0,1.0085552623263474
0.2802325581395367,0.0003241019121163147,8.13494950802847e-05,-1.3888591398406691e-08,1.0085378328666794
0.2802325581395367,0.0,0.0,0.0,1.0085378695643
0.2774418604651156,0.0396754151097049,8.175901428052399e-05,-3.932004710144589e-09,1.008566261715782
0.2774418604651156,0.0399999999999999,0.0,0.0,1.0085662636303032
0.2788372093023249,0.0396761968500423,8.153446123171517e-05,-1.1245432398555435e-09,1.0085491753524412
0.2788372093023249,0.0399999999999999,0.0,0.0,1.008549169395521
0.281627906976746,0.00032465740268957933,8.155362095292581e-05,-7.495760778243259e-09,1.0085200659919282
0.281627906976746,0.0,0.0,0.0,1.0085201023651114
0.2830232558139552,0.0003247420891841105,8.163516824638674e-05,-8.355886474080496e-09,1.008502550410793
0.2830232558139552,0.0,0.0,0.0,1.0085025654093496
0.2802325581395342,0.0396772305706667,8.128040589127592e-05,8.194663466774334e-10,1.0085318770910698
0.2802325581395342,0.0399999999999999,0.0,0.0,1.0085318788746978
0.2816279069767435,0.0396787992092778,8.087547476918523e-05,-4.899294912360115e-09,1.0085145540979092
0.2816279069767435,0.0399999999999999,0.0,0.0,1.0085145371602162
0.2844186046511645,0.000324440659833218,8.159559053904599e-05,-3.176732142297894e-09,1.0084845591279374
0.2844186046511645,0.0,0.0,0.0,1.008484580693029
0.2858139534883738,0.0003240897494252928,8.152861218239328e-05,-1.0439583884194535e-09,1.0084669035909817
0.2858139534883738,0.0,0.0,0.0,1.0084668988761771
0.2830232558139527,0.039681037691515,8.029747414163685e-05,4.945304284516395e-09,1.0084973616900672
0.2830232558139527,0.0399999999999999,0.0,0.0,1.0084973939775577
0.2844186046511621,0.0396839106658012,7.966258378034759e-05,1.183757885542945e-08,1.0084804859052363
0.2844186046511621,0.0399999999999999,0.0,0.0,1.0084804814486623
0.287209302325583,0.00032406651538026323,8.150128260865708e-05,3.70045386992551e-09,1.008448857154225
0.287209302325583,0.0,0.0,0.0,1.0084488665553926
0.2886046511627923,0.00032429385954006734,8.15773782214678e-05,-6.5582202457126375e-09,1.008431682889276
0.2886046511627923,0.0,0.0,0.0,1.008431676688379
0.2858139534883714,0.0396869026579963,7.888926936407314e-05,-1.986751962261091e-08,1.008462274632837
0.2858139534883714,0.0399999999999999,0.0,0.0,1.00846225309862
0.2872093023255807,0.0396888968466946,7.824772444843174e-05,-9.681610180493104e-09,1.0084458725351857
0.2872093023255807,0.0399999999999999,0.0,0.0,1.0084458394173057
0.2900000000000016,0.0003244600959796441,8.163028800971387e-05,2.0745285652389443e-09,1.0084134417917303
0.2900000000000016,0.0,0.0,0.0,1.0084134611876718
0.2913953488372108,0.0003244052141787587,8.162959325475336e-05,-4.5893621535275e-09,1.008396209836088
0.2913953488372108,0.0,0.0,0.0,1.008396199353623
0.28860465116279,0.0396892215753045,7.818759216280695e-05,1.3018982676230542e-08,1.0084292952001703
0.28860465116279,0.0399999999999999,0.0,0.0,1.0084293402832398
0.2899999999999993,0.0396882540814134,7.857289305873575e-05,2.4899153739350985e-08,1.0084126504126645
0.2899999999999993,0.0399999999999999,0.0,0.0,1.008412722582409
0.2927906976744201,0.00032429565874411264,8.160479863281491e-05,1.8355659005888705e-09,1.008377949530236
0.2927906976744201,0.0,0.0,0.0,1.0083779720272952
0.2913953488372086,0.0396874165389612,7.894770501652877e-05,1.6636567864503607e-08,1.0083952339491953
0.2913953488372086,0.0399999999999999,0.0,0.0,1.008395275211407
0.2941860465116294,0.0003241924885130524,8.161294934549943e-05,-9.562693163219431e-09,1.0083608470207712
0.2941860465116294,0.0,0.0,0.0,1.0083608479833877
0.2927906976744179,0.0396881747025698,7.883468759529044e-05,6.533335461671439e-09,1.008377292025014
0.2927906976744179,0.0399999999999999,0.0,0.0,1.0083772967203255
0.2941860465116272,0.0396901437001094,7.838933985276027e-05,8.097333277043036e-09,1.008358899660401
0.2941860465116272,0.0399999999999999,0.0,0.0,1.0083589429276318
0.2955813953488365,0.0396916660075979,7.804531290669394e-05,-2.0742002004795743e-09,1.008340783582278
0.2955813953488365,0.0399999999999999,0.0,0.0,1.0083407706786192
0.2955813953488386,0.00032373876689748146,8.153425164479866e-05,-2.1550407157485182e-09,1.0083424896201274
0.2955813953488386,0.0,0.0,0.0,1.0083425270717452
0.2969767441860479,0.00032294023510518903,8.139270197172151e-05,-1.1130638132267092e-08,1.0083254298225983
0.2969767441860479,0.0,0.0,0.0,1.0083254295774506
0.2969767441860457,0.0396922661180029,7.778240840807565e-05,-2.4791516144138113e-08,1.0083223640561416
0.2969767441860457,0.0399999999999999,0.0,0.0,1.0083223048624894
0.2983720930232572,0.00032225986426451594,8.121377517495868e-05,1.2343741321463358e-08,1.008306774861836
0.2983720930232572,0.0,0.0,0.0,1.0083067858700103
0.298372093023255,0.0396919236028899,7.775962249078698e-05,3.5689793609332316e-09,1.0083053024489654
0.298372093023255,0.0399999999999999,0.0,0.0,1.008305304646497
0.2997674418604644,0.0396903271030104,7.823869507180737e-05,3.339571725835526e-09,1.0082876051250418
0.2997674418604644,0.0399999999999999,0.0,0.0,1.0082875996455265
0.2997674418604664,0.0003218994767315231,8.110198654436479e-05,-1.0381197990127636e-08,1.00829028979361
0.2997674418604664,0.0,0.0,0.0,1.008290286722368
0.3011627906976736,0.039687818301109,7.878120237713933e-05,-2.070358610133757e-08,1.0082696711220078
0.3011627906976736,0.0399999999999999,0.0,0.0,1.008269635286003
0.302558139534883,0.0396850962015446,7.935599257318727e-05,-3.9261900495250495e-09,1.0082527679092097
0.302558139534883,0.0399999999999999,0.0,0.0,1.0082527571219704
0.3011627906976757,0.00032174159558852127,8.116994856307529e-05,-1.8710410985842296e-08,1.0082721312487084
0.3011627906976757,0.0,0.0,0.0,1.0082722055693762
0.302558139534885,0.0003215878651154969,8.126951323623312e-05,-1.2273456381111136e-08,1.0082545128201872
0.302558139534885,0.0,0.0,0.0,1.0082545160412717
0.3039534883720923,0.0396827993614396,8.000784706068015e-05,2.1219924563107377e-08,1.0082361448477066
0.3039534883720923,0.0399999999999999,0.0,0.0,1.0082361884568811
0.3053488372093015,0.0396813410936111,8.04912079137521e-05,3.5098602558669123e-09,1.0082185586597108
0.3053488372093015,0.0399999999999999,0.0,0.0,1.008218570395625
0.3039534883720942,0.0003214053939262737,8.113203412718892e-05,3.3832424445283014e-08,1.0082351732086658
0.3039534883720942,0.0,0.0,0.0,1.008235129681423
0.3053488372093035,0.0003212735028476085,8.091177948025493e-05,1.1836213999738108e-08,1.0082186183427386
0.3053488372093035,0.0,0.0,0.0,1.0082185470197524
0.3067441860465109,0.0396806381240921,8.063235675333039e-05,-1.1829163733554375e-09,1.008200945826253
0.3067441860465109,0.0399999999999999,0.0,0.0,1.0082009799785023
0.3067441860465127,0.00032139083797909926,8.091142876375906e-05,-1.329947851462993e-09,1.0082007143941718
0.3067441860465127,0.0,0.0,0.0,1.0082007447038486
0.308139534883722,0.00032192726192404426,8.113441788769782e-05,-2.0699018203051484e-08,1.0081840565236018
0.308139534883722,0.0,0.0,0.0,1.0081840807806226
0.3081395348837202,0.0396803137366723,8.081763608601891e-05,2.4884741289812268e-08,1.008184390907253
0.3081395348837202,0.0399999999999999,0.0,0.0,1.008184425000862
0.3095348837209313,0.00032280301737486856,8.143104239449315e-05,5.034385269896656e-09,1.0081658633353812
0.3095348837209313,0.0,0.0,0.0,1.0081658748771287
0.3109302325581405,0.0003237456075152687,8.157155553816827e-05,1.3837170964687377e-08,1.0081486051991846
0.3109302325581405,0.0,0.0,0.0,1.008148566012951
0.3095348837209294,0.039680084231338,8.098380177279232e-05,2.350542199043142e-09,1.0081659283455875
0.3095348837209294,0.0399999999999999,0.0,0.0,1.0081659557854614
0.3109302325581387,0.0396797842142959,8.104022920069312e-05,-5.196960691623382e-09,1.008148317657224
0.3109302325581387,0.0399999999999999,0.0,0.0,1.0081482799434904
0.3123255813953498,0.0003244743139761297,8.171200345990714e-05,-3.263105812375052e-09,1.008131442653588
0.3123255813953498,0.0,0.0,0.0,1.008131457746084
0.3137209302325591,0.0003249227319719366,8.192139573866787e-05,-1.973197988668783e-08,1.0081147002012043
0.3137209302325591,0.0,0.0,0.0,1.0081147389561391
0.312325581395348,0.0396793411954935,8.108040489033796e-05,-1.4053894079363332e-08,1.0081300215954272
0.312325581395348,0.0399999999999999,0.0,0.0,1.0081300213834965
0.3137209302325573,0.0396786769776513,8.120584883343805e-05,2.5733146139215443e-09,1.0081136161091893
0.3137209302325573,0.0399999999999999,0.0,0.0,1.0081135858843446
0.3151162790697683,0.0003252089489683116,8.211081402718592e-05,-1.4399631691481348e-08,1.0080969839867249
0.3151162790697683,0.0,0.0,0.0,1.0080970451100246
0.3165116279069776,0.0003254500521566212,8.228570047079122e-05,-1.677334243648257e-08,1.0080797100156824
0.3165116279069776,0.0,0.0,0.0,1.0080797384657043
0.3151162790697666,0.0396777712343225,8.147047551308543e-05,7.799072219207987e-09,1.0080959693247675
0.3151162790697666,0.0399999999999999,0.0,0.0,1.008096002193154
0.3179069767441869,0.00032563190178089453,8.239658301769222e-05,-2.812011961626034e-09,1.0080612731231384
0.3179069767441869,0.0,0.0,0.0,1.008061302274444
0.3193023255813961,0.0003256861744270242,8.242527855373054e-05,-2.326960989274063e-09,1.0080433973244791
0.3193023255813961,0.0,0.0,0.0,1.00804338933992
0.3165116279069759,0.0396767833287823,8.18008974424066e-05,1.3924832974662613e-08,1.008078512141985
0.3165116279069759,0.0399999999999999,0.0,0.0,1.0080785583107563
0.3206976744186054,0.0003255805922389066,8.238101088997884e-05,7.2639486942062855e-09,1.0080249187380563
0.3206976744186054,0.0,0.0,0.0,1.008024931773246
0.3220930232558147,0.00032537766340333526,8.229442094793778e-05,4.1226107075213056e-10,1.0080074483263046
0.3220930232558147,0.0,0.0,0.0,1.008007412183584
0.3179069767441853,0.0396760271139767,8.206685978449628e-05,8.457427562261238e-09,1.0080606728402948
0.3179069767441853,0.0399999999999999,0.0,0.0,1.0080607071609298
0.3193023255813945,0.0396759023484328,8.21532932956706e-05,6.6700985955757595e-09,1.0080430058499965
0.3193023255813945,0.0399999999999999,0.0,0.0,1.0080430185392169
0.3234883720930239,0.00032526943529399854,8.224767553676588e-05,6.0413238771373855e-09,1.0079887461011678
0.3234883720930239,0.0,0.0,0.0,1.0079887606815183
0.3248837209302332,0.0003253757968090624,8.228178741742455e-05,-7.957874125867869e-09,1.0079715244693364
0.3248837209302332,0.0,0.0,0.0,1.0079715169934254
0.3206976744186038,0.0396768460795843,8.195148275072842e-05,5.892258146816806e-09,1.0080249784628956
0.3206976744186038,0.0399999999999999,0.0,0.0,1.0080250130148096
0.3220930232558132,0.0396791050326919,8.14483288899385e-05,8.954549436637222e-09,1.0080074928869485
0.3220930232558132,0.0399999999999999,0.0,0.0,1.0080074890801518
0.3262790697674425,0.00032569768166893707,8.23976703731364e-05,-1.8873630592538917e-09,1.00795296087598
0.3262790697674425,0.0,0.0,0.0,1.007952991619709
0.3276744186046517,0.00032610189202179874,8.253489209190067e-05,-5.7180947293877724e-09,1.0079354261880369
0.3276744186046517,0.0,0.0,0.0,1.007935411720278
0.3234883720930225,0.0396820866187942,8.068960373202623e-05,-1.07963897498395e-08,1.00798900663527
0.3234883720930225,0.0399999999999999,0.0,0.0,1.007989006712717
0.3248837209302317,0.0396846623198773,7.996859075724278e-05,-6.988543626132731e-09,1.0079719772237918
0.3248837209302317,0.0399999999999999,0.0,0.0,1.0079719305167525
0.329069767441861,0.0003262177300648475,8.250791633474186e-05,2.1724267794488743e-08,1.0079165040247904
0.329069767441861,0.0,0.0,0.0,1.0079164819828168
0.3304651162790702,0.0003257700679025803,8.225701642150057e-05,1.4263235093503696e-08,1.007899537046836
0.3304651162790702,0.0,0.0,0.0,1.0078994710887332
0.326279069767441,0.0396861387839755,7.952744335139607e-05,-1.1970701443954604e-08,1.0079540823127398
0.326279069767441,0.0399999999999999,0.0,0.0,1.0079540777277876
0.3318604651162795,0.0003248929250275186,8.196174732996519e-05,4.747834268460285e-09,1.0078817958750284
0.3318604651162795,0.0,0.0,0.0,1.007881806410167
0.3276744186046503,0.039686268311875,7.949255490359869e-05,1.919269680423587e-08,1.0079374156865153
0.3276744186046503,0.0399999999999999,0.0,0.0,1.007937462025397
0.3290697674418596,0.0396853423595981,7.993365452570693e-05,2.5163538049477733e-08,1.0079197706051175
0.3290697674418596,0.0399999999999999,0.0,0.0,1.0079198200296873
0.3332558139534888,0.00032392778667316856,8.178921487958582e-05,-1.9069408422056015e-08,1.0078653933605863
0.3332558139534888,0.0,0.0,0.0,1.0078654064347548
0.3304651162790689,0.0396843046483988,8.024016701097339e-05,-9.3837104724034e-09,1.007900730666447
0.3304651162790689,0.0399999999999999,0.0,0.0,1.0079007354097216
0.3318604651162782,0.0396839324797969,8.028700935238216e-05,1.460018171138103e-09,1.0078831646338249
0.3318604651162782,0.0399999999999999,0.0,0.0,1.0078831607250995
0.334651162790698,0.0003230029913552242,8.16391976449187e-05,-6.707635788099182e-09,1.00784695709523
0.334651162790698,0.0,0.0,0.0,1.007847021641436
0.3360465116279073,0.0003222441084089628,8.15675467738431e-05,-2.6377862239062773e-08,1.0078301007451032
0.3360465116279073,0.0,0.0,0.0,1.0078301333903463
0.3332558139534875,0.0396842041673705,8.027188150831063e-05,1.1508890195187773e-08,1.0078650102778433
0.3332558139534875,0.0399999999999999,0.0,0.0,1.0078650454315268
0.3346511627906968,0.0396845730916096,8.0264627472535e-05,6.059475751823391e-09,1.007846995814028
0.3346511627906968,0.0399999999999999,0.0,0.0,1.0078469817057705
0.3374418604651166,0.0003224391161549197,8.17392068543584e-05,-2.747861539856782e-09,1.007811180382281
0.3374418604651166,0.0,0.0,0.0,1.0078112185752974
0.3388372093023258,0.0003237022833299894,8.199340635466682e-05,1.6485874190775407e-08,1.0077930648193845
0.3388372093023258,0.0,0.0,0.0,1.0077930143124998
0.3360465116279061,0.0396849486027782,8.010679634715775e-05,-2.071413062263195e-08,1.0078278267709466
0.3360465116279061,0.0399999999999999,0.0,0.0,1.007827800936296
0.3402325581395351,0.00032363285589503624,8.183211509779391e-05,2.048059994025572e-08,1.0077749214776497
0.3402325581395351,0.0,0.0,0.0,1.0077748887435145
0.3374418604651155,0.0396859968627655,7.971844345142403e-05,-1.0813908832238424e-08,1.0078104618784955
0.3374418604651155,0.0399999999999999,0.0,0.0,1.0078104015184313
0.3416279069767444,0.0003198693512511585,8.085136082078956e-05,-1.2632119132860693e-08,1.0077582565305132
0.3416279069767444,0.0,0.0,0.0,1.0077582504525142
0.3388372093023247,0.0396882205232222,7.908748614988719e-05,-6.4900588536268465e-09,1.0077920044891016
0.3388372093023247,0.0399999999999999,0.0,0.0,1.007792011272652
0.340232558139534,0.0396919406745735,7.817406015071458e-05,1.2504917765921165e-08,1.0077745772354798
0.340232558139534,0.0399999999999999,0.0,0.0,1.0077745844324937
0.3430232558139536,0.0003123255100599192,7.90512371353335e-05,-2.073928406549674e-09,1.0077401352528532
0.3430232558139536,0.0,0.0,0.0,1.0077401412672755
0.3416279069767433,0.0396982101548671,7.66168014735225e-05,-1.3198567329344274e-08,1.007755647077921
0.3416279069767433,0.0399999999999999,0.0,0.0,1.0077556308115865
0.3444186046511629,0.00030053314860466104,7.596034896878879e-05,2.98481771081972e-08,1.0077220292716826
0.3444186046511629,0.0,0.0,0.0,1.007721971136249
0.3430232558139526,0.0397077099888704,7.409174393983993e-05,-9.779294969672315e-09,1.0077384311560793
0.3430232558139526,0.0399999999999999,0.0,0.0,1.0077383853353037
0.3458139534883722,0.0002859716001974577,7.213971085418714e-05,1.6586260205366383e-09,1.0077059310749592
0.3458139534883722,0.0,0.0,0.0,1.0077059202549203
0.3472093023255814,0.0002737852875059769,6.919437198649814e-05,-1.9555667165471724e-08,1.0076899121225815
0.3472093023255814,0.0,0.0,0.0,1.007689977977247
0.3486046511627907,0.0002668918327987052,6.760188083322204e-05,-2.1567755589684932e-08,1.0076731234704244
0.3486046511627907,0.0,0.0,0.0,1.0076732213615751
0.3444186046511619,0.0397193460837351,7.111156918965432e-05,-9.373007964774207e-09,1.0077205827030575
0.3444186046511619,0.0399999999999999,0.0,0.0,1.0077205515891263
0.3458139534883712,0.0397304853047655,6.818663853165772e-05,-1.2361691153498905e-08,1.0077030770011242
0.3458139534883712,0.0399999999999999,0.0,0.0,1.007703052554736
0.35,0.00026787303854219224,6.806478245210211e-05,-2.077161010005582e-08,1.007656450529376
0.35,0.0,0.0,0.0,1.0076565129128658
0.3472093023255805,0.0397372287610364,6.645845834959917e-05,4.2947228724141345e-09,1.0076867885202143
0.3472093023255805,0.0399999999999999,0.0,0.0,1.0076868098427003
0.3486046511627898,0.039738691560753,6.61994643971657e-05,2.2673839726484145e-08,1.0076706857423012
0.3486046511627898,0.0399999999999999,0.0,0.0,1.0076707584584277
0.3499999999999999,0.0397344777920024,6.74636776226262e-05,1.5040494371894246e-08,1.0076534333697391
0.35,0.04,0.0,0.0,1.007653503424238
0.3513986013986523,0.00026885424428568354,6.839339864562228e-05,-1.163097667854618e-09,1.0076387934713924
0.3513986013986523,0.0,0.0,0.0,1.007638802966024
0.3527972027972536,0.0002745357039533752,6.984493368450924e-05,-5.396571408705479e-09,1.0076213842615551
0.3527972027972536,0.0,0.0,0.0,1.0076214178564018
0.3541958041958549,0.00028117015762771505,7.162934071523879e-05,-1.738379085948339e-08,1.0076043899819715
0.3541958041958549,0.0,0.0,0.0,1.007604422778876
0.3555944055944562,0.00028780461130205483,7.339921126931043e-05,-4.978659043746519e-10,1.007585832092024
0.3555944055944562,0.0,0.0,0.0,1.0075858539172358
0.3513986013986014,0.0397302640232518,6.857345279908971e-05,3.9530304850812937e-10,1.0076363159488166
0.3513986013986014,0.0399999999999999,0.0,0.0,1.007636296013367
0.3569930069930574,0.0002944122531237772,7.506142189862128e-05,-6.194073990375937e-09,1.0075677428139282
0.3569930069930574,0.0,0.0,0.0,1.0075677662209628
0.3583916083916588,0.00030020547570156744,7.667712422375364e-05,-2.228621835977449e-08,1.0075498443528503
0.3583916083916588,0.0,0.0,0.0,1.0075498810455523
0.3527972027972029,0.0397231092684585,7.036755170504974e-05,-7.1915819927586474e-09,1.0076185913241456
0.3527972027972029,0.0399999999999999,0.0,0.0,1.0076185835946896
0.35979020979026,0.0003054803189320266,7.807759454288406e-05,7.361173424381276e-09,1.0075301810261728
0.35979020979026,0.0,0.0,0.0,1.0075301887064485
0.3611888111888613,0.0003102758013153083,7.919156302200717e-05,1.4177324839919784e-08,1.0075113920198768
0.3611888111888613,0.0,0.0,0.0,1.0075113304002885
0.3541958041958045,0.0397158500210809,7.215287785000061e-05,1.9418520531461307e-09,1.0076016531210803
0.3541958041958045,0.0399999999999999,0.0,0.0,1.0076016631399125
0.3555944055944059,0.0397086351950888,7.408010951300403e-05,1.91283680382694e-08,1.0075847641243076
0.3555944055944059,0.0399999999999999,0.0,0.0,1.0075848126304994
0.3625874125874626,0.00031443354617330144,8.013664672547834e-05,1.9211902558731932e-08,1.0074921764660625
0.3625874125874626,0.0,0.0,0.0,1.0074921244324002
0.3639860139860639,0.00031783243996259515,8.08529664621321e-05,1.6473153005603067e-08,1.0074736776396014
0.3639860139860639,0.0,0.0,0.0,1.0074736411201417
0.3569930069930074,0.0397020299088056,7.585883106028605e-05,6.540933934150998e-09,1.0075666929784843
0.3569930069930074,0.0399999999999999,0.0,0.0,1.0075667237259227
0.3653846153846652,0.00032049029199528124,8.146138934098165e-05,3.773001703558425e-09,1.0074559263478902
0.3653846153846652,0.0,0.0,0.0,1.0074559023359408
0.3583916083916089,0.0396973858390211,7.708221546321649e-05,1.0817765891942324e-08,1.0075488459269042
0.3583916083916089,0.0399999999999999,0.0,0.0,1.007548862777232
0.3667832167832665,0.00032240614897319377,8.191540335507753e-05,5.244092216344513e-09,1.0074377821055085
0.3667832167832665,0.0,0.0,0.0,1.0074377587775616
0.3597902097902104,0.0396949886746951,7.781652688837417e-05,1.8411825965571632e-08,1.0075303888601883
0.3597902097902104,0.0399999999999999,0.0,0.0,1.007530450563475
0.3611888111888118,0.0396938505609433,7.81734780775374e-05,-4.557844133227517e-09,1.0075114863440038
0.3611888111888118,0.0399999999999999,0.0,0.0,1.007511456168949
0.3681818181818678,0.00032308298082978304,8.204757031924655e-05,5.201761206845482e-09,1.007419585629479
0.3681818181818678,0.0,0.0,0.0,1.007419583499183
0.3625874125874134,0.0396927088272063,7.832110700779408e-05,-2.8292201765345306e-08,1.0074921942469992
0.3625874125874134,0.0399999999999999,0.0,0.0,1.0074921310072482
0.3639860139860148,0.0396902195569845,7.879183003336867e-05,-1.0137724353588065e-08,1.00747438142432
0.3639860139860148,0.0399999999999999,0.0,0.0,1.007474352166006
0.369580419580469,0.0003222706333178768,8.182603208034776e-05,1.433408704480801e-09,1.0074020450795118
0.369580419580469,0.0,0.0,0.0,1.0074020231082574
0.3653846153846163,0.0396863600873436,7.977979822956972e-05,1.035107032524007e-08,1.007456782769032
0.3653846153846163,0.0399999999999999,0.0,0.0,1.007456815118838
0.3709790209790703,0.00032058887583314626,8.138498561046334e-05,7.619647704713955e-10,1.007384026057374
0.3709790209790703,0.0,0.0,0.0,1.0073840364226778
0.3723776223776716,0.0003185762680862396,8.091630503697853e-05,-9.63153468430825e-09,1.0073664825408817
0.3723776223776716,0.0,0.0,0.0,1.0073664860124365
0.3667832167832178,0.0396826842811611,8.078751521135411e-05,6.3474330048744095e-09,1.0074389931468812
0.3667832167832178,0.0399999999999999,0.0,0.0,1.0074389903148715
0.3737762237762729,0.00031636326908936224,8.038969884758223e-05,1.004969650514902e-10,1.0073476901027585
0.3737762237762729,0.0,0.0,0.0,1.007347709408324
0.3751748251748742,0.00031439388265471846,7.990939498095682e-05,-6.204826614621759e-09,1.0073295665951958
0.3751748251748742,0.0,0.0,0.0,1.0073295632328596
0.3765734265734755,0.0003134999667792285,7.966630990390362e-05,1.766369654867921e-08,1.0073104469525984
0.3765734265734755,0.0,0.0,0.0,1.007310406477211
0.3681818181818193,0.0396802051475724,8.139500237981103e-05,-1.1026390137351365e-08,1.0074203943857614
0.3681818181818193,0.0399999999999999,0.0,0.0,1.007420344973333
0.3779720279720767,0.0003138744891775796,7.954973898196389e-05,3.112349189484498e-08,1.0072920902722369
0.3779720279720767,0.0,0.0,0.0,1.007292016345162
0.3695804195804207,0.0396788236377991,8.164279209622187e-05,-1.5988579765429274e-08,1.0074016318824763
0.3695804195804207,0.0399999999999999,0.0,0.0,1.0074015945955783
0.379370629370678,0.00031507457015456244,7.970755353049709e-05,9.893363518610776e-09,1.0072751259007753
0.379370629370678,0.0,0.0,0.0,1.0072750762221148
0.3709790209790222,0.0396781791787654,8.171872752946612e-05,-7.498288465159129e-09,1.0073836132281722
0.3709790209790222,0.0399999999999999,0.0,0.0,1.0073836087391512
0.3723776223776237,0.0396779217268689,8.175486191059296e-05,-1.4317718941702344e-09,1.007366060749044
0.3723776223776237,0.0399999999999999,0.0,0.0,1.0073660438847618
0.3807692307692793,0.000316708061342778,8.008354467277871e-05,8.316767187010283e-10,1.0072578351770418
0.3807692307692793,0.0,0.0,0.0,1.007257846829149
0.3737762237762252,0.0396779846654467,8.1723554287664e-05,-5.012611958522088e-10,1.007347975949024
0.3737762237762252,0.0399999999999999,0.0,0.0,1.0073479947866797
0.3751748251748267,0.0396785764753513,8.160824199253e-05,5.590662275811817e-09,1.007330689869462
0.3751748251748267,0.0399999999999999,0.0,0.0,1.007330673196489
0.3821678321678806,0.00031844032612011065,8.058313905504569e-05,-1.878250640474076e-08,1.007241251389089
0.3821678321678806,0.0,0.0,0.0,1.0072412834513649
0.3765734265734282,0.0396800345578461,8.122871312094527e-05,-4.019063665671008e-09,1.007312120729297
0.3765734265734282,0.0399999999999999,0.0,0.0,1.0073121533436686
0.3779720279720296,0.0396826406125113,8.062407373820996e-05,1.5337980162760542e-08,1.0072953387773806
0.3779720279720296,0.0399999999999999,0.0,0.0,1.0072953294052265
0.3835664335664819,0.0003198501854977439,8.109311765036297e-05,-2.037462501141756e-08,1.0072235890325252
0.3835664335664819,0.0,0.0,0.0,1.0072236522051286
0.3849650349650831,0.0003206381209029321,8.138614155106604e-05,-6.898276854899444e-09,1.0072053609467253
0.3849650349650831,0.0,0.0,0.0,1.0072053838999186
0.3793706293706311,0.0396860785857935,7.975568866760753e-05,-2.0213750069233784e-08,1.0072762205775885
0.3793706293706311,0.0399999999999999,0.0,0.0,1.0072761940728538
0.3807692307692326,0.0396888654519706,7.888531515439779e-05,-1.5029968151669292e-08,1.0072590134950494
0.3807692307692326,0.0399999999999999,0.0,0.0,1.0072589632099993
0.3821678321678341,0.0396900630346821,7.856114052714685e-05,9.745896839425812e-09,1.0072414472898632
0.3821678321678341,0.0399999999999999,0.0,0.0,1.007241500428196
0.3863636363636845,0.0003207087011766705,8.141075818368259e-05,5.312790548444912e-09,1.0071870237488965
0.3863636363636845,0.0,0.0,0.0,1.0071870015608966
0.3835664335664356,0.0396902443072521,7.867897978316729e-05,2.8181977910271093e-08,1.0072247187319432
0.3835664335664356,0.0399999999999999,0.0,0.0,1.0072247651493882
0.3877622377622857,0.000319814110239874,8.110457484830242e-05,1.7103178737742627e-08,1.0071687220876688
0.3877622377622857,0.0,0.0,0.0,1.0071686812669027
0.3849650349650371,0.0396895611902407,7.897132217832361e-05,2.317693511329316e-09,1.0072058091478626
0.3849650349650371,0.0399999999999999,0.0,0.0,1.0072058203429584
0.3863636363636386,0.0396875729956187,7.943167067185836e-05,-1.3098485150509202e-08,1.007187328396078
0.3863636363636386,0.0399999999999999,0.0,0.0,1.0071872806388191
0.389160839160887,0.00031837753743508385,8.060845302919043e-05,1.3707158815778782e-08,1.0071507428121174
0.389160839160887,0.0,0.0,0.0,1.007150729088209
0.3905594405594883,0.0003176600916781172,8.043921292884645e-05,-1.2404572568392748e-08,1.007134153995905
0.3905594405594883,0.0,0.0,0.0,1.0071341417745034
0.3919580419580896,0.0003178855478165467,8.054006319539485e-05,2.088649180848536e-09,1.0071155856853142
0.3919580419580896,0.0,0.0,0.0,1.0071156067655116
0.38776223776224,0.0396844840836668,8.007021970511181e-05,-2.0756607192281213e-08,1.0071685556501369
0.38776223776224,0.0399999999999999,0.0,0.0,1.0071685330054967
0.3891608391608415,0.0396811790580338,8.086066991630214e-05,9.434584750530366e-09,1.007151783492712
0.3891608391608415,0.0399999999999999,0.0,0.0,1.0071517867357298
0.3933566433566909,0.0003178831689667584,8.051904541416931e-05,-2.112435509868619e-10,1.0070978675459954
0.3933566433566909,0.0,0.0,0.0,1.0070978572901053
0.390559440559443,0.0396785052728082,8.162365659327794e-05,1.2937437549010373e-08,1.007133645475068
0.390559440559443,0.0399999999999999,0.0,0.0,1.0071337060195589
0.3919580419580445,0.0396770579264428,8.21057890181465e-05,1.7447335386244054e-08,1.0071162188218106
0.3919580419580445,0.0399999999999999,0.0,0.0,1.0071162279498556
0.3947552447552921,0.00031677086995594763,8.023947796570346e-05,2.759807968293859e-09,1.007079637222957
0.3947552447552921,0.0,0.0,0.0,1.0070796305249157
0.3961538461538935,0.0003150740391993485,7.980736857031457e-05,-3.0010659113188142e-09,1.007061856255697
0.3961538461538935,0.0,0.0,0.0,1.0070618421722164
0.3975524475524947,0.0003139710346485031,7.956449917997313e-05,-2.7699599432670573e-09,1.0070435312010844
0.3975524475524947,0.0,0.0,0.0,1.007043545115189
0.393356643356646,0.0396772310094667,8.210088500146689e-05,-8.165383644156533e-09,1.0070971153623107
0.393356643356646,0.0399999999999999,0.0,0.0,1.0070971312198702
0.3947552447552475,0.0396790513619447,8.15919261609513e-05,-2.3550390001198354e-10,1.0070796238518138
0.3947552447552475,0.0399999999999999,0.0,0.0,1.0070795936950188
0.398951048951096,0.0003142404009746458,7.959888684277114e-05,1.12480916657946e-08,1.0070252220622755
0.398951048951096,0.0,0.0,0.0,1.007025215289593
0.4003496503496973,0.00031578117717544354,7.989257348563465e-05,9.23192283545946e-09,1.007007626695054
0.4003496503496973,0.0,0.0,0.0,1.007007596639042
0.3961538461538489,0.0396817671115576,8.08717474368204e-05,-1.7565702498129648e-08,1.0070609988456496
0.3961538461538489,0.0399999999999999,0.0,0.0,1.0070609447736931
0.3975524475524504,0.0396842912684406,8.004753949977081e-05,-2.6891138092023698e-08,1.0070430308236444
0.3975524475524504,0.0399999999999999,0.0,0.0,1.0070429632628912
0.3989510489510519,0.0396863336235076,7.941690626729138e-05,-2.0540285401171307e-09,1.0070258875504965
0.3989510489510519,0.0399999999999999,0.0,0.0,1.007025894903516
0.4017482517482986,0.0003176822727537021,8.035899520090152e-05,-2.641597915193023e-09,1.0069904436795936
0.4017482517482986,0.0,0.0,0.0,1.0069904634231763
0.4031468531468999,0.00031916424824223377,8.077157488802129e-05,-1.224207895176369e-08,1.0069732491946963
0.4031468531468999,0.0,0.0,0.0,1.0069732707069483
0.4003496503496534,0.039688263096353,7.901194053716289e-05,2.1191377022479532e-08,1.0070090868200687
0.4003496503496534,0.0399999999999999,0.0,0.0,1.0070091301829536
0.4045454545455011,0.0003201103100129628,8.114601811116625e-05,-1.9885077697510956e-08,1.006955695728253
0.4045454545455011,0.0,0.0,0.0,1.0069557497878665
0.4059440559441024,0.0003206838828011313,8.138500900585727e-05,-8.366035693987836e-09,1.0069374867656782
0.4059440559441024,0.0,0.0,0.0,1.0069375284849515
0.4017482517482549,0.0396893629775216,7.887252902183604e-05,1.3744337362614416e-08,1.0069908943345314
0.4017482517482549,0.0399999999999999,0.0,0.0,1.0069909317789905
0.4073426573427037,0.00032118852292354244,8.157111476868518e-05,-8.126275252923736e-09,1.0069196784271293
0.4073426573427037,0.0,0.0,0.0,1.0069196915097474
0.408741258741305,0.00032182118534508294,8.175016855402322e-05,3.509030592469341e-09,1.0069012381084164
0.408741258741305,0.0,0.0,0.0,1.0069012374759292
0.4031468531468564,0.0396887682181523,7.907501294533831e-05,2.0047757303639887e-10,1.0069723365055
0.4031468531468564,0.0399999999999999,0.0,0.0,1.0069723320802246
0.4101398601399063,0.0003224798123590722,8.187778691593771e-05,3.257365677207294e-09,1.0068830689182258
0.4101398601399063,0.0,0.0,0.0,1.006883063107702
0.4115384615385076,0.0003230440357995938,8.202935545957433e-05,-2.2397242561260193e-09,1.006865142032535
0.4115384615385076,0.0,0.0,0.0,1.0068651314133106
0.4045454545454578,0.0396869700086647,7.948325345530688e-05,-1.221990956849699e-08,1.0069536418498657
0.4045454545454578,0.0399999999999999,0.0,0.0,1.006953610295515
0.4059440559440593,0.0396849353517247,7.989760805460988e-05,-1.2755527685704508e-08,1.006935382110577
0.4059440559440593,0.0399999999999999,0.0,0.0,1.006935343306784
0.4129370629371088,0.0003233419413482197,8.207369752477802e-05,9.830584481380782e-09,1.0068465118766377
0.4129370629371088,0.0,0.0,0.0,1.006846503384613
0.4143356643357102,0.0003232907860364121,8.200659865467157e-05,5.085101816880863e-09,1.0068288221913957
0.4143356643357102,0.0,0.0,0.0,1.006828787121442
0.4073426573426608,0.0396831981227405,8.026176392604656e-05,-8.396725639282651e-09,1.0069173816362091
0.4073426573426608,0.0399999999999999,0.0,0.0,1.0069173601201529
0.4087412587412623,0.0396817714735777,8.05728601102569e-05,-6.692343442658203e-09,1.0068998263794882
0.4087412587412623,0.0399999999999999,0.0,0.0,1.006899796208774
0.4157342657343114,0.00032296379285398245,8.187297208396406e-05,1.0652406853795824e-08,1.006810607003447
0.4157342657343114,0.0,0.0,0.0,1.006810591031818
0.4101398601398638,0.0396805915129608,8.082401791757824e-05,-7.734401103661132e-10,1.0068819274242378
0.4101398601398638,0.0399999999999999,0.0,0.0,1.0068819530733166
0.4115384615384653,0.0396794335178564,8.119640833043739e-05,1.8430429171128715e-08,1.0068650039322369
0.4115384615384653,0.0399999999999999,0.0,0.0,1.0068650203547642
0.4171328671329127,0.0003223528007693193,8.16405411731966e-05,1.0212226607134314e-08,1.0067930628147883
0.4171328671329127,0.0,0.0,0.0,1.0067930249202648
0.4129370629370668,0.0396780969157612,8.157642444993655e-05,-8.725812563591686e-09,1.006846287102208
0.4129370629370668,0.0399999999999999,0.0,0.0,1.0068462960462763
0.418531468531514,0.00032169458231045374,8.141438548427427e-05,4.957567734242623e-09,1.0067753555805958
0.418531468531514,0.0,0.0,0.0,1.006775346833081
0.4199300699301153,0.00032113642634520515,8.127798738727401e-05,-1.2203536412903322e-09,1.006758186917064
0.4199300699301153,0.0,0.0,0.0,1.0067581657023743
0.4213286713287166,0.00031997944337825525,8.09289508784177e-05,1.3201869317025027e-08,1.0067398221583792
0.4213286713287166,0.0,0.0,0.0,1.006739816908754
0.4143356643356682,0.0396766805142572,8.18795561639822e-05,-1.1247207299235628e-10,1.0068292264864236
0.4143356643356682,0.0399999999999999,0.0,0.0,1.0068292136814507
0.4227272727273178,0.0003178048891700257,8.038452349863453e-05,-1.6814084673858426e-08,1.0067230562263954
0.4227272727273178,0.0,0.0,0.0,1.0067230747054805
0.4157342657342697,0.0396755261626276,8.221234908355033e-05,1.1672538064716372e-08,1.006811414451272
0.4157342657342697,0.0399999999999999,0.0,0.0,1.0068114685161609
0.4241258741259191,0.0003151172840288908,7.985412185655466e-05,-1.4799780967104693e-08,1.006704863467802
0.4241258741259191,0.0,0.0,0.0,1.0067049022700747
0.4171328671328712,0.0396749738978573,8.24597335889433e-05,1.4510136693152471e-08,1.0067940536836422
0.4171328671328712,0.0399999999999999,0.0,0.0,1.0067940718181534
0.4255244755245204,0.0003124450226937792,7.923604882754854e-05,-5.5235614376265985e-09,1.0066863745917096
0.4255244755245204,0.0,0.0,0.0,1.0066863999080846
0.4185314685314727,0.0396749771322943,8.252352864188826e-05,5.599374753446714e-09,1.00677590792
0.4185314685314727,0.0399999999999999,0.0,0.0,1.0067759334497048
0.4199300699300742,0.0396751549112687,8.251118688016362e-05,2.192038003884376e-09,1.006757851216174
0.4199300699300742,0.0399999999999999,0.0,0.0,1.0067578407407207
0.4269230769231217,0.0003105896832053691,7.882179515399798e-05,-4.292335338894922e-09,1.0066683557000806
0.4269230769231217,0.0,0.0,0.0,1.0066683761621835
0.428321678321723,0.0003104392072563784,7.871447242835408e-05,2.0830007180950217e-08,1.0066500076204536
0.428321678321723,0.0,0.0,0.0,1.0066499694645945
0.4297202797203242,0.0003115842520235177,7.888540495938638e-05,3.3113905757027733e-09,1.0066330636489529
0.4297202797203242,0.0,0.0,0.0,1.0066330446388454
0.4213286713286757,0.0396753080706047,8.244879870904054e-05,-8.26495050718342e-09,1.0067392959155383
0.4213286713286757,0.0399999999999999,0.0,0.0,1.0067392883469302
0.4227272727272771,0.039675576203454,8.231978878176853e-05,-1.0423387396524238e-08,1.0067215188269538
0.4227272727272771,0.0399999999999999,0.0,0.0,1.0067214682704035
0.4311188811189256,0.00031247434720037883,7.918588844746823e-05,-1.940039524778466e-08,1.006615753695766
0.4311188811189256,0.0,0.0,0.0,1.0066158027380645
0.4241258741258786,0.0396760400864781,8.210054159173831e-05,-1.4297509328979185e-08,1.0067031505958317
0.4241258741258786,0.0399999999999999,0.0,0.0,1.0067031359610945
0.4255244755244801,0.0396765379975383,8.193281015884645e-05,9.119922446790451e-10,1.0066858452884295
0.4255244755244801,0.0399999999999999,0.0,0.0,1.006685824156
0.4325174825175268,0.00031212804176226737,7.925053808702897e-05,-1.9465856013742826e-08,1.0065978228378245
0.4325174825175268,0.0,0.0,0.0,1.0065978683656394
0.4269230769230816,0.0396769255004153,8.183820198968545e-05,-4.104838932133441e-09,1.0066680451133634
0.4269230769230816,0.0399999999999999,0.0,0.0,1.0066680353393476
0.4283216783216831,0.0396771413316382,8.171466826411265e-05,-1.2395281382830306e-08,1.0066503316057576
0.4283216783216831,0.0399999999999999,0.0,0.0,1.0066503087467862
0.4339160839161281,0.00031095112288503674,7.903265517899699e-05,-2.2014978554307973e-09,1.0065788603928472
0.4339160839161281,0.0,0.0,0.0,1.0065788899889383
0.4353146853147294,0.00030995553801539926,7.876753860186764e-05,3.9843194008762915e-09,1.006560467165306
0.4353146853147294,0.0,0.0,0.0,1.0065604314612973
0.4297202797202846,0.0396771934281848,8.16703134304744e-05,9.092525978567583e-09,1.0066332177133663
0.4297202797202846,0.0399999999999999,0.0,0.0,1.0066332539702714
0.4367132867133306,0.00031008019199429466,7.870470870427959e-05,2.3920857184498497e-08,1.0065412645801457
0.4367132867133306,0.0,0.0,0.0,1.006541222793786
0.438111888111932,0.00031164720649709483,7.892489738684103e-05,1.958087367209821e-08,1.0065240167856135
0.438111888111932,0.0,0.0,0.0,1.0065239451478394
0.4311188811188861,0.0396770328318631,8.18560386113768e-05,2.5306915003476543e-08,1.0066160798552617
0.4311188811188861,0.0399999999999999,0.0,0.0,1.0066161281419477
0.4395104895105333,0.00031418082819740286,7.946378464987636e-05,3.866341100780864e-09,1.006506375800849
0.4395104895105333,0.0,0.0,0.0,1.0065063810435455
0.4409090909091345,0.0003169868392855037,8.026897010734696e-05,-2.3550369588654157e-08,1.0064899874410336
0.4409090909091345,0.0,0.0,0.0,1.006490003908764
0.4325174825174875,0.0396767011061105,8.207038274394453e-05,1.2074106742161884e-08,1.0065977599747225
0.4325174825174875,0.0399999999999999,0.0,0.0,1.0065978269697933
0.433916083916089,0.0396765039771792,8.2216942379452e-05,1.473940299176534e-08,1.0065803578142447
0.433916083916089,0.0399999999999999,0.0,0.0,1.006580365757743
0.4423076923077358,0.00031955209606131414,8.096655902624543e-05,1.2526058325807016e-08,1.006471088799917
0.4423076923077358,0.0,0.0,0.0,1.006471109620824
0.4437062937063371,0.00032169988526273096,8.141160274176265e-05,4.023578400353422e-09,1.0064541982296609
0.4437062937063371,0.0,0.0,0.0,1.0064541425927331
0.4353146853146905,0.0396765765543602,8.223159343659715e-05,-5.743185444867015e-09,1.0065612852320505
0.4353146853146905,0.0399999999999999,0.0,0.0,1.0065612904498364
0.436713286713292,0.0396767136961101,8.214820692299248e-05,-8.646387865488481e-09,1.0065433581381154
0.436713286713292,0.0399999999999999,0.0,0.0,1.0065433038028164
0.4451048951049384,0.0003234612434663111,8.185429455002794e-05,2.224979033556052e-09,1.0064358313774877
0.4451048951049384,0.0,0.0,0.0,1.0064358562044642
0.4465034965035397,0.0003248340193974024,8.221892072257174e-05,-1.2036880197332791e-08,1.0064187019358033
0.4465034965035397,0.0,0.0,0.0,1.006418717288747
0.4381118881118935,0.0396766882556442,8.204777289748379e-05,-1.7440223739600772e-08,1.006524481022187
0.4381118881118935,0.0399999999999999,0.0,0.0,1.006524478548701
0.4479020979021409,0.0003256278589928424,8.252587724811955e-05,-1.172929217770722e-08,1.0064007911465402
0.4479020979021409,0.0,0.0,0.0,1.0064008286687978
0.4493006993007422,0.00032568866915816944,8.25725302414188e-05,-1.8310564186444602e-11,1.0063828013392766
0.4493006993007422,0.0,0.0,0.0,1.0063828101306929
0.439510489510495,0.0396764228651376,8.209892726367326e-05,1.2509051906997445e-08,1.0065077965379414
0.439510489510495,0.0399999999999999,0.0,0.0,1.0065077908970437
0.4520979020979448,0.0003244515469595088,8.226830192934975e-05,4.574078449612864e-10,1.006347363499709
0.4506993006993435,0.0003251646641579776,8.243828042790317e-05,-5.950408881791525e-10,1.006364981002796
0.4520979020979448,0.0,0.0,0.0,1.0063473534801597
0.4506993006993435,0.0,0.0,0.0,1.0063649855805306
0.4409090909090964,0.0396761354047019,8.221895748087516e-05,-3.420512558050124e-09,1.0064890517239855
0.4409090909090964,0.0399999999999999,0.0,0.0,1.006489062806976
0.4423076923076979,0.0396763505258227,8.212719389429604e-05,-3.959886730975506e-09,1.0064713111899397
0.4423076923076979,0.0399999999999999,0.0,0.0,1.006471275371552
0.4534965034965461,0.0003240688554508817,8.214807071071596e-05,4.0944928988492916e-10,1.0063292410680946
0.4534965034965461,0.0,0.0,0.0,1.006329258958676
0.4548951048951474,0.0003242395251770842,8.225748402858709e-05,-1.3150696797569041e-08,1.006311931024521
0.4548951048951474,0.0,0.0,0.0,1.0063119325374974
0.4562937062937486,0.0003247588675823409,8.238325329862769e-05,1.3966188215389409e-08,1.006292930283485
0.4562937062937486,0.0,0.0,0.0,1.00629293005012
0.4437062937062994,0.0396776666505839,8.175471624210232e-05,-7.333342483890797e-09,1.0064527572532849
0.4437062937062994,0.0399999999999999,0.0,0.0,1.0064527760109163
0.4451048951049009,0.0396802939390201,8.11008927022455e-05,9.133606290420232e-09,1.006435927644879
0.4451048951049009,0.0399999999999999,0.0,0.0,1.0064359153476907
0.4576923076923499,0.0003253258544790204,8.246151131734134e-05,-6.346827611110589e-10,1.006275689116701
0.4576923076923499,0.0,0.0,0.0,1.0062756642404038
0.4465034965035024,0.039683596981139,8.027401899927451e-05,-1.0779582727611284e-08,1.0064173933767648
0.4465034965035024,0.0399999999999999,0.0,0.0,1.006417387887482
0.4479020979021039,0.0396863996341063,7.949023088033255e-05,-5.685380195115269e-09,1.0064003466400313
0.4479020979021039,0.0399999999999999,0.0,0.0,1.0064003145235687
0.4590909090909512,0.000325647671473099,8.25682345259027e-05,-3.834024365035122e-09,1.0062573162239046
0.4590909090909512,0.0,0.0,0.0,1.0062573464569409
0.4604895104895525,0.00032556214916227525,8.261318486892134e-05,-1.3158165112312849e-08,1.0062399758196787
0.4604895104895525,0.0,0.0,0.0,1.0062399866295562
0.4493006993007054,0.0396881354555096,7.903206256712215e-05,5.446858005671312e-10,1.006382538451019
0.4493006993007054,0.0399999999999999,0.0,0.0,1.0063825620893037
0.4618881118881538,0.000325216714075838,8.255363792236315e-05,5.2241962324703445e-09,1.0062211823250953
0.4618881118881538,0.0,0.0,0.0,1.0062212013336511
0.4506993006993068,0.0396890554079599,7.886952894430259e-05,1.819782958600161e-08,1.006365538689003
0.4506993006993068,0.0399999999999999,0.0,0.0,1.0063655649040453
0.4632867132867551,0.00032487539914899545,8.245628542025405e-05,-4.5815793265167916e-09,1.0062038147019323
0.4632867132867551,0.0,0.0,0.0,1.0062038049675976
0.4520979020979083,0.0396890241486863,7.89777014507789e-05,3.0128275437599437e-09,1.0063469780519037
0.4520979020979083,0.0399999999999999,0.0,0.0,1.0063469803659628
0.4534965034965098,0.0396879300118995,7.919187017034565e-05,-1.6383942974285507e-08,1.0063282559617637
0.4534965034965098,0.0399999999999999,0.0,0.0,1.006328215894424
0.4646853146853563,0.0003245930070196414,8.242061617102688e-05,-6.516758977623121e-09,1.0061852991177498
0.4646853146853563,0.0,0.0,0.0,1.0061853435934462
0.4660839160839576,0.0003243344358542473,8.24483191503866e-05,-1.4257637399450209e-08,1.006167859047425
0.4660839160839576,0.0,0.0,0.0,1.0061678594767098
0.4548951048951113,0.0396862976250198,7.946919560359587e-05,-1.922467651592977e-08,1.0063101281831517
0.4548951048951113,0.0399999999999999,0.0,0.0,1.0063100798003135
0.4562937062937128,0.0396845025925294,7.982497595380727e-05,-3.2231213556289156e-09,1.0062927761383094
0.4562937062937128,0.0399999999999999,0.0,0.0,1.0062927786594869
0.467482517482559,0.00032423289501102534,8.238574934409664e-05,2.501169699547485e-08,1.006148480225669
0.467482517482559,0.0,0.0,0.0,1.006148452219539
0.4576923076923143,0.0396827339429979,8.035236887225976e-05,2.610869114564425e-08,1.006275757427339
0.4576923076923143,0.0399999999999999,0.0,0.0,1.0062758289106952
0.4590909090909157,0.0396812655046751,8.092868854134312e-05,2.1225808354211297e-08,1.006257960803911
0.4590909090909157,0.0399999999999999,0.0,0.0,1.0062579863554495
0.4688811188811602,0.0003243294446223555,8.22343817124504e-05,1.7021322145848215e-08,1.0061311420518575
0.4688811188811602,0.0,0.0,0.0,1.0061310697703156
0.4604895104895172,0.0396800576379649,8.124577578306988e-05,-1.5561511009303982e-08,1.006238799076987
0.4604895104895172,0.0399999999999999,0.0,0.0,1.0062387975662936
0.4618881118881187,0.0396788924131313,8.144619898906571e-05,-4.558227345217697e-09,1.0062214988167346
0.4618881118881187,0.0399999999999999,0.0,0.0,1.0062214661928248
0.4702797202797615,0.00032430290296467986,8.213346044778206e-05,1.3546183893977632e-08,1.0061131516365975
0.4702797202797615,0.0,0.0,0.0,1.006113134945394
0.4716783216783627,0.0003238936496045633,8.198329782762289e-05,-1.361818762303625e-09,1.006096583834443
0.4716783216783627,0.0,0.0,0.0,1.0060965675683502
0.4632867132867202,0.0396778337854583,8.171129877170882e-05,1.5019561980364404e-09,1.0062033653781657
0.4632867132867202,0.0399999999999999,0.0,0.0,1.0062033825593402
0.4646853146853217,0.0396770445444147,8.194323286939508e-05,6.9815862429209334e-09,1.0061857910908885
0.4646853146853217,0.0399999999999999,0.0,0.0,1.0061857950479312
0.4730769230769641,0.0003232181649210808,8.185640140688866e-05,-1.1209779053777662e-08,1.006079274219476
0.4730769230769641,0.0,0.0,0.0,1.0060793235304664
0.4660839160839232,0.0396766617668677,8.20656580731842e-05,3.30310063243186e-10,1.0061674603481792
0.4660839160839232,0.0399999999999999,0.0,0.0,1.0061674797087308
0.4744755244755654,0.0003224796813526314,8.18227743685202e-05,-2.8362779716823406e-08,1.00606263993261
0.4744755244755654,0.0,0.0,0.0,1.0060626886276836
0.4674825174825247,0.0396768968119347,8.202301843058483e-05,4.247822934324667e-09,1.0061498373405835
0.4674825174825247,0.0399999999999999,0.0,0.0,1.0061498296136966
0.4758741258741666,0.00032171232772620586,8.177577195162699e-05,-1.4475470933287546e-08,1.0060438985897535
0.4758741258741666,0.0,0.0,0.0,1.0060439693343068
0.4772727272727679,0.0003208040212749441,8.164367655448387e-05,-9.936608045318492e-09,1.00602587690781
0.4772727272727679,0.0,0.0,0.0,1.006025876541086
0.4688811188811261,0.0396781048869495,8.172047523151036e-05,-3.599379047632783e-09,1.0061313332562325
0.4688811188811261,0.0399999999999999,0.0,0.0,1.006131333623037
0.4702797202797276,0.039680444127722,8.109554291740016e-05,-8.447868057120671e-09,1.006113368744091
0.4702797202797276,0.0399999999999999,0.0,0.0,1.006113313427255
0.4786713286713692,0.00031961302634263457,8.127766070813714e-05,2.663344492569256e-08,1.0060062429077392
0.4786713286713692,0.0,0.0,0.0,1.0060062116447646
0.4800699300699705,0.00031818770076665574,8.07628223368957e-05,1.0439497079141934e-08,1.00598905181354
0.4800699300699705,0.0,0.0,0.0,1.005988985095278
0.4716783216783291,0.0396832160648992,8.026841891456729e-05,-2.6782175228079504e-08,1.006094749246596
0.4716783216783291,0.0399999999999999,0.0,0.0,1.0060947055416845
0.4730769230769306,0.0396851002897794,7.964148834644066e-05,-1.0384366707436603e-08,1.0060780185699745
0.4730769230769306,0.0399999999999999,0.0,0.0,1.006077972861417
0.4814685314685718,0.0003167687340193334,8.035589804441747e-05,5.085939017644909e-09,1.0059704036096973
0.4814685314685718,0.0,0.0,0.0,1.0059704049668028
0.4744755244755321,0.0396853714891143,7.954618879316537e-05,1.668915292931855e-09,1.0060606614408598
0.4744755244755321,0.0399999999999999,0.0,0.0,1.0060606839530586
0.4828671328671731,0.00031513111632338865,7.993514093010968e-05,1.1562819584646086e-09,1.0059527947366542
0.4828671328671731,0.0,0.0,0.0,1.0059527626344416
0.4758741258741336,0.0396843054462483,7.989785426532846e-05,2.29328287262916e-08,1.0060438243542915
0.4758741258741336,0.0399999999999999,0.0,0.0,1.0060438610010989
0.477272727272735,0.0396828529991659,8.04287930581382e-05,1.4334510056978351e-08,1.0060255508953804
0.477272727272735,0.0399999999999999,0.0,0.0,1.006025596493631
0.4842657342657743,0.0003133029162227465,7.938115980503213e-05,2.128790056274548e-08,1.005933893967064
0.4842657342657743,0.0,0.0,0.0,1.005933872708637
0.4856643356643756,0.0003116262527735159,7.888503301471248e-05,-4.418288415223986e-09,1.0059171812836432
0.4856643356643756,0.0,0.0,0.0,1.0059171514862744
0.4786713286713365,0.0396824674569149,8.05384651834871e-05,-7.916400895121191e-09,1.0060071452780168
0.4786713286713365,0.0399999999999999,0.0,0.0,1.0060071223983589
0.4870629370629769,0.0003101359891315067,7.855951620294832e-05,-4.2516074290788855e-09,1.0058986712475204
0.4870629370629769,0.0,0.0,0.0,1.0058987059277755
0.4884615384615782,0.00030917033110502805,7.83745374620711e-05,-1.30285388433205e-08,1.0058812032639286
0.4884615384615782,0.0,0.0,0.0,1.0058812130662884
0.4898601398601795,0.00030914039901509084,7.839238523540037e-05,1.2482221447463766e-08,1.005862117296462
0.4898601398601795,0.0,0.0,0.0,1.005862102178245
0.480069930069938,0.0396840108475635,8.004791588737633e-05,-1.596002418841778e-08,1.0059885415953418
0.480069930069938,0.0399999999999999,0.0,0.0,1.00598851301366
0.4814685314685395,0.0396859560410759,7.953107561503856e-05,9.388884805741922e-09,1.0059711761445629
0.4814685314685395,0.0399999999999999,0.0,0.0,1.0059711615889022
0.482867132867141,0.0396861428643229,7.953152873549483e-05,-5.862707439926225e-09,1.0059522971462669
0.482867132867141,0.0399999999999999,0.0,0.0,1.0059523034864153
0.4912587412587808,0.0003101433712892507,7.848871613051872e-05,2.116335457213687e-08,1.0058442164316057
0.4912587412587808,0.0,0.0,0.0,1.0058441655267
0.4842657342657425,0.0396844841597201,7.984450864579915e-05,-1.5079284449457758e-08,1.0059344976643674
0.4842657342657425,0.0399999999999999,0.0,0.0,1.0059344597987327
0.492657342657382,0.00031192780572502173,7.884972179503428e-05,5.043587455310217e-09,1.0058272878912922
0.492657342657382,0.0,0.0,0.0,1.0058272636922732
0.4856643356643439,0.0396825845307514,8.02447625266494e-05,-6.511379811691458e-09,1.0059168396863691
0.4856643356643439,0.0399999999999999,0.0,0.0,1.0059168120791693
0.4940559440559833,0.00031393183793324746,7.937933273887832e-05,-1.6444371104918044e-08,1.0058102307692038
0.4940559440559833,0.0,0.0,0.0,1.0058102878690902
0.4954545454545846,0.0003155925731322378,8.000793972435405e-05,-3.2286327482136286e-08,1.0057932979816315
0.4954545454545846,0.0,0.0,0.0,1.005793360317884
0.4870629370629454,0.0396820092850172,8.03788904635883e-05,1.333457507410981e-09,1.0058993941048855
0.4870629370629454,0.0399999999999999,0.0,0.0,1.0058993894100494
0.4968531468531859,0.0003165234032048203,8.033835701048913e-05,8.563166430113132e-09,1.005774427854851
0.4968531468531859,0.0,0.0,0.0,1.0057744336208403
0.4884615384615469,0.0396824847304933,8.028387955376748e-05,7.1485896701318604e-09,1.0058816975729314
0.4884615384615469,0.0399999999999999,0.0,0.0,1.0058817275149143
0.4898601398601484,0.0396827841243005,8.026735930115867e-05,7.646950558894808e-09,1.0058638923688872
0.4898601398601484,0.0399999999999999,0.0,0.0,1.0058639290806763
0.4982517482517872,0.0003160488117898324,8.007241065477757e-05,2.46906084047342e-08,1.0057567192772288
0.4982517482517872,0.0,0.0,0.0,1.005756643067934
0.4912587412587499,0.039682479954538,8.035979153255298e-05,-3.3968312117050913e-09,1.0058461403665628
0.4912587412587499,0.0399999999999999,0.0,0.0,1.0058461299930612
0.4926573426573514,0.0396817864674261,8.052614855449895e-05,4.23114967712069e-09,1.0058288897541408
0.4926573426573514,0.0399999999999999,0.0,0.0,1.0058289076284574
0.4996503496503884,0.0003145844949810546,7.955650256098418e-05,1.1061248306874169e-08,1.0057391227844272
0.4996503496503884,0.0,0.0,0.0,1.005739105643248
0.5010489510489897,0.0003137546677933464,7.939338473508669e-05,-2.0167577516253723e-08,1.005722551016612
0.5010489510489897,0.0,0.0,0.0,1.0057225824273652
0.4940559440559529,0.0396808535911864,8.085066941478475e-05,2.1401658926875106e-08,1.0058115996218675
0.4940559440559529,0.0399999999999999,0.0,0.0,1.0058116743761658
0.4954545454545543,0.0396797070157348,8.13143974590821e-05,2.0393556440797906e-08,1.005794252290529
0.4954545454545543,0.0399999999999999,0.0,0.0,1.005794280080849
0.5024475524475911,0.0003141062640876142,7.963063945914416e-05,-1.596543671813209e-08,1.0057046222845156
0.5024475524475911,0.0,0.0,0.0,1.0057046737086806
0.4968531468531558,0.0396785034026459,8.165605861637913e-05,-5.815628507903129e-09,1.005775296483435
0.4968531468531558,0.0399999999999999,0.0,0.0,1.0057753058609389
0.4982517482517573,0.0396774282774317,8.190173975032826e-05,-2.322067473280163e-09,1.00575750296849
0.4982517482517573,0.0399999999999999,0.0,0.0,1.0057574608107154
0.5038461538461924,0.00031476636213839643,7.986067499772004e-05,-2.519257624458053e-09,1.0056864677716153
0.5038461538461924,0.0,0.0,0.0,1.005686474645274
0.5052447552447936,0.0003145644010454721,7.976188294599938e-05,1.5124721017137437e-08,1.0056678614302077
0.5052447552447936,0.0,0.0,0.0,1.005667819850772
0.4996503496503588,0.0396766159599276,8.204343445754629e-05,-1.4451266712826672e-08,1.0057385512702115
0.4996503496503588,0.0399999999999999,0.0,0.0,1.0057385522653477
0.5010489510489603,0.0396762546993377,8.209351280015191e-05,3.739497547895107e-09,1.0057214755553323
0.5010489510489603,0.0399999999999999,0.0,0.0,1.0057214458135957
0.5066433566433949,0.0003131497422733459,7.928848066993471e-05,1.4221519080076052e-08,1.0056499581914613
0.5066433566433949,0.0,0.0,0.0,1.00564991880038
0.5024475524475618,0.0396763310020057,8.206152032320537e-05,-9.607464560124477e-09,1.0057026551034467
0.5024475524475618,0.0399999999999999,0.0,0.0,1.0057026617326026
0.5038461538461633,0.039676450723154,8.200141675829819e-05,4.292646167232657e-09,1.0056854629651992
0.5038461538461633,0.0399999999999999,0.0,0.0,1.005685445300263
0.5080419580419961,0.0003113922902262811,7.880178106182719e-05,-6.012606367946802e-09,1.0056322602576897
0.5080419580419961,0.0,0.0,0.0,1.005632276157952
0.5094405594405975,0.0003105127162407421,7.870291827401053e-05,-1.7868529269836607e-08,1.005614774544323
0.5094405594405975,0.0,0.0,0.0,1.0056148030983727
0.5052447552447648,0.0396764063609321,8.202364144675985e-05,-4.4477765989410495e-09,1.0056668418830823
0.5052447552447648,0.0399999999999999,0.0,0.0,1.005666849993256
0.5066433566433662,0.0396764221435702,8.197739780384716e-05,-4.656063309033438e-09,1.0056490565713088
0.5066433566433662,0.0399999999999999,0.0,0.0,1.0056490388675274
0.5108391608391988,0.0003107221527349464,7.876424706913546e-05,1.5468375603071488e-08,1.0055959323348982
0.5108391608391988,0.0,0.0,0.0,1.0055959291466383
0.5122377622378,0.00031115171704770893,7.876810348825041e-05,4.186500270938227e-09,1.0055789800395918
0.5122377622378,0.0,0.0,0.0,1.005578952802526
0.5080419580419677,0.0396766489247487,8.192414140844208e-05,3.8247409151687045e-09,1.0056314838574392
0.5080419580419677,0.0399999999999999,0.0,0.0,1.0056314787558538
0.5094405594405691,0.039676979642177,8.184082850613463e-05,-5.242763214721129e-09,1.005613219409695
0.5094405594405691,0.0399999999999999,0.0,0.0,1.0056132114145049
0.5136363636364013,0.0003110191334887775,7.879347352257436e-05,-1.738748444783161e-08,1.0055615090435994
0.5136363636364013,0.0,0.0,0.0,1.005561566631086
0.5150349650350026,0.0003104585456416016,7.8814114710299e-05,-2.1169127006760504e-08,1.0055441009123964
0.5150349650350026,0.0,0.0,0.0,1.0055441376103729
0.5108391608391707,0.039677313978389,8.172545053201477e-05,1.059885466647096e-09,1.0055953872733838
0.5108391608391707,0.0399999999999999,0.0,0.0,1.0055954054494474
0.5122377622377721,0.0396776007536166,8.170477612693648e-05,8.48323231218353e-09,1.005577951338271
0.5122377622377721,0.0399999999999999,0.0,0.0,1.0055779535475855
0.5164335664336039,0.0003098999809411264,7.87454762353398e-05,-1.20758647926694e-09,1.0055250443264243
0.5164335664336039,0.0,0.0,0.0,1.0055250738982628
0.5178321678322052,0.00030980405343707785,7.872380095878718e-05,3.0260199787164457e-10,1.005506858470907
0.5178321678322052,0.0,0.0,0.0,1.0055068527070423
0.5136363636363737,0.0396777719541212,8.16721576773558e-05,-3.390351554256234e-09,1.0055595970213531
0.5136363636363737,0.0399999999999999,0.0,0.0,1.005559605094356
0.5192307692308065,0.000310634362472576,7.885175341813286e-05,2.2440575647532272e-08,1.0054877986898212
0.5192307692308065,0.0,0.0,0.0,1.0054877267263438
0.515034965034975,0.0396777347365307,8.16753453968011e-05,1.1793109479817139e-09,1.0055419614196033
0.515034965034975,0.0399999999999999,0.0,0.0,1.0055419458868962
0.5206293706294077,0.0003121419378319879,7.904595107422987e-05,2.317884124269101e-08,1.0054694050844115
0.5206293706294077,0.0,0.0,0.0,1.005469353011303
0.5164335664335766,0.0396775647415126,8.170227809313565e-05,-5.7790943829197555e-09,1.0055236418267577
0.5164335664335766,0.0399999999999999,0.0,0.0,1.0055236451884777
0.517832167832178,0.0396776390890405,8.166346347755342e-05,1.6187884310373281e-09,1.0055061547675388
0.517832167832178,0.0399999999999999,0.0,0.0,1.0055061465609605
0.522027972028009,0.0003135147910576477,7.931289951689949e-05,8.801788595768543e-10,1.0054524578411408
0.522027972028009,0.0,0.0,0.0,1.0054524361535753
0.5192307692307796,0.0396784546569473,8.147313279533027e-05,1.0298465224016795e-09,1.0054881222673326
0.5192307692307796,0.0399999999999999,0.0,0.0,1.0054881272636904
0.520629370629381,0.0396801372590434,8.103288941463011e-05,-7.982724636999737e-09,1.005470191614961
0.520629370629381,0.0399999999999999,0.0,0.0,1.005470150225937
0.5234265734266104,0.00031437668286651453,7.953162776379134e-05,6.750228117787458e-10,1.005434930518836
0.5234265734266104,0.0,0.0,0.0,1.0054349410796353
0.5248251748252115,0.00031481332885239686,7.965570945030205e-05,-6.119797037125969e-09,1.0054179809233317
0.5248251748252115,0.0,0.0,0.0,1.0054179934691452
0.5262237762238129,0.00031441615956238786,7.96477407116586e-05,-1.949196711735459e-08,1.0054008260326324
0.5262237762238129,0.0,0.0,0.0,1.0054008837545008
0.5220279720279826,0.0396818902222008,8.04873225971581e-05,-1.8680942451905023e-08,1.0054520364462995
0.5220279720279826,0.0399999999999999,0.0,0.0,1.0054520103536506
0.5234265734265839,0.0396824129087535,8.026341054750847e-05,-6.841016869119007e-09,1.00543537859279
0.5234265734265839,0.0399999999999999,0.0,0.0,1.005435341125935
0.5276223776224142,0.0003130993848570124,7.948689552138654e-05,-2.4597870060581085e-08,1.0053832217062453
0.5276223776224142,0.0,0.0,0.0,1.0053832838723873
0.5290209790210154,0.00031192122667124964,7.929244289534049e-05,-2.392494232019082e-09,1.005364393748451
0.5290209790210154,0.0,0.0,0.0,1.0053644255311047
0.5304195804196168,0.00031192301202894373,7.92755235338264e-05,2.471147401673824e-09,1.0053462123450825
0.5304195804196168,0.0,0.0,0.0,1.0053461813765334
0.5248251748251855,0.0396810687561259,8.05564694664848e-05,-2.913458863105868e-09,1.0054179690829894
0.5248251748251855,0.0399999999999999,0.0,0.0,1.0054179903388192
0.5262237762237869,0.0396785120057928,8.129843374636561e-05,3.31502424357306e-08,1.005401622353909
0.5262237762237869,0.0399999999999999,0.0,0.0,1.005401676514218
0.5318181818182179,0.0003133032199311939,7.955709379149392e-05,2.1043442838141037e-08,1.0053271903371712
0.5318181818182179,0.0,0.0,0.0,1.0053271520875626
0.5332167832168193,0.00031551629099766456,7.993231777571607e-05,2.3764564217468905e-08,1.0053097193657754
0.5332167832168193,0.0,0.0,0.0,1.0053096397051764
0.5276223776223885,0.0396762258628233,8.210083886225488e-05,1.8445841095204962e-08,1.0053831640087934
0.5276223776223885,0.0399999999999999,0.0,0.0,1.005383232124574
0.5346153846154206,0.00031775357672770134,8.0376801611724e-05,6.117390408314275e-09,1.0052922438431444
0.5346153846154206,0.0,0.0,0.0,1.005292238629637
0.5360139860140218,0.00031952202376120615,8.088999801508788e-05,-1.9837417886098982e-08,1.0052756659052735
0.5360139860140218,0.0,0.0,0.0,1.005275691846964
0.5290209790209899,0.0396750536839415,8.243038471004114e-05,2.004212581526324e-09,1.0053647647252792
0.5290209790209899,0.0399999999999999,0.0,0.0,1.0053647887223598
0.5374125874126232,0.0003207676585697593,8.131687980795404e-05,-9.8600228146909e-09,1.0052576461342737
0.5374125874126232,0.0,0.0,0.0,1.0052577004038408
0.5388111888112244,0.00032162391611850966,8.16208486309756e-05,-1.6661628216161658e-08,1.005240472210429
0.5388111888112244,0.0,0.0,0.0,1.0052404933994576
0.5304195804195915,0.0396747787626601,8.255532334725514e-05,7.412924429256105e-09,1.0053469071655723
0.5304195804195915,0.0399999999999999,0.0,0.0,1.005346893213835
0.5402097902098257,0.0003224092908354926,8.189648622659401e-05,-2.7893451320201592e-09,1.0052217656703235
0.5402097902098257,0.0,0.0,0.0,1.0052217948948876
0.5318181818181928,0.0396749947855054,8.246830859255595e-05,-1.3798685917709162e-08,1.0053277734152275
0.5318181818181928,0.0399999999999999,0.0,0.0,1.0053277722292353
0.5332167832167944,0.0396754820362235,8.228388180247294e-05,-3.6413168223254383e-09,1.0053103065342257
0.5332167832167944,0.0399999999999999,0.0,0.0,1.0053102593212826
0.541608391608427,0.0003233047630112039,8.210399500564508e-05,5.111473115908145e-09,1.0052035405944553
0.541608391608427,0.0,0.0,0.0,1.0052035227648424
0.5346153846153958,0.0396760922620613,8.205925276458146e-05,-1.664891359846027e-08,1.0052915781846592
0.5346153846153958,0.0399999999999999,0.0,0.0,1.0052915823337474
0.5360139860139974,0.0396765835373578,8.189449445239325e-05,9.033441537057861e-09,1.0052751318989646
0.5360139860139974,0.0399999999999999,0.0,0.0,1.0052751271871072
0.5430069930070283,0.0003239507848023632,8.223446536199765e-05,2.3362597785302822e-09,1.0051852607587624
0.5430069930070283,0.0,0.0,0.0,1.0051852660542069
0.5444055944056296,0.0003239452290819515,8.225866235638545e-05,-5.651921047901572e-09,1.0051676883406158
0.5444055944056296,0.0,0.0,0.0,1.0051676790927224
0.5374125874125988,0.0396767480114625,8.192581251614463e-05,7.013469297041099e-09,1.005257069154718
0.5374125874125988,0.0399999999999999,0.0,0.0,1.0052571032190982
0.5388111888112004,0.0396765842700033,8.203105293908015e-05,1.3637941026911604e-08,1.0052396233369023
0.5388111888112004,0.0399999999999999,0.0,0.0,1.0052396522204683
0.5458041958042308,0.0003233590943968205,8.207795026487392e-05,1.4094785971697523e-08,1.0051489404676095
0.5458041958042308,0.0,0.0,0.0,1.0051489313983408
0.5402097902098018,0.0396761766333432,8.220901482218577e-05,1.7763530500530015e-09,1.00522145103294
0.5402097902098018,0.0399999999999999,0.0,0.0,1.0052214548109737
0.5416083916084034,0.0396758234637662,8.223864499212648e-05,-1.4198453465347472e-08,1.0052032584986146
0.5416083916084034,0.0399999999999999,0.0,0.0,1.005203230551559
0.5472027972028322,0.000322591511217223,8.182888718450926e-05,-2.879227091307115e-09,1.0051317125356862
0.5472027972028322,0.0,0.0,0.0,1.0051316972115334
0.5430069930070047,0.0396758519039639,8.218598136287642e-05,6.359849790525285e-09,1.0051858008144756
0.5430069930070047,0.0399999999999999,0.0,0.0,1.00518582892377
0.5444055944056063,0.0396762676233517,8.22012019262802e-05,2.1002838050134442e-08,1.0051684080675254
0.5444055944056063,0.0399999999999999,0.0,0.0,1.005168442472017
0.5486013986014334,0.0003220623954952223,8.175791451679111e-05,-1.2452317851196104e-08,1.0051134495493053
0.5486013986014334,0.0,0.0,0.0,1.0051134957837216
0.5458041958042077,0.0396769749442682,8.210247041203186e-05,-2.784652430007063e-11,1.0051498420842913
0.5458041958042077,0.0399999999999999,0.0,0.0,1.0051498552567597
0.5500000000000347,0.0003219341903732813,8.181891455223712e-05,-9.228342874775854e-09,1.0050954617868684
0.5500000000000347,0.0,0.0,0.0,1.005095469350511
0.5472027972028093,0.0396778631093291,8.18286291938998e-05,-1.1066330655444217e-08,1.005131650568742
0.5472027972028093,0.0399999999999999,0.0,0.0,1.005131610518839
0.5513986013986361,0.0003220284224004812,8.179389210195391e-05,2.2103358364528002e-08,1.0050764363769245
0.5513986013986361,0.0,0.0,0.0,1.0050764032420425
0.5527972027972372,0.0003219539733799852,8.161115114475051e-05,1.78119285761134e-08,1.0050588444791024
0.5527972027972372,0.0,0.0,0.0,1.0050587767587258
0.5486013986014107,0.0396787546598479,8.153020075427812e-05,-7.830903666168326e-09,1.0051134816271377
0.5486013986014107,0.0399999999999999,0.0,0.0,1.0051134655042544
0.5500000000000123,0.0396794530804381,8.13308166584183e-05,-6.034620782130414e-10,1.0050957173458104
0.5500000000000123,0.0399999999999999,0.0,0.0,1.005095702601691
0.5541958041958386,0.00032115377901910613,8.129809131959261e-05,1.905766878797955e-08,1.0050410438577209
0.5541958041958386,0.0,0.0,0.0,1.0050409925310253
0.5555944055944398,0.00031904573383964373,8.065864263766646e-05,6.5139232850530945e-09,1.0050242282512305
0.5555944055944398,0.0,0.0,0.0,1.005024200570707
0.5513986013986136,0.0396799156131914,8.119358186430275e-05,-5.982783581274542e-09,1.0050775924251716
0.5513986013986136,0.0399999999999999,0.0,0.0,1.0050775816431756
0.5569930069930411,0.0003162267496718229,7.998584853210011e-05,-1.6520951941496722e-08,1.0050072005131985
0.5569930069930411,0.0,0.0,0.0,1.0050072735769755
0.5583916083916425,0.0003139376340298948,7.960289751012324e-05,-3.08336447552981e-08,1.004990776634415
0.5583916083916425,0.0,0.0,0.0,1.0049908240745369
0.5527972027972152,0.0396801801618841,8.106660815102151e-05,-1.1299238893757077e-08,1.0050597700942785
0.5527972027972152,0.0399999999999999,0.0,0.0,1.0050597186892845
0.5597902097902436,0.00031214792650495894,7.92707969046236e-05,-3.1765194609506636e-09,1.0049717948890549
0.5597902097902436,0.0,0.0,0.0,1.004971843896868
0.5541958041958166,0.039680310432733,8.09842710013957e-05,2.979681581804029e-09,1.0050418222402495
0.5541958041958166,0.0399999999999999,0.0,0.0,1.0050418415072429
0.5555944055944182,0.0396805434528279,8.100121378983568e-05,1.0440084353752072e-08,1.0050240264428123
0.5555944055944182,0.0399999999999999,0.0,0.0,1.0050240538823063
0.561188811188845,0.00031014267436382125,7.879546472518618e-05,-9.715868424570492e-09,1.0049540416573175
0.561188811188845,0.0,0.0,0.0,1.0049540452762116
0.5569930069930196,0.0396813721838884,8.080754296727341e-05,-1.7659814298271611e-09,1.0050058170096552
0.5569930069930196,0.0399999999999999,0.0,0.0,1.005005833579992
0.5583916083916212,0.0396832624175105,8.033947900824463e-05,1.3965926423856183e-09,1.0049884476480029
0.5583916083916212,0.0399999999999999,0.0,0.0,1.0049884234074946
0.5625874125874463,0.0003081525932930857,7.833760463135118e-05,1.0232189816618087e-09,1.0049347542712628
0.5625874125874463,0.0,0.0,0.0,1.0049347636013746
0.5639860139860475,0.0003070206329185414,7.80164856091342e-05,6.809501206554212e-09,1.0049161669559217
0.5639860139860475,0.0,0.0,0.0,1.0049161364105657
0.5597902097902225,0.039685847420548,7.963105159294815e-05,-1.697172298096858e-08,1.004970087398314
0.5597902097902225,0.0399999999999999,0.0,0.0,1.0049700652146676
0.5611888111888241,0.0396881640691645,7.895296648847469e-05,-3.938842654402026e-09,1.0049532184909196
0.5611888111888241,0.0399999999999999,0.0,0.0,1.0049531945686314
0.5653846153846488,0.000307139110428248,7.793886306085764e-05,2.4612518717573042e-08,1.0048972751977547
0.5653846153846488,0.0,0.0,0.0,1.0048972245365084
0.5625874125874255,0.0396900075558011,7.850710442624888e-05,7.943415051593111e-09,1.0049357139521748
0.5625874125874255,0.0399999999999999,0.0,0.0,1.004935754387522
0.56678321678325,0.00030853122088283347,7.810481675499359e-05,1.899189159858075e-08,1.0048800108008364
0.56678321678325,0.0,0.0,0.0,1.0048799489085545
0.5639860139860271,0.0396915311234436,7.821749201308858e-05,1.574301228661137e-08,1.00491860169182
0.5639860139860271,0.0399999999999999,0.0,0.0,1.004918628890154
0.5681818181818514,0.0003107581082636936,7.862575010086147e-05,-9.992163905130664e-09,1.0048629079573754
0.5681818181818514,0.0,0.0,0.0,1.004862933060822
0.5695804195804527,0.0003131074187754133,7.936671329414364e-05,-2.123908081121263e-08,1.0048457238845585
0.5695804195804527,0.0,0.0,0.0,1.0048457656374463
0.5653846153846285,0.0396922439454592,7.813015596021885e-05,8.370777261821394e-09,1.0049003416920406
0.5653846153846285,0.0399999999999999,0.0,0.0,1.0049003557791922
0.56678321678323,0.0396919925104498,7.820642003156415e-05,-9.689949934858322e-09,1.0048818756317637
0.56678321678323,0.0399999999999999,0.0,0.0,1.0048818473752552
0.570979020979054,0.0003151427436317093,7.991845464944193e-05,8.922800731188368e-09,1.004827043014637
0.570979020979054,0.0,0.0,0.0,1.0048270462380549
0.5723776223776552,0.0003168360196444831,8.030681494612176e-05,-2.359780004288565e-09,1.0048099518210374
0.5723776223776552,0.0,0.0,0.0,1.004809933906165
0.5681818181818314,0.0396911496499297,7.82679016498286e-05,-2.3184928160276592e-08,1.0048634354506367
0.5681818181818314,0.0399999999999999,0.0,0.0,1.0048633913625298
0.5695804195804329,0.0396898126423618,7.851137127920835e-05,-1.1010103863943247e-09,1.00484636534301
0.5695804195804329,0.0399999999999999,0.0,0.0,1.0048463537343502
0.5737762237762565,0.00031840265509479635,8.073283323726818e-05,-6.208557031089898e-09,1.0047915099240814
0.5737762237762565,0.0,0.0,0.0,1.004791550781488
0.5709790209790344,0.0396883662115727,7.892980183983006e-05,1.5592002362396994e-08,1.0048289536699255
0.5709790209790344,0.0399999999999999,0.0,0.0,1.0048290134957911
0.5751748251748579,0.0003198888031325049,8.117645172077843e-05,-7.840658299319139e-09,1.0047738867864615
0.5751748251748579,0.0,0.0,0.0,1.0047738744415275
0.5723776223776359,0.0396875225988335,7.930921129737128e-05,2.5318967824327977e-08,1.004811856809684
0.5723776223776359,0.0399999999999999,0.0,0.0,1.0048119120684535
0.5765734265734591,0.0003208547358521556,8.134571608325704e-05,2.9153002752307903e-08,1.0047547679609288
0.5765734265734591,0.0,0.0,0.0,1.0047547222624529
0.5737762237762374,0.0396872733089701,7.948949688898422e-05,5.6037782124971875e-09,1.004793337414777
0.5737762237762374,0.0399999999999999,0.0,0.0,1.004793353523557
0.5751748251748389,0.0396871533344541,7.950737075919899e-05,-7.586028601140828e-09,1.0047747845889423
0.5751748251748389,0.0399999999999999,0.0,0.0,1.004774759715931
0.5779720279720604,0.0003205158944817207,8.104769928475803e-05,2.2529567925551424e-08,1.0047376270946744
0.5779720279720604,0.0,0.0,0.0,1.0047375444612692
0.5765734265734404,0.0396871765375225,7.942786309889639e-05,-7.620566742598268e-09,1.00475603107938
0.5765734265734404,0.0399999999999999,0.0,0.0,1.0047560304715333
0.5779720279720418,0.0396875558906895,7.93420074950116e-05,4.895079786043414e-09,1.0047384815253777
0.5779720279720418,0.0399999999999999,0.0,0.0,1.004738464334592
0.5793706293706616,0.0003188225442118678,8.053429239384908e-05,2.2904921576118966e-09,1.0047201985505751
0.5793706293706616,0.0,0.0,0.0,1.0047202036456635
0.580769230769263,0.00031653564253035765,8.005027966752473e-05,-2.404793577918614e-08,1.0047036869339303
0.580769230769263,0.0,0.0,0.0,1.0047037261348588
0.5793706293706433,0.0396880838105834,7.916251813111646e-05,-1.9247848477594057e-08,1.004719787222305
0.5793706293706433,0.0399999999999999,0.0,0.0,1.0047197614876504
0.5807692307692448,0.039688185805892,7.900443943209366e-05,-1.0295473331939205e-08,1.0047028463042655
0.5807692307692448,0.0399999999999999,0.0,0.0,1.0047028067541703
0.5821678321678643,0.0003142425065833364,7.963532099841954e-05,-1.8505298275757282e-08,1.0046855963016772
0.5821678321678643,0.0,0.0,0.0,1.0046856787975178
0.5835664335664655,0.0003125926231895934,7.937432215519151e-05,-2.6555019061338835e-08,1.004668113021125
0.5835664335664655,0.0,0.0,0.0,1.0046681695499935
0.5849650349650668,0.0003123220999001864,7.942695695711813e-05,2.036984991061477e-09,1.0046490247514717
0.5849650349650668,0.0,0.0,0.0,1.0046490314639542
0.5821678321678463,0.0396877957595312,7.909809941440169e-05,1.045587031932504e-08,1.0046854283074726
0.5821678321678463,0.0399999999999999,0.0,0.0,1.0046854759561747
0.5863636363636681,0.0003135666471994925,7.959443903780547e-05,2.8122165007161536e-08,1.004630217593791
0.5863636363636681,0.0,0.0,0.0,1.0046301589209297
0.5877622377622694,0.0003157814932690715,8.000447944750199e-05,1.3957434792886788e-08,1.0046130119532293
0.5877622377622694,0.0,0.0,0.0,1.0046129526513363
0.5835664335664478,0.0396873741133983,7.93595312374477e-05,2.62831698178499e-08,1.0046684721538606
0.5835664335664478,0.0399999999999999,0.0,0.0,1.0046685218812277
0.5891608391608707,0.0003182630253743494,8.055878026057932e-05,3.0225828994168453e-09,1.004595473683182
0.5891608391608707,0.0,0.0,0.0,1.004595481594274
0.590559440559472,0.0003205303543961444,8.120528678737521e-05,-1.977766240191465e-08,1.0045788696236215
0.590559440559472,0.0,0.0,0.0,1.0045788919791363
0.5849650349650493,0.0396867626323446,7.963603057413199e-05,5.758921659901934e-09,1.0046497884325585
0.5849650349650493,0.0399999999999999,0.0,0.0,1.0046498100515335
0.5863636363636507,0.0396856385680438,7.990767338543637e-05,-1.0119095155665113e-08,1.0046313920286143
0.5863636363636507,0.0399999999999999,0.0,0.0,1.0046313459976566
0.5919580419580732,0.000322222325067281,8.173439142158431e-05,-8.327916783056969e-09,1.004560547392255
0.5919580419580732,0.0,0.0,0.0,1.0045606014199986
0.5933566433566745,0.0003231779986485252,8.204613943616003e-05,-1.1622809095724278e-08,1.0045431792204371
0.5933566433566745,0.0,0.0,0.0,1.004543184791313
0.5877622377622522,0.0396842826218421,8.010969803767966e-05,-2.2966550240654513e-08,1.004612408628912
0.5877622377622522,0.0399999999999999,0.0,0.0,1.0046123772071265
0.5947552447552759,0.0003237553633965457,8.221378198990441e-05,5.654726736943988e-09,1.0045244087347944
0.5947552447552759,0.0,0.0,0.0,1.0045244236803603
0.5961538461538771,0.0003244399089814762,8.236605597660236e-05,-2.4420026573284936e-09,1.0045069064910317
0.5961538461538771,0.0,0.0,0.0,1.0045068863907345
0.5891608391608537,0.0396831252609814,8.032853261561503e-05,1.96245374529689e-09,1.0045955049445088
0.5891608391608537,0.0399999999999999,0.0,0.0,1.0045954837403672
0.5975524475524784,0.00032531672770096603,8.258473586125794e-05,4.878757990893777e-09,1.0044882003118096
0.5975524475524784,0.0,0.0,0.0,1.0044882058530733
0.5905594405594552,0.0396823360816627,8.054527272572286e-05,3.449059112982888e-09,1.004577303155951
0.5905594405594552,0.0399999999999999,0.0,0.0,1.0045773483682578
0.5919580419580567,0.0396817764948073,8.077906074272291e-05,2.075403302820784e-08,1.0045603817269588
0.5919580419580567,0.0399999999999999,0.0,0.0,1.0045603976025148
0.5989510489510796,0.0003261164654251242,8.274626324071004e-05,6.143449022393908e-09,1.0044702718319465
0.5989510489510796,0.0,0.0,0.0,1.004470240791107
0.5933566433566582,0.0396814820579428,8.092399761002089e-05,-6.967209460993904e-09,1.0045413678727668
0.5933566433566582,0.0399999999999999,0.0,0.0,1.0045413640787353
0.6003496503496809,0.0003263676061591914,8.27567711870435e-05,6.594657425994855e-09,1.0044519381460129
0.6003496503496809,0.0,0.0,0.0,1.004451933725435
0.5947552447552596,0.0396818669042732,8.07168524317426e-05,-1.7591056976765023e-08,1.0045233030013314
0.5947552447552596,0.0399999999999999,0.0,0.0,1.004523242507083
0.6017482517482823,0.000325823757855697,8.263295771097815e-05,-7.461071146857129e-09,1.004434499157956
0.6017482517482823,0.0,0.0,0.0,1.00443449045717
0.5961538461538611,0.0396832799136275,8.026264167099613e-05,-6.5017049020387375e-09,1.004505175451823
0.5961538461538611,0.0399999999999999,0.0,0.0,1.0045051899382949
0.5975524475524626,0.0396854853073586,7.976445477627173e-05,1.931832678985934e-08,1.0044884728636816
0.5975524475524626,0.0399999999999999,0.0,0.0,1.00448849184931
0.6031468531468835,0.0003249872765375084,8.241059599495179e-05,1.2093006600669173e-08,1.0044157763128905
0.6031468531468835,0.0,0.0,0.0,1.0044157854000493
0.6045454545454848,0.0003245414621342133,8.221142313316235e-05,9.204253992599686e-09,1.004398633957622
0.6045454545454848,0.0,0.0,0.0,1.0043985696834972
0.6059440559440861,0.0003244470950630426,8.210130572488251e-05,1.4183667619310634e-08,1.0043802109344389
0.6059440559440861,0.0,0.0,0.0,1.0043802103267063
0.5989510489510641,0.0396874787391412,7.933445916591213e-05,-6.113727568299669e-09,1.0044698908641907
0.5989510489510641,0.0399999999999999,0.0,0.0,1.0044698770233405
0.6003496503496656,0.0396879505221929,7.908029623697726e-05,-2.522850473242504e-08,1.0044518223384495
0.6003496503496656,0.0399999999999999,0.0,0.0,1.0044517509386297
0.6017482517482671,0.0396869144462954,7.920204928052511e-05,-4.599009294749499e-09,1.0044342756515745
0.6017482517482671,0.0399999999999999,0.0,0.0,1.004434308317136
0.6073426573426873,0.0003241253743304997,8.205151461411879e-05,-2.5783243882233457e-08,1.0043637936328031
0.6073426573426873,0.0,0.0,0.0,1.004363812666616
0.6087412587412887,0.0003229472446157705,8.189612024057104e-05,-1.0159551669179538e-10,1.0043448360968006
0.6087412587412887,0.0,0.0,0.0,1.0043448570847833
0.6031468531468686,0.039685942118747,7.95941026560645e-05,3.9208597077158333e-08,1.0044184662458966
0.6031468531468686,0.0399999999999999,0.0,0.0,1.0044185333029558
0.61013986013989,0.00032023873476649134,8.108241734279759e-05,2.668168961420108e-08,1.0043265519188715
0.61013986013989,0.0,0.0,0.0,1.0043264650094623
0.60454545454547,0.0396859161012027,7.984231165736109e-05,2.140431923140495e-08,1.00439983233955
0.60454545454547,0.0399999999999999,0.0,0.0,1.004399889563364
0.6059440559440715,0.0396863549080475,7.980845079188619e-05,-1.1862377929436268e-09,1.0043810609748631
0.6059440559440715,0.0399999999999999,0.0,0.0,1.004381049032821
0.6115384615384912,0.0003163419578988749,7.998280346882785e-05,3.47357137981108e-09,1.0043087834374391
0.6115384615384912,0.0,0.0,0.0,1.004308779688328
0.607342657342673,0.0396865411217626,7.967373586187374e-05,-1.73927417300977e-08,1.0043618051578915
0.607342657342673,0.0399999999999999,0.0,0.0,1.0043617856103575
0.6087412587412745,0.0396860928942738,7.969583974313969e-05,-7.704604409052868e-09,1.004343943733446
0.6087412587412745,0.0399999999999999,0.0,0.0,1.0043439036327495
0.6129370629370925,0.0003127887996481405,7.916205298041575e-05,-2.10844640549765e-08,1.004291215905924
0.6129370629370925,0.0,0.0,0.0,1.0042912773776034
0.6143356643356938,0.00031078220021840485,7.880611373066814e-05,-1.3705263057271541e-08,1.0042730974476697
0.6143356643356938,0.0,0.0,0.0,1.0042731271318417
0.610139860139876,0.0396849240660829,7.993321558205647e-05,-9.202468199713697e-09,1.00432567886588
0.610139860139876,0.0399999999999999,0.0,0.0,1.0043256562093956
0.6157342657342951,0.0003103520115501314,7.868240679130736e-05,1.5713791494392164e-08,1.0042541765963442
0.6157342657342951,0.0,0.0,0.0,1.0042541604014747
0.6171328671328964,0.00031042053541486446,7.856011793194323e-05,2.0138585300544805e-08,1.0042367830623216
0.6171328671328964,0.0,0.0,0.0,1.0042367112313184
0.6115384615384775,0.0396832137654754,8.030236868362472e-05,-8.42809175134215e-09,1.0043078677226571
0.6115384615384775,0.0399999999999999,0.0,0.0,1.0043078286796538
0.6185314685314977,0.0,0.0,0.0,1.0042190924116008
0.6185314685314977,0.0003104214733446805,7.841398565833273e-05,1.4029864547978572e-08,1.0042191077068985
0.6199300699300989,0.0003107160187185378,7.853450476081567e-05,-2.317209666072029e-08,1.0042031892051562
0.6199300699300989,0.0,0.0,0.0,1.004203209981373
0.612937062937079,0.0396814936175347,8.064209014236869e-05,-1.960120182495612e-08,1.004289836621831
0.612937062937079,0.0399999999999999,0.0,0.0,1.0042897973783158
0.6143356643356804,0.0396805092076754,8.075447456149159e-05,-1.2435935499865671e-08,1.0042728278521844
0.6143356643356804,0.0399999999999999,0.0,0.0,1.0042727952618131
0.6213286713287002,0.00031111066503538345,7.879289996504484e-05,-1.4887085485530181e-08,1.0041850698441532
0.6213286713287002,0.0,0.0,0.0,1.0041851397221286
0.6157342657342819,0.0396809430352533,8.06405874673712e-05,1.2365560637562497e-08,1.0042560356014725
0.6157342657342819,0.0399999999999999,0.0,0.0,1.0042560848077329
0.6171328671328834,0.0396830459948188,8.027618200700166e-05,3.0790874483750244e-08,1.0042392576690538
0.6171328671328834,0.0399999999999999,0.0,0.0,1.004239335164857
0.6227272727273016,0.00031097230129933245,7.88436228955973e-05,-1.4127646454585249e-08,1.0041672451492027
0.6227272727273016,0.0,0.0,0.0,1.00416727899783
0.6241258741259028,0.00031063550280111164,7.885444506120522e-05,-6.612429962270064e-09,1.0041486320986257
0.6241258741259028,0.0,0.0,0.0,1.0041486475733383
0.6255244755245041,0.0003111446497969741,7.893926330162398e-05,1.7395986077234024e-08,1.0041297320490563
0.6255244755245041,0.0,0.0,0.0,1.0041296957432275
0.6185314685314849,0.0396860899939374,7.970256697560095e-05,1.656835371721535e-08,1.00422155615337
0.6185314685314849,0.0399999999999999,0.0,0.0,1.0042216046102932
0.6199300699300864,0.0396885050790687,7.912278555792767e-05,-3.943475851513782e-09,1.004203488288652
0.6199300699300864,0.0399999999999999,0.0,0.0,1.0042034873664325
0.6269230769231053,0.0003128702775859432,7.922087645546497e-05,2.07627526717165e-08,1.0041118230349555
0.6269230769231053,0.0,0.0,0.0,1.0041117693682406
0.6283216783217066,0.0003153256252836992,7.974210334636113e-05,6.168518409959083e-09,1.0040948699944972
0.6283216783217066,0.0,0.0,0.0,1.004094842980434
0.6213286713286879,0.0396891609107854,7.895091649698245e-05,5.966254784663467e-09,1.0041858506168386
0.6213286713286879,0.0399999999999999,0.0,0.0,1.0041858648053656
0.629720279720308,0.00031768679093520754,8.032795166637269e-05,-5.705460894066207e-09,1.0040776049763005
0.629720279720308,0.0,0.0,0.0,1.0040776384275307
0.6227272727272893,0.0396881999311572,7.92754385325971e-05,1.2973113146064189e-08,1.0041677887230664
0.6227272727272893,0.0399999999999999,0.0,0.0,1.004167817227669
0.6311188811189092,0.0003193975574855568,8.089890864416319e-05,-3.1213183952659675e-08,1.0040610593213593
0.6311188811189092,0.0,0.0,0.0,1.0040611185279151
0.6241258741258908,0.039686848122645,7.967267992340124e-05,-2.523687038366913e-09,1.0041493382223043
0.6241258741258908,0.0399999999999999,0.0,0.0,1.004149320108083
0.6325174825175105,0.00032037275145766945,8.133139848405555e-05,-1.3263447324167385e-08,1.004042845875404
0.6325174825175105,0.0,0.0,0.0,1.004042890879986
0.6339160839161118,0.0003206480001043026,8.142579218377053e-05,-3.3744187593768285e-10,1.0040247022375064
0.6339160839161118,0.0,0.0,0.0,1.0040247001754905
0.6255244755244923,0.0396864132671212,7.96729757337474e-05,-2.2981704633934527e-08,1.0041304431017375
0.6255244755244923,0.0399999999999999,0.0,0.0,1.004130384884283
0.635314685314713,0.0003201460655233552,8.129571043226743e-05,3.43468019576981e-09,1.0040063489190223
0.635314685314713,0.0,0.0,0.0,1.0040063610917211
0.6367132867133144,0.0003189032344967421,8.093924703572587e-05,6.292806840476713e-09,1.0039886013754942
0.6367132867133144,0.0,0.0,0.0,1.0039885702946636
0.6269230769230938,0.0396868462498965,7.945960985195012e-05,-8.530226127792398e-10,1.0041124995431698
0.6269230769230938,0.0399999999999999,0.0,0.0,1.0041124707213445
0.6283216783216953,0.0396875272871606,7.929754869479196e-05,-8.931989320067524e-09,1.0040938394033465
0.6283216783216953,0.0399999999999999,0.0,0.0,1.004093817723933
0.6381118881119157,0.0003173418413434734,8.050444670343976e-05,2.17183961072187e-09,1.003970377316675
0.6381118881119157,0.0,0.0,0.0,1.0039703839909848
0.6395104895105169,0.0003158443126174318,8.01598955966459e-05,-8.335992455211719e-09,1.0039527017666143
0.6395104895105169,0.0,0.0,0.0,1.0039527128146375
0.6297202797202968,0.0396881056408045,7.898874989553136e-05,-2.5768881525401923e-08,1.0040756143891376
0.6297202797202968,0.0399999999999999,0.0,0.0,1.0040755753538029
0.6311188811188982,0.0396879581851402,7.894260534831393e-05,6.6949236844116195e-09,1.0040590103610874
0.6311188811188982,0.0399999999999999,0.0,0.0,1.0040590183412246
0.6409090909091182,0.00031443372624282703,7.983835644695326e-05,-1.954669702178399e-09,1.0039342590494738
0.6409090909091182,0.0,0.0,0.0,1.00393427444251
0.6325174825174997,0.0396868933747141,7.933269147546026e-05,2.108046029262622e-08,1.004041643406035
0.6325174825174997,0.0399999999999999,0.0,0.0,1.0040417028363782
0.6423076923077194,0.00031321358870175137,7.956875516378703e-05,-9.257294301319471e-09,1.0039162080074442
0.6423076923077194,0.0,0.0,0.0,1.0039162137501083
0.6437062937063208,0.00031249583273721223,7.938403980035644e-05,1.7374187752595954e-08,1.0038969862153282
0.6437062937063208,0.0,0.0,0.0,1.0038969383810872
0.6339160839161012,0.0396854201187152,7.982880742423629e-05,1.0069110813768338e-08,1.0040238126790917
0.6339160839161012,0.0399999999999999,0.0,0.0,1.0040238275393312
0.6451048951049221,0.0003124645373155742,7.917190108264552e-05,3.0280992366139324e-08,1.003878626440593
0.6451048951049221,0.0,0.0,0.0,1.0038785477742829
0.6465034965035233,0.000313233109159934,7.919577067415102e-05,1.5716599864052495e-08,1.0038611554976602
0.6465034965035233,0.0,0.0,0.0,1.0038611159048734
0.6353146853147027,0.0396838899806937,8.021262116319314e-05,-9.814245138864014e-09,1.004005253510368
0.6353146853147027,0.0399999999999999,0.0,0.0,1.0040052195525015
0.6367132867133042,0.0396825309315953,8.04311924342213e-05,-2.47745239263923e-08,1.0039867858030984
0.6367132867133042,0.0399999999999999,0.0,0.0,1.003986715932891
0.6479020979021246,0.00031462228588653225,7.952082217282263e-05,-1.0817272549291305e-08,1.0038444658701808
0.6479020979021246,0.0,0.0,0.0,1.0038444984371162
0.6381118881119057,0.0396815716714075,8.048271912898286e-05,-2.286038249939252e-08,1.0039689637640592
0.6381118881119057,0.0399999999999999,0.0,0.0,1.0039689209696343
0.6395104895105072,0.0396809600781194,8.057215748862778e-05,5.696039113061442e-09,1.0039524596382257
0.6395104895105072,0.0399999999999999,0.0,0.0,1.0039524716249657
0.6493006993007259,0.00031615839073678,8.005017432719875e-05,-2.3221632869674e-08,1.0038274039666546
0.6493006993007259,0.0,0.0,0.0,1.0038274478190534
0.6409090909091086,0.0396805225022647,8.077707545037593e-05,2.054173370565926e-08,1.0039353192124287
0.6409090909091086,0.0399999999999999,0.0,0.0,1.0039353956098214
0.6423076923077101,0.0396801634013334,8.106292197788862e-05,3.1372825898776456e-08,1.0039183181223803
0.6423076923077101,0.0399999999999999,0.0,0.0,1.00391838428405
0.6506993006993272,0.00031755188565612847,8.050180300631328e-05,-2.362877288739524e-09,1.0038090881695394
0.6506993006993272,0.0,0.0,0.0,1.0038091193806626
0.6520979020979285,0.00031868898429355234,8.077702342156977e-05,-6.364308591121197e-11,1.003791483688803
0.6520979020979285,0.0,0.0,0.0,1.0037914799110133
0.6437062937063116,0.0396795908946699,8.137435472742544e-05,1.2094629532629116e-08,1.0038998682991391
0.6437062937063116,0.0399999999999999,0.0,0.0,1.0038999211448447
0.6451048951049131,0.039678692162907,8.164349972147825e-05,2.136133052502042e-09,1.0038819272392328
0.6451048951049131,0.0399999999999999,0.0,0.0,1.0038819196529432
0.6534965034965298,0.0003196793658962548,8.104863506359999e-05,-4.485675994270561e-09,1.0037736274181115
0.6534965034965298,0.0,0.0,0.0,1.003773648290591
0.654895104895131,0.0003205561857562566,8.131994243407979e-05,-8.933619790834644e-09,1.0037561322555473
0.654895104895131,0.0,0.0,0.0,1.0037561482398818
0.6465034965035146,0.0396778955614859,8.18462099366449e-05,7.828361753412682e-10,1.0038634838415392
0.6465034965035146,0.0399999999999999,0.0,0.0,1.0038635179513689
0.6479020979021161,0.039677543967585,8.199715971807734e-05,1.4501308890909465e-08,1.0038461390536269
0.6479020979021161,0.0399999999999999,0.0,0.0,1.0038461446070843
0.6562937062937323,0.0003212835528028383,8.157008991093936e-05,-1.2350290861962748e-08,1.0037379846058194
0.6562937062937323,0.0,0.0,0.0,1.0037380341787607
0.6493006993007175,0.0396774680589449,8.20665597106584e-05,-2.697205648420656e-09,1.003827288637129
0.6493006993007175,0.0399999999999999,0.0,0.0,1.003827303392811
0.6576923076923337,0.0003219266036180145,8.185392252593637e-05,-1.6012841492687876e-08,1.0037202028510257
0.6576923076923337,0.0,0.0,0.0,1.003720219492208
0.650699300699319,0.0396772248878217,8.210304029444107e-05,-8.932726933805364e-10,1.0038093650579736
0.650699300699319,0.0399999999999999,0.0,0.0,1.0038093438346969
0.6590909090909349,0.00032212786470483726,8.187669552765886e-05,2.5508566221721704e-08,1.003700836089149
0.6590909090909349,0.0,0.0,0.0,1.003700793971282
0.6604895104895362,0.00032159851181804376,8.150527904066132e-05,3.3170890233976484e-08,1.0036829986702027
0.6604895104895362,0.0,0.0,0.0,1.003682899688219
0.6520979020979205,0.0396767611893202,8.220090131021843e-05,-8.117825265132341e-09,1.0037907747809367
0.6520979020979205,0.0399999999999999,0.0,0.0,1.0037907568758355
0.653496503496522,0.0396764855324073,8.217429329260424e-05,-1.661616245009905e-08,1.0037724084195112
0.653496503496522,0.0399999999999999,0.0,0.0,1.003772348199537
0.6618881118881375,0.0003206278733035443,8.10884383912425e-05,1.2925984803040486e-08,1.0036655427864438
0.6618881118881375,0.0,0.0,0.0,1.0036655127184388
0.6548951048951235,0.0396766545413153,8.204837381194716e-05,-5.219428413968651e-09,1.0037542169347675
0.6548951048951235,0.0399999999999999,0.0,0.0,1.0037541961144505
0.656293706293725,0.0396770873200635,8.191596899181224e-05,-9.874620175680846e-09,1.003736201766477
0.656293706293725,0.0399999999999999,0.0,0.0,1.0037361650600694
0.6632867132867387,0.0003193729031344015,8.080463019325616e-05,-1.741455242489091e-08,1.0036491058923682
0.6632867132867387,0.0,0.0,0.0,1.0036491300623274
0.6576923076923264,0.0396774301363507,8.169809882789162e-05,-1.4876452324614288e-08,1.0037178186388678
0.6576923076923264,0.0399999999999999,0.0,0.0,1.0037178200240169
0.6590909090909279,0.0396773558188924,8.173903282043665e-05,1.3311912291004664e-08,1.003701182110449
0.6590909090909279,0.0399999999999999,0.0,0.0,1.0037011614576654
0.6646853146853401,0.00031814467232236084,8.063507080813402e-05,-2.1587233015870563e-08,1.003631323606299
0.6646853146853401,0.0,0.0,0.0,1.0036314005354
0.6660839160839414,0.00031734587416869573,8.06090112030826e-05,-2.1446502350665043e-08,1.003613830020068
0.6660839160839414,0.0,0.0,0.0,1.0036138637446703
0.6604895104895294,0.0396767965064675,8.18721022168276e-05,-1.6210471308413473e-08,1.0036821931069235
0.6604895104895294,0.0399999999999999,0.0,0.0,1.003682194948772
0.6618881118881309,0.0396759629173114,8.200653151645094e-05,3.6766934479147957e-11,1.0036654490196764
0.6618881118881309,0.0399999999999999,0.0,0.0,1.0036654193627672
0.6674825174825426,0.0003169327090767598,8.052042839292248e-05,1.5642310146567823e-08,1.0035945590360988
0.6674825174825426,0.0,0.0,0.0,1.00359455921842
0.6688811188811439,0.0003170511538124251,8.043788029186642e-05,8.871087237944067e-09,1.0035771621234937
0.6688811188811439,0.0,0.0,0.0,1.003577111565625
0.6632867132867324,0.0396750831660611,8.224619432400835e-05,5.188425426913755e-09,1.003647222182503
0.6632867132867324,0.0399999999999999,0.0,0.0,1.0036472731084205
0.6702797202797451,0.0003179606238772766,8.063237076968893e-05,2.0953446892676527e-09,1.0035588258220252
0.6702797202797451,0.0,0.0,0.0,1.0035588353245093
0.6716783216783465,0.00031948385476155826,8.104263022985936e-05,-5.3284989811181285e-09,1.003541462152981
0.6716783216783465,0.0,0.0,0.0,1.003541449021158
0.6646853146853339,0.0396743284852435,8.252523752774534e-05,1.588851838450693e-08,1.0036302352178348
0.6646853146853339,0.0399999999999999,0.0,0.0,1.0036302382736335
0.6730769230769478,0.00032104856678714244,8.139804569583202e-05,1.5028260881147068e-08,1.0035227732712526
0.6730769230769478,0.0,0.0,0.0,1.0035227633406691
0.6660839160839354,0.0396738964230292,8.269156901052012e-05,8.888215973740156e-10,1.003611748150131
0.6660839160839354,0.0399999999999999,0.0,0.0,1.0036117790525052
0.667482517482537,0.0396740963795816,8.266452574313831e-05,5.645880268232034e-09,1.0035943067196091
0.667482517482537,0.0399999999999999,0.0,0.0,1.0035942950497871
0.674475524475549,0.00032216135710180484,8.161976186736849e-05,-1.7729831764256044e-09,1.0035057818016184
0.674475524475549,0.0,0.0,0.0,1.0035057590949628
0.6688811188811383,0.039675384462412,8.234062017139116e-05,-2.862564312965984e-09,1.0035755296881
0.6688811188811383,0.0399999999999999,0.0,0.0,1.0035755528686503
0.6702797202797398,0.0396779351134812,8.168944457515761e-05,-5.193182467414236e-09,1.0035579452737533
0.6702797202797398,0.0399999999999999,0.0,0.0,1.0035578871136055
0.6758741258741503,0.00032253567204344443,8.174851709140209e-05,-6.653863077543804e-09,1.0034875528753804
0.6758741258741503,0.0,0.0,0.0,1.0034875908492225
0.6716783216783413,0.0396810669421914,8.078701262202282e-05,-2.3737150708634068e-08,1.0035394371381954
0.6716783216783413,0.0399999999999999,0.0,0.0,1.0035393918168072
0.6730769230769428,0.0396838250582718,7.995768123189654e-05,-1.247560037853674e-08,1.0035223604356116
0.6730769230769428,0.0399999999999999,0.0,0.0,1.0035223106042197
0.6772727272727516,0.0003220124839432011,8.169978495808501e-05,-1.2626578849250345e-08,1.0034701944678193
0.6772727272727516,0.0,0.0,0.0,1.0034702015113863
0.6744755244755443,0.0396857797134606,7.937790523278341e-05,-1.158098556373188e-08,1.0035048239657407
0.6744755244755443,0.0399999999999999,0.0,0.0,1.003504817508397
0.6786713286713528,0.0003207889124963849,8.138750933886768e-05,1.1997626490790324e-08,1.0034513127877498
0.6786713286713528,0.0,0.0,0.0,1.0034513224003356
0.6800699300699542,0.00031908437025661966,8.091460309996226e-05,-3.352570562414297e-09,1.003434371743737
0.6800699300699542,0.0,0.0,0.0,1.0034343467313225
0.6814685314685555,0.00031661896017976297,8.032005239697953e-05,-2.5027693504330942e-09,1.0034159375405862
0.6814685314685555,0.0,0.0,0.0,1.0034159708219177
0.6758741258741457,0.0396866228777942,7.918431637337973e-05,2.2605184402132477e-08,1.003488536281878
0.6758741258741457,0.0399999999999999,0.0,0.0,1.003488576820137
0.6772727272727472,0.0396862190454749,7.949648514225125e-05,2.353038869131571e-08,1.003470592788834
0.6772727272727472,0.0399999999999999,0.0,0.0,1.003470655538888
0.6828671328671567,0.00031333611006571365,7.954395710039026e-05,-1.1636728979025833e-08,1.003398522264308
0.6828671328671567,0.0,0.0,0.0,1.0033985266451038
0.6786713286713487,0.0396850021183193,7.988873803752623e-05,4.810181164215245e-09,1.0034521251994162
0.6786713286713487,0.0399999999999999,0.0,0.0,1.0034521606180966
0.6800699300699502,0.0396835594046088,8.028909407153245e-05,6.1816036353749006e-09,1.003433959600421
0.6800699300699502,0.0399999999999999,0.0,0.0,1.0034339601952778
0.684265734265758,0.00031014552869395884,7.876355770099349e-05,7.456490845366016e-09,1.003379547649683
0.684265734265758,0.0,0.0,0.0,1.0033795452379797
0.6856643356643594,0.0003082215938001125,7.821502336941703e-05,3.369121071710535e-09,1.003361566243319
0.6856643356643594,0.0,0.0,0.0,1.0033615499124091
0.6814685314685517,0.0396822327462993,8.062200575145655e-05,-1.1210415015391645e-08,1.003415147534214
0.6814685314685517,0.0399999999999999,0.0,0.0,1.0034151295045963
0.6828671328671532,0.0396811296788391,8.08020062025882e-05,-9.470253783320554e-09,1.003397344959687
0.6828671328671532,0.0399999999999999,0.0,0.0,1.0033973186773824
0.6870629370629606,0.0003080164313975969,7.815644020322418e-05,3.845755545626144e-09,1.003343330474192
0.6870629370629606,0.0,0.0,0.0,1.003343327283404
0.6884615384615619,0.00030922988648647136,7.840576662132136e-05,9.621034226045904e-09,1.0033257179996822
0.6884615384615619,0.0,0.0,0.0,1.0033256892085538
0.6842657342657547,0.0396804350469752,8.095449670701575e-05,-1.1524804537246575e-09,1.0033797418846049
0.6842657342657547,0.0399999999999999,0.0,0.0,1.0033797321281968
0.6898601398601631,0.0003113096979701163,7.889826484655006e-05,-6.629738839548719e-09,1.003308190828902
0.6898601398601631,0.0,0.0,0.0,1.0033082191646014
0.6856643356643561,0.039680295870667,8.096111143267964e-05,-4.970193007547579e-09,1.0033619784816905
0.6856643356643561,0.0399999999999999,0.0,0.0,1.0033619826496154
0.6912587412587644,0.0003138071666945995,7.966343904135267e-05,-2.1315189557596783e-08,1.003290991577611
0.6912587412587644,0.0,0.0,0.0,1.0032910196841218
0.6870629370629576,0.0396804624891413,8.093354146252032e-05,1.1147040189010523e-08,1.0033449048874823
0.6870629370629576,0.0399999999999999,0.0,0.0,1.0033449199175437
0.6926573426573657,0.00031628396354468295,8.03114776145117e-05,1.7024095462586167e-08,1.003272008371453
0.6926573426573657,0.0,0.0,0.0,1.003271989641938
0.694055944055967,0.000318512134893278,8.070258821947767e-05,2.180461110822185e-08,1.0032543874403603
0.694055944055967,0.0,0.0,0.0,1.0032543173247006
0.6884615384615591,0.0396805815391658,8.098897769269494e-05,8.696775675780633e-09,1.003326752557185
0.6884615384615591,0.0399999999999999,0.0,0.0,1.0033267750455033
0.6954545454545683,0.0003210333213846173,8.122534065152214e-05,1.0751055109695082e-08,1.0032368158506606
0.6954545454545683,0.0,0.0,0.0,1.003236795737908
0.6968531468531696,0.00032407554010648184,8.199496771084843e-05,-1.203990202434762e-08,1.003220222431487
0.6968531468531696,0.0,0.0,0.0,1.003220239075847
0.6898601398601606,0.0396805449200524,8.102152082267264e-05,-3.2797169845721e-09,1.0033086247705991
0.6898601398601606,0.0399999999999999,0.0,0.0,1.0033086170684526
0.6912587412587621,0.0396804994382317,8.096754187322495e-05,-1.14121915192652e-08,1.003290470920464
0.6912587412587621,0.0399999999999999,0.0,0.0,1.0032904531671514
0.6982517482517708,0.0003265060643979083,8.274261468450733e-05,-2.4190908576227748e-08,1.003202876293702
0.6982517482517708,0.0,0.0,0.0,1.0032029462900556
0.6996503496503722,0.0003268539315285773,8.300018395949187e-05,-2.154972549284072e-08,1.0031850825131343
0.6996503496503722,0.0,0.0,0.0,1.0031851326244137
0.6926573426573636,0.0396806398690052,8.090470567533363e-05,5.076111812331213e-09,1.0032731588038448
0.6926573426573636,0.0399999999999999,0.0,0.0,1.0032731575357632
0.7010489510489735,0.0003247704175031595,8.257239610165797e-05,-4.449761749919722e-09,1.0031666682895368
0.7010489510489735,0.0,0.0,0.0,1.0031666712006686
0.694055944055965,0.0396809878293333,8.084270165020828e-05,-4.307524192949832e-09,1.0032550817943102
0.694055944055965,0.0399999999999999,0.0,0.0,1.0032550667398032
0.7024475524475747,0.0003214314791009144,8.170232518382289e-05,4.7782755767854474e-09,1.0031475450231833
0.7024475524475747,0.0,0.0,0.0,1.003147547846412
0.703846153846176,0.00031849129359807685,8.09470224900519e-05,3.809108970646549e-09,1.003129026117369
0.703846153846176,0.0,0.0,0.0,1.0031290129990809
0.6954545454545665,0.0396815087498619,8.066084932936888e-05,-2.1555976743498815e-10,1.003237211519855
0.6954545454545665,0.0399999999999999,0.0,0.0,1.0032372455091103
0.696853146853168,0.0396819057316774,8.066848290961279e-05,2.2855752864078804e-08,1.0032204494266543
0.696853146853168,0.0399999999999999,0.0,0.0,1.0032204694852032
0.7052447552447773,0.0003171803695204885,8.050517171343137e-05,2.54278495187307e-08,1.0031103049817325
0.7052447552447773,0.0,0.0,0.0,1.0031102419610325
0.7066433566433785,0.00031759990408904544,8.041492844456169e-05,2.7891000712749732e-08,1.0030927506560876
0.7066433566433785,0.0,0.0,0.0,1.0030926592647205
0.6982517482517695,0.0396820498043727,8.068409987756568e-05,-1.2122314346072058e-08,1.0032015328219548
0.6982517482517695,0.0399999999999999,0.0,0.0,1.003201518853906
0.699650349650371,0.0396823113254495,8.047325248890068e-05,-2.3484554267007336e-08,1.0031839341584268
0.699650349650371,0.0399999999999999,0.0,0.0,1.003183853201439
0.7080419580419799,0.00031793309001750995,8.03144773497953e-05,1.7277839296443313e-08,1.0030752059670989
0.7080419580419799,0.0,0.0,0.0,1.0030751831902227
0.7010489510489725,0.0396827632802952,8.021929389564816e-05,-6.94023364495221e-09,1.0031661000436558
0.7010489510489725,0.0399999999999999,0.0,0.0,1.0031661322402807
0.702447552447574,0.0396830290095643,8.029571305555993e-05,4.191017109915604e-08,1.0031502884425991
0.702447552447574,0.0399999999999999,0.0,0.0,1.003150363924965
0.7094405594405812,0.00031649448483907314,8.000902757095612e-05,-3.0425453241169787e-08,1.003059433371402
0.7094405594405812,0.0,0.0,0.0,1.003059472722272
0.7038461538461754,0.0396827010031843,8.062419238115446e-05,1.918041220395453e-08,1.0031315721315648
0.7038461538461754,0.0399999999999999,0.0,0.0,1.003131653556994
0.7052447552447769,0.0396816494795349,8.097904390779638e-05,1.018411505368552e-08,1.003113674164429
0.7052447552447769,0.0399999999999999,0.0,0.0,1.0031136817775834
0.7108391608391824,0.00031390715884645475,7.957872666412825e-05,-1.8831658632855015e-08,1.003041470328559
0.7108391608391824,0.0,0.0,0.0,1.0030415216443198
0.7122377622377837,0.00031153886902732594,7.902058166285438e-05,1.2310148523599895e-09,1.0030230738545098
0.7122377622377837,0.0,0.0,0.0,1.0030230720461424
0.7066433566433784,0.0396801367129978,8.13729410678662e-05,-1.3121730863720671e-08,1.0030947623078768
0.7066433566433784,0.0399999999999999,0.0,0.0,1.0030947288275105
0.7080419580419799,0.0396786518194869,8.158417701719936e-05,-2.6811891150148393e-08,1.0030765636248165
0.7080419580419799,0.0399999999999999,0.0,0.0,1.0030764969075423
0.713636363636385,0.0003098643194518339,7.85857944838551e-05,4.449729118140968e-10,1.0030045027283014
0.713636363636385,0.0,0.0,0.0,1.003004537670353
0.7150349650349863,0.0003091465744337998,7.844988785345834e-05,-1.4314658130462233e-08,1.0029869706607593
0.7150349650349863,0.0,0.0,0.0,1.002986995276602
0.7094405594405814,0.039677519357073,8.174254837804377e-05,-2.634573866601092e-09,1.0030590300274145
0.7094405594405814,0.0399999999999999,0.0,0.0,1.003059042434987
0.7108391608391829,0.0396766547170155,8.207214056865932e-05,2.7814449165144046e-08,1.0030422124087612
0.7108391608391829,0.0399999999999999,0.0,0.0,1.0030422644920305
0.7164335664335876,0.0003097617614959421,7.86695761285021e-05,5.565130994432428e-09,1.0029682911619422
0.7164335664335876,0.0,0.0,0.0,1.0029682578099963
0.7122377622377843,0.0396758671242076,8.241661424635254e-05,9.742644087864077e-09,1.0030238269530485
0.7122377622377843,0.0399999999999999,0.0,0.0,1.003023869916329
0.7136363636363858,0.0396751700831624,8.262334840256301e-05,2.687083063682981e-09,1.003005873079027
0.7136363636363858,0.0399999999999999,0.0,0.0,1.0030058769953678
0.7178321678321888,0.0003114776062985328,7.895926245620464e-05,2.6084004984587136e-08,1.0029495386382032
0.7178321678321888,0.0,0.0,0.0,1.002949493135281
0.7192307692307901,0.00031381257409238025,7.939931365836572e-05,1.3063177954624604e-08,1.0029322410497408
0.7192307692307901,0.0,0.0,0.0,1.0029321981077857
0.7150349650349873,0.0396746780675142,8.278033532552144e-05,7.667239153135657e-09,1.0029876215218152
0.7150349650349873,0.0399999999999999,0.0,0.0,1.002987642362572
0.7164335664335888,0.0396745125467826,8.287512912567433e-05,2.4329336075065475e-09,1.0029691761633648
0.7164335664335888,0.0399999999999999,0.0,0.0,1.0029691572463757
0.7206293706293914,0.0003167753947059899,8.011836992323174e-05,-5.41886569237148e-09,1.0029153232650871
0.7206293706293914,0.0,0.0,0.0,1.0029153331862517
0.7220279720279927,0.0003199821889635772,8.100915490385307e-05,-1.468653672159948e-08,1.0028982173487897
0.7220279720279927,0.0,0.0,0.0,1.0028982566034226
0.7178321678321903,0.0396747387275298,8.275489319481734e-05,-1.7921578884629326e-08,1.0029499557146984
0.7178321678321903,0.0399999999999999,0.0,0.0,1.002949937268551
0.7192307692307918,0.0396754208453025,8.249099408712965e-05,-6.350506888972652e-09,1.0029323136865498
0.7192307692307918,0.0399999999999999,0.0,0.0,1.0029322734121753
0.723426573426594,0.00032225229150008723,8.16898974651567e-05,-1.754999648025084e-08,1.002880712149275
0.723426573426594,0.0,0.0,0.0,1.002880775295894
0.7206293706293933,0.039676871217272,8.208576839992866e-05,-5.4838004669826555e-09,1.0029139433712106
0.7206293706293933,0.0399999999999999,0.0,0.0,1.002913940715792
0.7220279720279947,0.0396793445956871,8.14274522004495e-05,-7.771528999865036e-09,1.002896240204411
0.7220279720279947,0.0399999999999999,0.0,0.0,1.0028961805848766
0.7248251748251953,0.0003222745173545616,8.185396411079079e-05,-2.5217329424773777e-08,1.002863227047598
0.7248251748251953,0.0,0.0,0.0,1.00286327096004
0.7234265734265962,0.0396822542896303,8.055923395849923e-05,-2.7435438924828762e-08,1.0028775150939668
0.7234265734265962,0.0399999999999999,0.0,0.0,1.0028774709222252
0.7248251748251977,0.0396844226998749,7.987781041200808e-05,-4.901786313406663e-09,1.0028606813710614
0.7248251748251977,0.0399999999999999,0.0,0.0,1.0028606490438727
0.7262237762237966,0.0003201590156312097,8.143583399627103e-05,-5.8383633786971445e-09,1.0028441064200415
0.7262237762237966,0.0,0.0,0.0,1.0028441437208373
0.7276223776223979,0.0003175935088171996,8.075864290186445e-05,1.279742385691969e-08,1.0028253619250491
0.7276223776223979,0.0,0.0,0.0,1.0028253220704002
0.7262237762237993,0.0396854717941189,7.961464303280134e-05,-1.5746533456241078e-10,1.0028430007414382
0.7262237762237993,0.0399999999999999,0.0,0.0,1.0028430049917725
0.7290209790209992,0.00031596916084585,8.02259045083086e-05,1.9065164401704798e-08,1.0028070557410813
0.7290209790209992,0.0,0.0,0.0,1.0028070094701544
0.7304195804196004,0.0003157476463493045,8.002296531570899e-05,2.0042345032208543e-08,1.0027891516206002
0.7304195804196004,0.0,0.0,0.0,1.0027891029514766
0.7276223776224008,0.0396859561022705,7.950063659173448e-05,4.920538865894251e-09,1.0028256558013364
0.7276223776224008,0.0399999999999999,0.0,0.0,1.0028256477381805
0.7318181818182017,0.0003166889968958447,8.019157662747143e-05,-5.9201731013473134e-09,1.0027721123773152
0.7318181818182017,0.0,0.0,0.0,1.0027721187268348
0.733216783216803,0.0003182425204665948,8.070124040074503e-05,-1.6410679137152446e-08,1.0027547930770964
0.733216783216803,0.0,0.0,0.0,1.0027548215792508
0.7290209790210022,0.0396861741391989,7.948791218821414e-05,4.246529086859855e-09,1.002807427405794
0.7290209790210022,0.0399999999999999,0.0,0.0,1.0028074556529651
0.7304195804196036,0.0396857841553035,7.957498148413993e-05,-8.584589829284915e-09,1.0027893735518365
0.7304195804196036,0.0399999999999999,0.0,0.0,1.002789334146613
0.7346153846154042,0.0003197864268783456,8.112162613022403e-05,4.308628140454797e-09,1.0027364681810844
0.7346153846154042,0.0,0.0,0.0,1.002736484417026
0.7360139860140056,0.00032093066040370853,8.140286178202364e-05,-3.7848898549533305e-09,1.0027191565519311
0.7360139860140056,0.0,0.0,0.0,1.0027191394952375
0.7318181818182052,0.0396845971805208,7.977732566939827e-05,-1.2813845000871741e-08,1.0027711169443927
0.7318181818182052,0.0399999999999999,0.0,0.0,1.0027711035357996
0.7332167832168067,0.0396828406826052,8.021181306447071e-05,1.0580405301099395e-08,1.0027540757504034
0.7332167832168067,0.0399999999999999,0.0,0.0,1.002754098532418
0.7374125874126068,0.00032154847167380684,8.15620582628766e-05,4.650577758750515e-09,1.002700700651749
0.7374125874126068,0.0,0.0,0.0,1.0027007126458485
0.7346153846154081,0.039680896174981,8.080769044321276e-05,1.6817903206435972e-08,1.0027364681784547
0.7346153846154081,0.0399999999999999,0.0,0.0,1.0027365333453742
0.7388111888112081,0.0003217715700229054,8.159628744645945e-05,-9.37818271311958e-10,1.0026832016434142
0.7388111888112081,0.0,0.0,0.0,1.0026831843784207
0.7360139860140096,0.0396792765378385,8.134196082496306e-05,1.7404745097091903e-08,1.0027190210509236
0.7360139860140096,0.0399999999999999,0.0,0.0,1.0027190486247168
0.7402097902098094,0.0003219086199047341,8.16495207334776e-05,-2.070865633473866e-09,1.0026651745091977
0.7402097902098094,0.0,0.0,0.0,1.002665196279287
0.7416083916084107,0.00032202307215239506,8.169808875163036e-05,-4.700525645155374e-09,1.0026475597298816
0.7416083916084107,0.0,0.0,0.0,1.0026475627817912
0.7374125874126111,0.0396782660677088,8.166561080161141e-05,5.92318987916742e-10,1.002700434987113
0.7374125874126111,0.0399999999999999,0.0,0.0,1.0027004525571783
0.7388111888112127,0.0396778365118389,8.175893463047574e-05,-3.2095733583772116e-09,1.0026824969207204
0.7388111888112127,0.0399999999999999,0.0,0.0,1.0026824700923875
0.743006993007012,0.0003218151892069862,8.166913298083546e-05,-5.609605572901447e-11,1.0026294781108342
0.743006993007012,0.0,0.0,0.0,1.0026294806544744
0.740209790209814,0.0396780000847371,8.16755542761647e-05,-7.299553153673342e-09,1.0026639250157798
0.740209790209814,0.0399999999999999,0.0,0.0,1.0026639253748126
0.7416083916084155,0.0396786805457732,8.145389879549794e-05,-1.0316992729562308e-08,1.002646209198622
0.7416083916084155,0.0399999999999999,0.0,0.0,1.0026461591638074
0.7444055944056133,0.00032081954572024343,8.139006412547069e-05,7.514368365364163e-09,1.0026115027479574
0.7444055944056133,0.0,0.0,0.0,1.0026114817640348
0.743006993007017,0.0396798392748405,8.10800830264552e-05,-8.088754974300764e-09,1.0026284045699485
0.743006993007017,0.0399999999999999,0.0,0.0,1.0026283910227056
0.7444055944056186,0.0396817444324765,8.05938120038357e-05,3.677592931344605e-09,1.0026109279905313
0.7444055944056186,0.0399999999999999,0.0,0.0,1.0026109218923869
0.7458041958042145,0.00031904289660637987,8.088450773339808e-05,4.148018654940888e-09,1.0025935159643165
0.7458041958042145,0.0,0.0,0.0,1.002593514052862
0.7472027972028158,0.00031686352995887774,8.0370265140305e-05,-1.0530910114699672e-08,1.0025760900192595
0.7472027972028158,0.0,0.0,0.0,1.0025760975000515
0.7486013986014171,0.0003146940618845957,7.987202858493772e-05,-4.446115074886437e-09,1.00255745069785
0.7486013986014171,0.0,0.0,0.0,1.0025574865914388
0.7500000000000184,0.00031360388853213423,7.966781898148938e-05,-1.2855622088562578e-08,1.0025397284447668
0.7500000000000184,0.0,0.0,0.0,1.00253972748538
0.7513986013986197,0.00031426552501320244,7.979590556070202e-05,3.0002939079577294e-08,1.002520115166647
0.7513986013986197,0.0,0.0,0.0,1.0025200598942958
0.74580419580422,0.0396840095555081,8.00084587460361e-05,-1.2287837470558668e-08,1.0025929397332167
0.74580419580422,0.0399999999999999,0.0,0.0,1.0025929108104945
0.7472027972028215,0.0396857720844169,7.944258991096231e-05,-1.1982714539726632e-08,1.002575339219769
0.7472027972028215,0.0399999999999999,0.0,0.0,1.002575320702905
0.752797202797221,0.00031519756787090066,7.973570065536448e-05,3.7726584822812256e-08,1.0025023372374526
0.752797202797221,0.0,0.0,0.0,1.0025022416740872
0.7486013986014229,0.0396867363402148,7.919601618343556e-05,7.834925971644321e-09,1.002558374403059
0.7486013986014229,0.0399999999999999,0.0,0.0,1.002558400108625
0.7541958041958222,0.00031489790342961087,7.955444064621098e-05,-9.709853450698611e-09,1.002485921383334
0.7541958041958222,0.0,0.0,0.0,1.0024859229946954
0.7500000000000245,0.0396867376864993,7.931941795269673e-05,2.734436552467808e-08,1.0025414932791956
0.7500000000000245,0.0399999999999999,0.0,0.0,1.002541543164637
0.7513986013986259,0.0396858025010426,7.973886927414054e-05,1.3990596749427382e-08,1.0025230338415254
0.7513986013986259,0.0399999999999999,0.0,0.0,1.002523087603851
0.7555944055944236,0.00031366149103353915,7.941104668368135e-05,-2.390182239486656e-08,1.002468814565883
0.7555944055944236,0.0,0.0,0.0,1.0024688571386342
0.7569930069930249,0.0003127065316702871,7.924523047461113e-05,5.891921298781621e-10,1.002450301582395
0.7569930069930249,0.0,0.0,0.0,1.0024503370086426
0.7527972027972274,0.0396842289324243,8.013401508573265e-05,-6.791635435011972e-09,1.002504400992259
0.7527972027972274,0.0399999999999999,0.0,0.0,1.0025043950873835
0.7541958041958289,0.0396824872601504,8.056060051152899e-05,1.869484012326516e-09,1.002486504276018
0.7541958041958289,0.0399999999999999,0.0,0.0,1.0024864882658946
0.758391608391626,0.00031283362816982794,7.927227024755824e-05,-4.407419485774274e-09,1.0024327535956583
0.758391608391626,0.0,0.0,0.0,1.002432776481185
0.7555944055944305,0.0396807455878765,8.099369738897044e-05,-2.7503892626804743e-09,1.0024677587279114
0.7555944055944305,0.0399999999999999,0.0,0.0,1.0024677811437033
0.7569930069930318,0.0396797608945196,8.123237408620072e-05,-3.309069728078125e-09,1.0024501415947025
0.7569930069930318,0.0399999999999999,0.0,0.0,1.0024501061083453
0.7597902097902274,0.00031379973100579243,7.9599874930488e-05,-1.5450309757487802e-08,1.002415465264087
0.7597902097902274,0.0,0.0,0.0,1.0024154969118306
0.7583916083916333,0.039680105305608,8.110424357974715e-05,-4.4582962308677015e-09,1.0024321111865877
0.7583916083916333,0.0399999999999999,0.0,0.0,1.0024321212604612
0.7611888111888286,0.0003151021617086388,8.000136165278492e-05,-1.8543067352878603e-09,1.0023973493098712
0.7611888111888286,0.0,0.0,0.0,1.0023973535471586
0.7625874125874299,0.0003162758642265637,8.025516472862971e-05,1.229352906088166e-08,1.0023792852187396
0.7625874125874299,0.0,0.0,0.0,1.0023792524101691
0.7597902097902348,0.0396817093054659,8.072096700586029e-05,7.996534760612641e-09,1.0024148374471828
0.7597902097902348,0.0399999999999999,0.0,0.0,1.0024148335277785
0.7639860139860313,0.0003168916757606335,8.029429443911773e-05,1.4066122966449236e-08,1.0023612084595648
0.7639860139860313,0.0,0.0,0.0,1.0023612025883772
0.7611888111888364,0.0396837466821048,8.022342989309883e-05,-4.023829382619708e-09,1.0023963614116935
0.7611888111888364,0.0399999999999999,0.0,0.0,1.0023963718019815
0.7625874125874378,0.039685330974609,7.980488265114138e-05,-4.175613831076696e-10,1.0023789057815051
0.7625874125874378,0.0399999999999999,0.0,0.0,1.0023788801918885
0.7653846153846325,0.00031617086307927147,8.010630417172539e-05,-1.0789371765564604e-08,1.0023446313922784
0.7653846153846325,0.0,0.0,0.0,1.0023446204775657
0.7639860139860393,0.0396864044255012,7.94938207118031e-05,-1.2755379428490914e-08,1.0023605763223105
0.7639860139860393,0.0399999999999999,0.0,0.0,1.0023605612061304
0.7667832167832338,0.00031415631728920105,7.968461980819428e-05,-1.0903708920670158e-08,1.002326512360535
0.7667832167832338,0.0,0.0,0.0,1.0023265666621342
0.7681818181818351,0.00031189598297071494,7.921715452187912e-05,-1.7357708608433813e-08,1.0023090256308838
0.7681818181818351,0.0,0.0,0.0,1.002309061586896
0.7695804195804364,0.000309899450878854,7.879562032992613e-05,-3.366923293120218e-09,1.0022903418191698
0.7695804195804364,0.0,0.0,0.0,1.0022903672790826
0.7653846153846408,0.0396871711765191,7.924258496598721e-05,4.7286979577902185e-09,1.0023433072238006
0.7653846153846408,0.0399999999999999,0.0,0.0,1.0023433058559152
0.7667832167832423,0.0396872551687662,7.929319229511191e-05,2.9338593362759353e-09,1.0023253197029651
0.7667832167832423,0.0399999999999999,0.0,0.0,1.002325306393642
0.7709790209790377,0.00030844969430079505,7.844646573845056e-05,-5.1627836450612935e-09,1.002272225455454
0.7709790209790377,0.0,0.0,0.0,1.002272225254501
0.7681818181818437,0.0396861120313029,7.949031814569818e-05,-1.9480498215432897e-08,1.0023065036189582
0.7681818181818437,0.0399999999999999,0.0,0.0,1.0023064922192426
0.7695804195804452,0.0396835926618142,8.008277256791724e-05,1.0089665701269053e-08,1.0022896989431238
0.7695804195804452,0.0399999999999999,0.0,0.0,1.0022897035549116
0.7723776223776389,0.0003078725357484216,7.827776880220028e-05,1.9153140935108887e-08,1.0022530700563106
0.7723776223776389,0.0,0.0,0.0,1.0022530056671315
0.7709790209790467,0.0396810732923254,8.08189907097429e-05,1.3746342958793304e-08,1.0022716054215328
0.7709790209790467,0.0399999999999999,0.0,0.0,1.002271662009511
0.7737762237762402,0.0003083831873394013,7.81840215085418e-05,3.1033316333069944e-08,1.0022344360151376
0.7737762237762402,0.0,0.0,0.0,1.002234363993708
0.7751748251748415,0.0003100051609172598,7.844328237622045e-05,1.0454982906631766e-08,1.002217101575941
0.7751748251748415,0.0,0.0,0.0,1.0022170669037094
0.7765734265734427,0.0003121280107219536,7.897479588360172e-05,-1.0029254449495831e-08,1.0022000828532998
0.7765734265734427,0.0,0.0,0.0,1.002200102799376
0.7723776223776483,0.0396773879420885,8.184690542460086e-05,1.1139040102987451e-08,1.0022540967469706
0.7723776223776483,0.0399999999999999,0.0,0.0,1.0022540882795956
0.7779720279720441,0.0003134941221121105,7.942315827912353e-05,-1.3180811828704388e-08,1.0021824867634352
0.7779720279720441,0.0,0.0,0.0,1.002182512269631
0.7737762237762497,0.0396752407499681,8.23807771226525e-05,-1.4421349783652184e-08,1.0022351723598952
0.7737762237762497,0.0399999999999999,0.0,0.0,1.0022351560897187
0.7751748251748511,0.0396745381509552,8.24417352178141e-05,-1.4229942143535914e-08,1.002217462870992
0.7751748251748511,0.0399999999999999,0.0,0.0,1.0022174181676695
0.7793706293706454,0.00031327657724872145,7.940693222133876e-05,9.30296721338752e-10,1.0021641564050077
0.7793706293706454,0.0,0.0,0.0,1.0021641811260669
0.7765734265734526,0.039674838563615,8.229989278036145e-05,-2.0777444021422932e-09,1.002199664836812
0.7765734265734526,0.0399999999999999,0.0,0.0,1.0021996788531995
0.7779720279720542,0.0396758341379789,8.209338578519097e-05,9.179562212810461e-09,1.0021826446490256
0.7779720279720542,0.0399999999999999,0.0,0.0,1.0021826459538392
0.7807692307692466,0.00031207144783721683,7.911794275578604e-05,-8.755438206091193e-09,1.002146630122723
0.7807692307692466,0.0,0.0,0.0,1.0021466416423557
0.7821678321678479,0.0003111341309088498,7.894386591879537e-05,-3.883264612274828e-09,1.0021280658548954
0.7821678321678479,0.0,0.0,0.0,1.0021280667943118
0.7793706293706556,0.0396770618937645,8.181072498979453e-05,4.338188507684779e-09,1.0021644255900195
0.7793706293706556,0.0399999999999999,0.0,0.0,1.0021644779380363
0.7835664335664493,0.0003110512155155228,7.887712300083515e-05,1.803503960505476e-08,1.002109361084866
0.7835664335664493,0.0,0.0,0.0,1.0021093286207086
0.7807692307692571,0.0396780446896845,8.168255149142671e-05,2.4168865550177492e-08,1.0021476112356202
0.7807692307692571,0.0399999999999999,0.0,0.0,1.0021476298849603
0.7849650349650505,0.0003115297597558396,7.883030196444762e-05,2.2158335513686284e-08,1.002091824163344
0.7849650349650505,0.0,0.0,0.0,1.0020917639591975
0.7821678321678586,0.0396786278193031,8.159282944339434e-05,-1.0150802042656825e-08,1.0021283181710483
0.7821678321678586,0.0399999999999999,0.0,0.0,1.00212832714428
0.78356643356646,0.0396788821995023,8.145107983134609e-05,-7.184356636821091e-09,1.002110933370439
0.78356643356646,0.0399999999999999,0.0,0.0,1.002110882165276
0.7863636363636517,0.00031227903805951994,7.895398349053179e-05,-8.665012020329572e-09,1.0020749936655855
0.7863636363636517,0.0,0.0,0.0,1.002075004118701
0.7877622377622531,0.00031304910503658683,7.928760272907721e-05,-1.797200570459792e-08,1.0020577203409582
0.7877622377622531,0.0,0.0,0.0,1.0020577600180234
0.7891608391608543,0.00031286369170564163,7.92750996914355e-05,1.947100075019457e-09,1.0020392810959535
0.7891608391608543,0.0,0.0,0.0,1.0020393078895509
0.7849650349650615,0.0396789353952034,8.137005001025215e-05,-1.2101591857462026e-08,1.0020923692142945
0.7849650349650615,0.0399999999999999,0.0,0.0,1.0020923673155986
0.7905594405594556,0.00031123956990443603,7.89293483985196e-05,-1.8727832642824524e-08,1.002022299997094
0.7905594405594556,0.0,0.0,0.0,1.0020223161391837
0.791958041958057,0.0003091669861548484,7.848666673362378e-05,1.004446888031082e-09,1.002003060255236
0.791958041958057,0.0,0.0,0.0,1.002003076209289
0.7933566433566582,0.0003081937326494595,7.819215932353254e-05,8.384457363050781e-09,1.0019847008647305
0.7933566433566582,0.0,0.0,0.0,1.0019846697918544
0.786363636363663,0.039678864856095,8.135768915026928e-05,3.161128216720375e-09,1.002075503023849
0.786363636363663,0.0399999999999999,0.0,0.0,1.0020754812876174
0.7947552447552595,0.0003090807808866067,7.832256640579336e-05,1.8623607020300328e-08,1.0019661611866868
0.7947552447552595,0.0,0.0,0.0,1.001966127006757
0.7961538461538608,0.0003114689524974604,7.878995608593416e-05,1.5455956740674083e-08,1.0019490845739083
0.7961538461538608,0.0,0.0,0.0,1.0019490282717356
0.7877622377622645,0.0396788137004443,8.137104574314188e-05,-7.285754827097322e-10,1.002057104409158
0.7877622377622645,0.0399999999999999,0.0,0.0,1.0020571366137183
0.789160839160866,0.0396786497765357,8.148251510556214e-05,1.809429083969185e-08,1.0020401411306803
0.789160839160866,0.0399999999999999,0.0,0.0,1.0020401523893108
0.7975524475524621,0.00031464055928205576,7.951495180676307e-05,6.605349503014625e-10,1.0019318044826542
0.7975524475524621,0.0,0.0,0.0,1.0019318160791408
0.7905594405594675,0.0396780805797932,8.168067376859366e-05,-6.004415567764585e-09,1.0020211745750052
0.7905594405594675,0.0399999999999999,0.0,0.0,1.0020211848450429
0.791958041958069,0.0396774959160787,8.17664872205427e-05,-8.062286288623866e-09,1.0020035609747395
0.791958041958069,0.0399999999999999,0.0,0.0,1.0020035143890027
0.7989510489510634,0.0003179292313856611,8.044797400401942e-05,-2.4939114933324772e-08,1.0019153071677338
0.7989510489510634,0.0,0.0,0.0,1.001915351085109
0.7933566433566704,0.0396771670250305,8.176556556963185e-05,-1.5817080784722846e-08,1.0019851150311432
0.7933566433566704,0.0399999999999999,0.0,0.0,1.0019850941628456
0.7947552447552719,0.0396770810571859,8.170824081114563e-05,-7.115318022703101e-09,1.0019681292858569
0.7947552447552719,0.0399999999999999,0.0,0.0,1.0019680837104814
0.8003496503496645,0.00032085124699393944,8.134439563550516e-05,-1.818743515712225e-08,1.0018973667082436
0.8003496503496645,0.0,0.0,0.0,1.0018974427222738
0.7961538461538734,0.0396769950893413,8.167194107146769e-05,-4.176228011623737e-09,1.0019501909446196
0.7961538461538734,0.0399999999999999,0.0,0.0,1.0019502305303962
0.7975524475524749,0.0396769116478467,8.180451333912084e-05,3.4190031523991704e-08,1.001934212235618
0.7975524475524749,0.0399999999999999,0.0,0.0,1.0019342699025584
0.8017482517482659,0.0003229888182643796,8.201959417195978e-05,-2.0412113468910915e-08,1.0018799465757402
0.8017482517482659,0.0,0.0,0.0,1.0018799850428974
0.7989510489510764,0.0396764848419851,8.210727758319762e-05,1.4840188903689394e-08,1.001915731371411
0.7989510489510764,0.0399999999999999,0.0,0.0,1.001915795518907
0.8003496503496779,0.0396760577933461,8.227737494328043e-05,6.469156873119199e-09,1.0018979412022608
0.8003496503496779,0.0399999999999999,0.0,0.0,1.0018979356867617
0.8031468531468671,0.0003240118508905172,8.236152956702475e-05,-2.4092431318736194e-09,1.0018611561873292
0.8031468531468671,0.0,0.0,0.0,1.001861193891064
0.8045454545454684,0.0003241925449137462,8.242057832987307e-05,-4.2665968420374874e-09,1.00184336158691
0.8045454545454684,0.0,0.0,0.0,1.0018433511443523
0.8017482517482794,0.0396759678092976,8.231632200652793e-05,-1.536819603694658e-09,1.0018791616717235
0.8017482517482794,0.0399999999999999,0.0,0.0,1.0018791939497786
0.8031468531468808,0.0396763017213148,8.226310136113384e-05,9.515183362606096e-09,1.001861878548488
0.8031468531468808,0.0399999999999999,0.0,0.0,1.0018618746529993
0.8059440559440697,0.0003242642218591367,8.243091149988124e-05,1.1218047631114872e-08,1.001824664496488
0.8059440559440697,0.0,0.0,0.0,1.0018246351202955
0.807342657342671,0.00032435132914898705,8.23080690874165e-05,2.659936197164414e-08,1.001806376878546
0.807342657342671,0.0,0.0,0.0,1.001806307104436
0.8045454545454823,0.0396769297632918,8.213489003056375e-05,1.3725125274807147e-09,1.0018430212195155
0.8045454545454823,0.0399999999999999,0.0,0.0,1.0018430561225973
0.8087412587412723,0.0003234117432072885,8.188876764246973e-05,1.8910723380276455e-08,1.0017885173550185
0.8087412587412723,0.0,0.0,0.0,1.001788492604018
0.8059440559440838,0.0396778237613121,8.197746569237155e-05,1.4906409483477545e-08,1.0018254997485858
0.8059440559440838,0.0399999999999999,0.0,0.0,1.0018254977772114
0.8101398601398735,0.00032082483877648185,8.12515520975328e-05,-2.2508980670425347e-08,1.0017720951365598
0.8101398601398735,0.0,0.0,0.0,1.0017721115519431
0.8073426573426853,0.0396793825386357,8.158795487089944e-05,-1.7071007128189394e-08,1.0018059686250635
0.8073426573426853,0.0399999999999999,0.0,0.0,1.001805946061291
0.8087412587412868,0.0396818650184452,8.080916526307894e-05,-2.013211446042545e-08,1.0017880631834493
0.8087412587412868,0.0399999999999999,0.0,0.0,1.0017879827921878
0.8115384615384748,0.0003175365848643451,8.06133288787153e-05,-2.0269195127561323e-08,1.0017539234357675
0.8115384615384748,0.0,0.0,0.0,1.0017539769027424
0.8101398601398883,0.0396843564315195,8.003049620917026e-05,-2.1708698537365622e-08,1.0017696475202755
0.8101398601398883,0.0399999999999999,0.0,0.0,1.00176960813923
0.8115384615384897,0.0396850851886257,7.974352751392325e-05,-5.026855614458021e-09,1.0017526815395232
0.8115384615384897,0.0399999999999999,0.0,0.0,1.00175264753815
0.8129370629370761,0.0003147996054900108,7.997556721616158e-05,1.572617446874804e-09,1.0017351821626812
0.8129370629370761,0.0,0.0,0.0,1.0017351973750597
0.8129370629370912,0.0396833135600496,8.017992051060224e-05,2.883486557434462e-09,1.00173484575397
0.8129370629370912,0.0399999999999999,0.0,0.0,1.001734876659257
0.8143356643356773,0.0003132793662036601,7.95226430016993e-05,1.6601860082075733e-08,1.0017166731737688
0.8143356643356773,0.0,0.0,0.0,1.0017166444660603
0.8157342657342785,0.00031289416388984313,7.929624924962656e-05,1.7856380435048562e-08,1.0016994717389884
0.8157342657342785,0.0,0.0,0.0,1.0016994065096672
0.8171328671328798,0.0003126806004133441,7.913323871175528e-05,4.819631410681882e-09,1.0016819533772634
0.8171328671328798,0.0,0.0,0.0,1.001681966466413
0.8143356643356927,0.0396804700706729,8.098592299642001e-05,2.0248220056246115e-08,1.0017178967087357
0.8143356643356927,0.0399999999999999,0.0,0.0,1.0017179341151343
0.8185314685314811,0.0003117395036847122,7.902397710998177e-05,-3.5180849817681936e-08,1.0016657200282657
0.8185314685314811,0.0,0.0,0.0,1.0016657773108986
0.8199300699300824,0.0003104714101087754,7.891180995109281e-05,-1.3437341640852225e-08,1.0016468899180824
0.8199300699300824,0.0,0.0,0.0,1.00164694190987
0.8213286713286836,0.00030983591731599894,7.874791211021648e-05,8.714545888239852e-09,1.001628188160247
0.8213286713286836,0.0,0.0,0.0,1.001628166640471
0.8157342657342942,0.039678048512741,8.169618769320315e-05,2.0442277340758056e-09,1.0016996458373526
0.8157342657342942,0.0399999999999999,0.0,0.0,1.001699638207587
0.8171328671328957,0.0396763911353723,8.205891069241244e-05,-1.347825222821466e-08,1.00168123042242
0.8171328671328957,0.0399999999999999,0.0,0.0,1.0016811995223796
0.822727272727285,0.0003101943418659823,7.87537623156566e-05,1.2691337685865556e-08,1.0016096270689534
0.822727272727285,0.0,0.0,0.0,1.0016096034756472
0.8185314685314972,0.0396753736342956,8.227609756397804e-05,4.540380389946807e-09,1.0016635784618266
0.8185314685314972,0.0399999999999999,0.0,0.0,1.0016635864285253
0.8199300699300986,0.0396745903279297,8.252627920446507e-05,4.13219867256471e-09,1.0016456205846276
0.8199300699300986,0.0399999999999999,0.0,0.0,1.0016456337557826
0.8241258741258862,0.0003108852718481799,7.886628665327847e-05,4.7502510000221644e-09,1.001592070558588
0.8241258741258862,0.0,0.0,0.0,1.0015920405039076
0.8213286713287001,0.0396739518055304,8.263253394833595e-05,-1.7749449351691193e-08,1.0016273713719488
0.8213286713287001,0.0399999999999999,0.0,0.0,1.0016273209043776
0.8227272727273016,0.0396737339905484,8.252688891598837e-05,-2.579176645725001e-08,1.001609460068142
0.8227272727273016,0.0399999999999999,0.0,0.0,1.0016093954362542
0.8255244755244874,0.0003114403511540584,7.895767887662946e-05,8.928045369959373e-09,1.001573983857802
0.8255244755244874,0.0,0.0,0.0,1.0015739726871358
0.8269230769230888,0.0003121598711575672,7.909624082531152e-05,2.153476985217407e-09,1.0015568051095356
0.8269230769230888,0.0,0.0,0.0,1.0015567847594655
0.82832167832169,0.00031268682870350654,7.924823044279493e-05,-8.811079966666002e-09,1.0015392851515703
0.82832167832169,0.0,0.0,0.0,1.0015393192048532
0.8241258741259031,0.0396738838205359,8.236058233644354e-05,-2.9436576729111847e-09,1.0015922670907311
0.8241258741259031,0.0399999999999999,0.0,0.0,1.001592301442889
0.8255244755245046,0.0396738508881161,8.251802041575626e-05,4.10974523911021e-08,1.001576418895603
0.8255244755245046,0.0399999999999999,0.0,0.0,1.0015765023770435
0.8297202797202912,0.0003124577553347909,7.929544043543262e-05,-1.6811808178586233e-08,1.0015217517989583
0.8297202797202912,0.0,0.0,0.0,1.001521786396356
0.8269230769231061,0.0396733797073587,8.289920832562809e-05,2.909170440751552e-08,1.0015583957039045
0.8269230769231061,0.0399999999999999,0.0,0.0,1.0015584985678136
0.8283216783217076,0.0396728016755285,8.321603482154479e-05,2.008666351764493e-08,1.001540741460014
0.8283216783217076,0.0399999999999999,0.0,0.0,1.0015407754432786
0.8311188811188925,0.0003116343362289529,7.914948238186116e-05,1.4268375770334706e-09,1.0015030658207258
0.8311188811188925,0.0,0.0,0.0,1.0015030647120244
0.829720279720309,0.0396725209949834,8.335851292398417e-05,2.495340495595537e-10,1.0015218585662
0.829720279720309,0.0399999999999999,0.0,0.0,1.0015218736077969
0.8311188811189105,0.0396727954638311,8.327397583767354e-05,-3.005283856070985e-09,1.0015035347588712
0.8311188811189105,0.0399999999999999,0.0,0.0,1.0015035073890215
0.8325174825174937,0.00031060567490103787,7.883707656251499e-05,8.87155203047217e-09,1.0014844838457908
0.8325174825174937,0.0,0.0,0.0,1.0014844578125643
0.832517482517512,0.0396736557813877,8.301206340352955e-05,-9.606124398579718e-09,1.0014845971769288
0.832517482517512,0.0399999999999999,0.0,0.0,1.001484585021295
0.8339160839161135,0.0396749684627665,8.262195114399348e-05,-8.151606330741763e-09,1.0014664689580457
0.8339160839161135,0.0399999999999999,0.0,0.0,1.0014664224135663
0.8339160839160951,0.0003102252167769323,7.867089904226806e-05,1.3040434677210841e-08,1.001466125446656
0.8339160839160951,0.0,0.0,0.0,1.0014660924433127
0.8353146853146963,0.0003113069686696869,7.882975060965709e-05,1.5507018527218744e-08,1.0014483869434296
0.8353146853146963,0.0,0.0,0.0,1.0014483415404438
0.8367132867132975,0.00031303062977199383,7.919292465158743e-05,2.981859896617781e-09,1.0014311695001312
0.8367132867132975,0.0,0.0,0.0,1.001431156687329
0.835314685314715,0.0396769554426135,8.20319148625774e-05,-1.4546877130429252e-08,1.0014476520698714
0.835314685314715,0.0399999999999999,0.0,0.0,1.0014476334335236
0.8381118881118989,0.0003136789460611691,7.938985962513592e-05,-1.3102409018420566e-08,1.0014137824788238
0.8381118881118989,0.0,0.0,0.0,1.0014138191963269
0.8367132867133165,0.0396799259376041,8.120050158804354e-05,-1.18618738419606e-08,1.0014299637680153
0.8367132867133165,0.0399999999999999,0.0,0.0,1.0014298991114898
0.8395104895105001,0.00031278141509146813,7.928404204711684e-05,-1.3100042069275691e-08,1.0013960863864615
0.8395104895105001,0.0,0.0,0.0,1.00139609681238
0.8409090909091015,0.0003114996339824439,7.899854700370376e-05,-1.2885408137154946e-09,1.001377339062733
0.8409090909091015,0.0,0.0,0.0,1.0013773660789649
0.8423076923077027,0.0003111190904931485,7.891076443700377e-05,5.991700696909842e-10,1.0013590734536626
0.8423076923077027,0.0,0.0,0.0,1.0013590712975242
0.838111888111918,0.0396833931895297,8.019325347837685e-05,-2.3340462748661023e-08,1.001411640719987
0.838111888111918,0.0399999999999999,0.0,0.0,1.0014115964670298
0.8395104895105194,0.0396863482193911,7.933892081461639e-05,-3.3030268095900923e-09,1.0013946993983869
0.8395104895105194,0.0399999999999999,0.0,0.0,1.0013946775124
0.8437062937063039,0.00031202815529181874,7.90744896307355e-05,1.732783295028351e-08,1.0013406710100836
0.8437062937063039,0.0,0.0,0.0,1.001340639128342
0.8451048951049052,0.0003138485759424351,7.939755013039791e-05,1.6902637305009288e-08,1.0013234571079517
0.8451048951049052,0.0,0.0,0.0,1.001323398581974
0.8409090909091209,0.0396885684003592,7.880263095519755e-05,6.028627425730801e-09,1.0013771890908951
0.8409090909091209,0.0399999999999999,0.0,0.0,1.0013772154096474
0.8465034965035064,0.000316012819400204,7.986426890101465e-05,1.0599261995944411e-09,1.0013062329245737
0.8465034965035064,0.0,0.0,0.0,1.0013062403055637
0.8479020979021077,0.00031817261512750734,8.050465710327515e-05,-2.3273321667719244e-08,1.0012896564705869
0.8479020979021077,0.0,0.0,0.0,1.0012896975763157
0.8423076923077224,0.0396903548661682,7.840464993528241e-05,7.663799406176467e-09,1.001359905388698
0.8423076923077224,0.0399999999999999,0.0,0.0,1.0013599157502435
0.849300699300709,0.0003200608768993224,8.112274129157915e-05,-1.4413524106711824e-08,1.0012716882333026
0.849300699300709,0.0,0.0,0.0,1.001271749882171
0.8437062937063239,0.0396914775741399,7.816193118476946e-05,3.928346953739158e-09,1.0013418279695288
0.8437062937063239,0.0399999999999999,0.0,0.0,1.0013418367143463
0.8451048951049254,0.039692022131971,7.802240445263311e-05,-9.191309173662216e-09,1.001323637549992
0.8451048951049254,0.0399999999999999,0.0,0.0,1.0013235990921163
0.8506993006993102,0.0003214895310845012,8.156833135739564e-05,-9.832679215213337e-09,1.001254150929947
0.8506993006993102,0.0,0.0,0.0,1.001254165057892
0.8465034965035269,0.0396918175881619,7.793282892369974e-05,-2.3083710512853595e-08,1.001305338834259
0.8465034965035269,0.0399999999999999,0.0,0.0,1.0013053063179345
0.8479020979021283,0.0396906006495083,7.81744060422034e-05,9.841609812553344e-09,1.0012890180358802
0.8479020979021283,0.0399999999999999,0.0,0.0,1.001289038825668
0.8520979020979116,0.00032248535521197053,8.185473766826017e-05,-3.351111484309223e-09,1.001235694896298
0.8520979020979116,0.0,0.0,0.0,1.001235730794925
0.8534965034965128,0.00032318066948349865,8.210169677161944e-05,-1.4012410614510757e-08,1.001218214747188
0.8534965034965128,0.0,0.0,0.0,1.0012182244274064
0.8493006993007298,0.0396893837108548,7.863024235968001e-05,2.7162389288776617e-08,1.0012717237366993
0.8493006993007298,0.0399999999999999,0.0,0.0,1.001271816680288
0.854895104895114,0.00032374017604531167,8.226901589096642e-05,5.966031655135463e-09,1.0011991178150874
0.854895104895114,0.0,0.0,0.0,1.0011991404203426
0.8562937062937154,0.0003241958267573768,8.237502974199327e-05,-5.234769772320382e-09,1.0011816362562993
0.8562937062937154,0.0,0.0,0.0,1.001181611123251
0.8506993006993313,0.0396861009029832,7.969220812950363e-05,3.5236918667896107e-08,1.0012543966579937
0.8506993006993313,0.0399999999999999,0.0,0.0,1.001254482835985
0.8576923076923166,0.0003244935346578941,8.242159987654429e-05,2.0159012940283065e-08,1.0011626475951658
0.8576923076923166,0.0,0.0,0.0,1.0011626165586056
0.8520979020979328,0.0396821469277552,8.088009789937778e-05,9.558663869069882e-09,1.0012356453569629
0.8520979020979328,0.0399999999999999,0.0,0.0,1.0012356493530865
0.8590909090909179,0.0003246522794248361,8.225077511929677e-05,2.9682729223230532e-08,1.0011447308523214
0.8590909090909179,0.0,0.0,0.0,1.001144654559824
0.8534965034965343,0.0396781435785191,8.181305626169934e-05,-2.8212069327425516e-08,1.001216111251954
0.8534965034965343,0.0399999999999999,0.0,0.0,1.0012160479411163
0.8604895104895192,0.0003246488045557189,8.216032730837605e-05,-6.3922463348579405e-09,1.0011277488572408
0.8604895104895192,0.0,0.0,0.0,1.0011277547252464
0.8618881118881203,0.0003245027074015052,8.225682404690606e-05,-2.1673564578051586e-08,1.001110509873251
0.8618881118881203,0.0,0.0,0.0,1.001110547944405
0.8548951048951358,0.0396749559014668,8.240637887283368e-05,-2.6685641286145692e-08,1.001197828365754
0.8548951048951358,0.0399999999999999,0.0,0.0,1.0011977516985369
0.8632867132867217,0.00032452103538478904,8.232411065921089e-05,3.633832056691743e-09,1.0010920634981129
0.8632867132867217,0.0,0.0,0.0,1.00109207815448
0.864685314685323,0.00032492446116347577,8.23944392245323e-05,2.4842043416972523e-11,1.0010744683427832
0.864685314685323,0.0,0.0,0.0,1.0010744540863237
0.8562937062937372,0.039673087588297,8.27693392915632e-05,-2.524574207527885e-09,1.0011800333403378
0.8562937062937372,0.0399999999999999,0.0,0.0,1.0011800101298884
0.8576923076923387,0.0396724909040312,8.293452498084389e-05,-1.973674569273243e-09,1.001162023979485
0.8576923076923387,0.0399999999999999,0.0,0.0,1.001162026645115
0.8660839160839242,0.0003254445559452316,8.25394361048424e-05,4.1141819932252254e-10,1.001056384223086
0.8660839160839242,0.0,0.0,0.0,1.0010563870598848
0.8674825174825255,0.0003258638856261451,8.258801312294945e-05,1.556103903828949e-08,1.001038394046087
0.8674825174825255,0.0,0.0,0.0,1.0010383605910362
0.8590909090909402,0.0396728156698837,8.277666857369641e-05,-1.3423281760763589e-08,1.0011441657672533
0.8590909090909402,0.0399999999999999,0.0,0.0,1.0011441486443382
0.8604895104895417,0.0396736531295141,8.250927089525307e-05,-5.6058594581621945e-09,1.0011272931647444
0.8604895104895417,0.0399999999999999,0.0,0.0,1.0011272609541877
0.8688811188811267,0.0003265657656397283,8.266559752073379e-05,6.246927164750453e-09,1.0010210572197165
0.8688811188811267,0.0,0.0,0.0,1.0010210511983255
0.870279720279728,0.0003276416080039793,8.300811550850944e-05,-2.2000330535070985e-08,1.0010044593028318
0.870279720279728,0.0,0.0,0.0,1.0010044830168434
0.8618881118881432,0.0396747286543512,8.218108724421621e-05,-7.754063674736379e-09,1.0011099368156775
0.8618881118881432,0.0399999999999999,0.0,0.0,1.0011099384771218
0.8632867132867447,0.0396758169219448,8.191741329858792e-05,1.140603485426754e-08,1.0010934642154292
0.8632867132867447,0.0399999999999999,0.0,0.0,1.0010934852791724
0.8716783216783293,0.0003280626041513571,8.324734188021733e-05,-1.4105153202414832e-08,1.0009862014664683
0.8716783216783293,0.0,0.0,0.0,1.000986262299939
0.8646853146853462,0.0396766360882432,8.184190772843025e-05,2.904031572997136e-08,1.0010761465582951
0.8646853146853462,0.0399999999999999,0.0,0.0,1.001076267924315
0.8660839160839476,0.0396769091072967,8.206011025473947e-05,4.2358169258391006e-08,1.0010595582955604
0.8660839160839476,0.0399999999999999,0.0,0.0,1.0010596154602482
0.8730769230769306,0.00032621490846913484,8.285819170322981e-05,-9.383346926622805e-09,1.0009681603616014
0.8730769230769306,0.0,0.0,0.0,1.0009681770445489
0.8674825174825491,0.0396767221673691,8.223440390329732e-05,-7.418238394145745e-09,1.0010399969866053
0.8674825174825491,0.0399999999999999,0.0,0.0,1.001040029096815
0.8744755244755319,0.00032208249577144306,8.186271854786805e-05,-2.3034745796903994e-09,1.000949764193836
0.8744755244755319,0.0,0.0,0.0,1.0009497632886386
0.8688811188811506,0.0396766044123858,8.220109305637422e-05,-3.4410826621312893e-09,1.00102266498745
0.8688811188811506,0.0399999999999999,0.0,0.0,1.001022618703468
0.875874125874133,0.00031756899418868744,8.072021423758603e-05,-3.217157879522747e-09,1.000930880904095
0.875874125874133,0.0,0.0,0.0,1.0009309014744527
0.8772727272727343,0.00031438294293637616,7.995314031195658e-05,2.023076299068532e-12,1.0009122081335
0.8772727272727343,0.0,0.0,0.0,1.0009122040762948
0.8702797202797521,0.0396772336536172,8.200097336623173e-05,-9.988061469560165e-09,1.0010038536062358
0.8702797202797521,0.0399999999999999,0.0,0.0,1.0010038712630538
0.8716783216783536,0.0396790186150421,8.156385494772677e-05,1.898928215126167e-08,1.0009870852234428
0.8716783216783536,0.0399999999999999,0.0,0.0,1.0009871196957276
0.8786713286713356,0.0003130778605111956,7.950445286916054e-05,2.9677136392788552e-08,1.000893187881509
0.8786713286713356,0.0,0.0,0.0,1.000893123867303
0.8800699300699368,0.0003132803528910341,7.935221457338565e-05,2.1359880011421153e-08,1.0008758498698307
0.8800699300699368,0.0,0.0,0.0,1.0008757760521905
0.8730769230769551,0.0396812473713845,8.115364492990416e-05,1.4662073995319004e-08,1.0009688995901735
0.8730769230769551,0.0399999999999999,0.0,0.0,1.0009689337235217
0.8744755244755565,0.0396823084690482,8.089931893324438e-05,-1.0598546342132541e-08,1.0009505269310963
0.8744755244755565,0.0399999999999999,0.0,0.0,1.000950487699649
0.8814685314685381,0.0003145597563405676,7.959884294486315e-05,-3.391164049688234e-09,1.000858408562468
0.8814685314685381,0.0,0.0,0.0,1.00085842424965
0.8828671328671394,0.0003166085634575649,8.024074330190515e-05,-2.1826794519240323e-08,1.000841522809094
0.8828671328671394,0.0,0.0,0.0,1.0008415483626412
0.875874125874158,0.0396815246677981,8.098283210712942e-05,-1.2278523694443011e-08,1.0009319660745395
0.875874125874158,0.0399999999999999,0.0,0.0,1.0009319754422532
0.8842657342657406,0.0003188901761021664,8.084898865116297e-05,1.3529368478576709e-08,1.0008227091861666
0.8842657342657406,0.0,0.0,0.0,1.000822709004905
0.8856643356643419,0.0003207640023735227,8.121492401001851e-05,9.414024311308762e-09,1.0008056348478434
0.8856643356643419,0.0,0.0,0.0,1.000805587975285
0.8772727272727595,0.0396798073395732,8.146231317573567e-05,2.0958129581547185e-08,1.0009151969713137
0.8772727272727595,0.0399999999999999,0.0,0.0,1.0009152068287015
0.8870629370629431,0.0003217657893649824,8.142397914514815e-05,3.6228255626542924e-09,1.0007877961802407
0.8870629370629431,0.0,0.0,0.0,1.0007878102038508
0.8884615384615444,0.00032169764824456146,8.147309935550818e-05,-2.289612592439713e-08,1.0007712518148726
0.8884615384615444,0.0,0.0,0.0,1.000771285036838
0.878671328671361,0.0396783080064633,8.195465660620336e-05,6.337429320380598e-09,1.000896127984103
0.878671328671361,0.0399999999999999,0.0,0.0,1.0008961388694042
0.8800699300699625,0.0396775421741712,8.212800707875739e-05,-1.4674147535888594e-08,1.0008771523432556
0.8800699300699625,0.0399999999999999,0.0,0.0,1.0008771038511797
0.8898601398601458,0.00032062420870705184,8.136549554331725e-05,-1.4790657208423628e-08,1.000753238460462
0.8898601398601458,0.0,0.0,0.0,1.0007532839885145
0.8912587412587469,0.0003188369487619776,8.093704699036582e-05,5.115612299454989e-09,1.000735098974228
0.8912587412587469,0.0,0.0,0.0,1.0007350960661563
0.881468531468564,0.0396777182426578,8.188739621949784e-05,-3.6222654041534666e-08,1.0008581262004166
0.881468531468564,0.0399999999999999,0.0,0.0,1.00085804971309
0.8828671328671654,0.0396789424362688,8.136013582457676e-05,-2.322332372476855e-08,1.0008409490694343
0.8828671328671654,0.0399999999999999,0.0,0.0,1.000840877051071
0.8926573426573481,0.0003169268991026243,8.041182700056274e-05,-4.4598779173385324e-10,1.0007170339280784
0.8926573426573481,0.0,0.0,0.0,1.0007170642712693
0.8940559440559493,0.0003154368501207777,8.014378810511544e-05,-2.3498499314045294e-08,1.000700109693366
0.8940559440559493,0.0,0.0,0.0,1.0007001351918705
0.8842657342657669,0.0396810249675903,8.073014841874398e-05,8.016248972123155e-11,1.000823640582496
0.8842657342657669,0.0399999999999999,0.0,0.0,1.0008236684859253
0.8856643356643684,0.0396835429954878,8.024752674668634e-05,3.7432474170720886e-08,1.0008072147215257
0.8856643356643684,0.0399999999999999,0.0,0.0,1.0008072916822768
0.8954545454545506,0.0003145809602780997,8.003008852154927e-05,-5.066992733535537e-09,1.0006809593448291
0.8954545454545506,0.0,0.0,0.0,1.0006810046903851
0.8870629370629699,0.0396861296671284,7.982379911762049e-05,2.0108227290720627e-08,1.0007886553281224
0.8870629370629699,0.0399999999999999,0.0,0.0,1.000788729192048
0.8884615384615713,0.0396885133370982,7.929722777397683e-05,1.5515889150317983e-09,1.000770432839711
0.8884615384615713,0.0399999999999999,0.0,0.0,1.00077041060982
0.896853146853152,0.0003138195709731068,7.987256891229539e-05,-5.115528815221219e-09,1.0006627864189652
0.896853146853152,0.0,0.0,0.0,1.0006627742811105
0.8898601398601729,0.0396903105474784,7.875367643419582e-05,-2.796843407055986e-08,1.0007513353550996
0.8898601398601729,0.0399999999999999,0.0,0.0,1.0007512624658463
0.8912587412587744,0.0396911473129759,7.830377268426465e-05,-2.876570986913768e-08,1.0007334371026708
0.8912587412587744,0.0399999999999999,0.0,0.0,1.000733355343573
0.8982517482517531,0.000312907991089006,7.957541710092784e-05,2.7557638677429348e-08,1.0006432738014102
0.8982517482517531,0.0,0.0,0.0,1.0006432237438871
0.8996503496503545,0.00031245799527134123,7.921833641582293e-05,3.1272444786043405e-08,1.0006257057113024
0.8996503496503545,0.0,0.0,0.0,1.00062560009077
0.9010489510489558,0.00031240934867983217,7.903245000765855e-05,1.4280789999724142e-08,1.0006081184540618
0.9010489510489558,0.0,0.0,0.0,1.000608088443241
0.8926573426573758,0.0396912556338559,7.8159212545084e-05,-1.4915468102609326e-10,1.0007160986094836
0.8926573426573758,0.0399999999999999,0.0,0.0,1.00071611266057
0.902447552447557,0.0003123470599062068,7.904310089332406e-05,-1.8729452170568782e-08,1.0005917867793006
0.902447552447557,0.0,0.0,0.0,1.0005918144332877
0.8940559440559772,0.0396911476225367,7.82867874508272e-05,2.203917523557348e-08,1.0006992072090968
0.8940559440559772,0.0399999999999999,0.0,0.0,1.0006992545052806
0.9038461538461584,0.00031251769523783654,7.923535852340622e-05,-1.907677358952604e-08,1.0005738552289771
0.9038461538461584,0.0,0.0,0.0,1.0005739187292957
0.8954545454545788,0.0396905770583871,7.857300151122158e-05,1.4852563459750032e-08,1.0006810270181383
0.8954545454545788,0.0399999999999999,0.0,0.0,1.0006810534118902
0.8968531468531803,0.039689147224923,7.898433362575598e-05,-6.1893298122113e-09,1.000662275174279
0.8968531468531803,0.0399999999999999,0.0,0.0,1.0006622521828648
0.9052447552447596,0.0003133947007388477,7.959831311737248e-05,-1.887989389657541e-08,1.0005560423695157
0.9052447552447596,0.0,0.0,0.0,1.0005560885677962
0.8982517482517818,0.0396871057830966,7.938004258780046e-05,-1.6672687312612808e-08,1.0006433062935405
0.8982517482517818,0.0399999999999999,0.0,0.0,1.000643288703513
0.8996503496503832,0.0396849631746535,7.98718016194128e-05,-1.4063427462823767e-09,1.000625669703918
0.8996503496503832,0.0399999999999999,0.0,0.0,1.0006256306388914
0.9066433566433608,0.0003147981154666528,8.002837720964153e-05,-1.1346540893908959e-09,1.0005371934606646
0.9066433566433608,0.0,0.0,0.0,1.0005372184278327
0.908041958041962,0.0003161393519445534,8.034106723481561e-05,9.814867974783951e-09,1.0005193876792222
0.908041958041962,0.0,0.0,0.0,1.0005193449480458
0.9010489510489847,0.0396833249983885,8.02164478743297e-05,-2.0539732348670943e-08,1.0006071359350452
0.9010489510489847,0.0399999999999999,0.0,0.0,1.000607095656441
0.9024475524475862,0.0396826547732884,8.02172936263659e-05,-2.2508840083069863e-08,1.0005899734005017
0.9024475524475862,0.0399999999999999,0.0,0.0,1.0005898978692087
0.9094405594405632,0.0003169233676694026,8.039166652767437e-05,2.455431019938047e-08,1.0005008218404703
0.9094405594405632,0.0,0.0,0.0,1.000500786636539
0.9038461538461876,0.0396828165799737,8.005808638389194e-05,-1.488291371677005e-09,1.0005725190490815
0.9038461538461876,0.0399999999999999,0.0,0.0,1.000572565115912
0.9052447552447892,0.0396832725663779,8.012626254909622e-05,4.5539766797978974e-08,1.0005568633876434
0.9052447552447892,0.0399999999999999,0.0,0.0,1.000556945130029
0.9108391608391644,0.0003172425418556349,8.041690761935941e-05,-9.032201554593488e-09,1.0004845244137526
0.9108391608391644,0.0,0.0,0.0,1.0004845093994437
0.9066433566433908,0.0396836096289665,8.029871184950773e-05,2.1010118653672523e-08,1.000538056882539
0.9066433566433908,0.0399999999999999,0.0,0.0,1.0005381517479246
0.9080419580419922,0.0396837117527428,8.03947729295894e-05,1.5617366943890772e-08,1.000520269113862
0.9080419580419922,0.0399999999999999,0.0,0.0,1.0005202777046112
0.912237762237766,0.0003175747727180505,8.059487296541086e-05,-1.7605403040871752e-08,1.0004663542059442
0.912237762237766,0.0,0.0,0.0,1.000466459509778
0.913636363636367,0.0003180404428555944,8.091616137263607e-05,-3.1896544713350374e-08,1.0004498297443725
0.913636363636367,0.0,0.0,0.0,1.000449847572353
0.9094405594405937,0.0396839840161006,8.03460803944161e-05,-1.4814261870710458e-08,1.0005006892959254
0.9094405594405937,0.0399999999999999,0.0,0.0,1.0005006693890282
0.9150349650349684,0.00031840819938170223,8.10183011996359e-05,3.050405890713436e-08,1.000429423442904
0.9150349650349684,0.0,0.0,0.0,1.0004294118553807
0.9164335664335695,0.0003180865930982506,8.073197034775568e-05,1.580131491086675e-08,1.0004127234241875
0.9164335664335695,0.0,0.0,0.0,1.0004126228837331
0.910839160839195,0.0396850341557565,7.993762777661481e-05,-1.8910602374498116e-08,1.0004827315110427
0.910839160839195,0.0399999999999999,0.0,0.0,1.0004826636705215
0.9178321678321708,0.00031728481249813017,8.04184520747027e-05,2.0041886110027613e-08,1.000393959184286
0.9178321678321708,0.0,0.0,0.0,1.0003939503490735
0.9192307692307722,0.00031712408280522726,8.033676547405267e-05,-1.4920113209082867e-08,1.0003778087221828
0.9192307692307722,0.0,0.0,0.0,1.0003778058098356
0.9206293706293732,0.0003176626337484793,8.061728848541443e-05,-1.2537272618456051e-08,1.0003598470821573
0.9206293706293732,0.0,0.0,0.0,1.000359895020842
0.9220279720279748,0.000317522819234655,8.060668944473254e-05,-3.159323581340122e-09,1.00034189292793
0.9220279720279748,0.0,0.0,0.0,1.0003418918256566
0.9122377622377966,0.0396867364876948,7.937692842541217e-05,-1.9453255095928974e-08,1.000464627692353
0.9122377622377966,0.0399999999999999,0.0,0.0,1.0004645750008074
0.923426573426576,0.00031586619201373145,8.020786393167415e-05,7.435102225961626e-09,1.00032361636402
0.923426573426576,0.0,0.0,0.0,1.0003235749594694
0.9248251748251772,0.00031387233547386096,7.956110605034976e-05,1.9620086315998728e-08,1.000304649765002
0.9248251748251772,0.0,0.0,0.0,1.0003046353955385
0.9262237762237784,0.0003122241234644257,7.914053087703397e-05,-1.3864785414162525e-08,1.0002876953034645
0.9262237762237784,0.0,0.0,0.0,1.0002876999444603
0.913636363636398,0.039688257077546,7.886650923481847e-05,-1.3095390126959477e-08,1.000447298679472
0.913636363636398,0.0399999999999999,0.0,0.0,1.0004472570154772
0.9276223776223796,0.0003103494626426072,7.872958174752736e-05,-9.539747216746569e-11,1.0002689453448086
0.9276223776223796,0.0,0.0,0.0,1.0002689764002208
0.9290209790209808,0.0003086514849216817,7.833252478975615e-05,-1.4514274858169056e-08,1.0002514126507671
0.9290209790209808,0.0,0.0,0.0,1.0002514272130922
0.9304195804195822,0.0003082909242818991,7.831939604760824e-05,4.838915999565174e-09,1.0002322711148788
0.9304195804195822,0.0,0.0,0.0,1.0002322622895603
0.9150349650349996,0.0396894758351141,7.851852067725662e-05,4.426243958730786e-09,1.0004300383264313
0.9150349650349996,0.0399999999999999,0.0,0.0,1.0004300676878812
0.9318181818181834,0.00030965250572816784,7.850457965682717e-05,2.8485603483972372e-08,1.0002134981995028
0.9318181818181834,0.0,0.0,0.0,1.0002134403580658
0.9332167832167848,0.00031194858107188054,7.892564503538087e-05,1.5729464093448656e-08,1.000196393508045
0.9332167832167848,0.0,0.0,0.0,1.0001963283048103
0.916433566433601,0.0396908300700282,7.826873355417793e-05,1.5973658187078355e-08,1.0004129891025066
0.916433566433601,0.0399999999999999,0.0,0.0,1.0004130126370725
0.934615384615386,0.000314013810087069,7.933785829897199e-05,1.1434450290056892e-08,1.0001788864324652
0.934615384615386,0.0,0.0,0.0,1.0001788695992937
0.9360139860139872,0.0003148745687207495,7.957214791253449e-05,-1.3251895451421782e-08,1.0001628438177657
0.9360139860139872,0.0,0.0,0.0,1.0001628561174192
0.9374125874125884,0.00031435104150479774,7.95578465077598e-05,-2.36599620497379e-08,1.0001450943326444
0.9374125874125884,0.0,0.0,0.0,1.00014517310169
0.93881118881119,0.0003128268972676872,7.936415156225455e-05,-9.829297760681484e-09,1.000127989715762
0.93881118881119,0.0,0.0,0.0,1.0001280041541625
0.940209790209791,0.0003103273515733076,7.860343004556804e-05,1.4460000718267258e-08,1.0001078987716128
0.940209790209791,0.0,0.0,0.0,1.0001078499926126
0.9178321678322026,0.0396920371309759,7.804401592725191e-05,4.323113959878802e-09,1.000394778153707
0.9178321678322026,0.0399999999999999,0.0,0.0,1.0003947850513306
0.9416083916083924,0.0003065269636178172,7.752433519462657e-05,8.869764060647177e-08,1.0000923027805113
0.9416083916083924,0.0,0.0,0.0,1.000092092434575
0.9430069930069936,0.0003010137969115517,7.506959028057877e-05,2.9138295866496068e-08,1.0000688090504444
0.9430069930069936,0.0,0.0,0.0,1.0000684977437693
0.9444055944055948,0.0002924555681648089,7.316483208094337e-05,3.024751507129738e-07,1.0000659681538178
0.9444055944055948,0.0,0.0,0.0,1.0000655508313423
0.919230769230804,0.0396926559614918,7.788867871561383e-05,-5.284032045395551e-09,1.0003766086295316
0.919230769230804,0.0399999999999999,0.0,0.0,1.0003765934597253
0.945804195804196,0.00028132587055916926,6.568441361713172e-05,1.1406600033529473e-07,1.0000211488698634
0.945804195804196,0.0,0.0,0.0,1.0000188160121324
0.9472027972027972,0.00027233573014021523,6.481866574275537e-05,1.3437902004974603e-06,1.000086716787302
0.9472027972027972,0.0,0.0,0.0,1.0000883365718125
0.9486013986013986,0.00026784065993073824,3.628761286602648e-05,2.0819110153046428e-06,0.9999811754885098
0.9486013986013986,0.0,0.0,0.0,0.9999570445360744
0.9206293706294056,0.0396925470818371,7.784931600969512e-05,-8.946271703473513e-09,1.0003585497402585
0.9206293706294056,0.0399999999999999,0.0,0.0,1.0003585485652298
0.95,0.0,0.0,0.0,1.0007595777478815
0.9499999999999996,0.0002678406599307407,0.00010443075094121384,-1.845417111797521e-05,1.0006219387930964
0.9220279720280068,0.0396915516852472,7.806651987815395e-05,7.170301416897936e-10,1.0003412472648696
0.9220279720280068,0.0399999999999999,0.0,0.0,1.000341238885803
0.9234265734266084,0.0396899526990688,7.852074428164612e-05,1.240036392519824e-08,1.0003238608482008
0.9234265734266084,0.0399999999999999,0.0,0.0,1.0003238951709692
0.92482517482521,0.0396889362994529,7.889698905490416e-05,1.8466351260635016e-08,1.0003062579483235
0.92482517482521,0.0399999999999999,0.0,0.0,1.0003063211047605
0.9262237762238116,0.0396890988146623,7.897745504087201e-05,1.3680949990403829e-08,1.0002882804776074
0.9262237762238116,0.0399999999999999,0.0,0.0,1.000288302525348
0.9276223776224128,0.0396892317414059,7.897110386005623e-05,-8.080588718824011e-09,1.0002692048202713
0.9276223776224128,0.0399999999999999,0.0,0.0,1.0002691827876755
0.9290209790210144,0.0396879287536473,7.919376501379015e-05,-1.6267045685269785e-08,1.0002504107217989
0.9290209790210144,0.0399999999999999,0.0,0.0,1.0002503640383051
0.930419580419616,0.0396854380014841,7.971240793282311e-05,-1.8054250905055625e-08,1.000232158259824
0.930419580419616,0.0399999999999999,0.0,0.0,1.0002320885601337
0.9318181818182174,0.0396835559551651,8.001108307506906e-05,-2.5103929611902105e-08,1.0002135709408622
0.9318181818182174,0.0399999999999999,0.0,0.0,1.000213511155745
0.9332167832168188,0.0396840226428569,7.977484891754672e-05,-1.0496291715870016e-08,1.000196204696458
0.9332167832168188,0.0399999999999999,0.0,0.0,1.000196152186108
0.9346153846154204,0.0396866258097041,7.907729679698558e-05,2.394199455303221e-10,1.0001784842273285
0.9346153846154204,0.0399999999999999,0.0,0.0,1.000178478749843
0.936013986014022,0.0396899513779747,7.826671495998179e-05,-8.413916839923418e-10,1.0001608915775466
0.936013986014022,0.0399999999999999,0.0,0.0,1.000160905651309
0.9374125874126232,0.0396928218107368,7.748680477489229e-05,-3.8571425541193886e-09,1.0001429594948728
0.9374125874126232,0.0399999999999999,0.0,0.0,1.000142939443181
0.9388111888112248,0.0396942343760228,7.71534120881809e-05,-7.878558918497283e-09,1.0001259418317243
0.9388111888112248,0.0399999999999999,0.0,0.0,1.00012591822447
0.9402097902098264,0.0396947657085061,7.685964523968592e-05,-6.153808671349262e-09,1.000107095194889
0.9402097902098264,0.0399999999999999,0.0,0.0,1.0001070261824363
0.9416083916084278,0.0396975942057211,7.615330735277619e-05,-6.322673805333801e-08,1.0000915969383242
0.9416083916084278,0.0399999999999999,0.0,0.0,1.0000914817230602
0.9430069930070292,0.0397047438279498,7.348702539350775e-05,-1.91605572224329e-08,1.000068822200021
0.9430069930070292,0.0399999999999999,0.0,0.0,1.0000684634190222
0.9444055944056308,0.0397156105093225,7.086244318368486e-05,-3.4184550312503985e-07,1.0000649599928817
0.9444055944056308,0.0399999999999999,0.0,0.0,1.0000643514055496
0.9458041958042324,0.0397280800636305,6.311391089451035e-05,-2.5120200518356917e-08,1.000022141388022
0.9458041958042324,0.0399999999999999,0.0,0.0,1.0000200526136458
0.9472027972028336,0.0397378329475953,6.28608154730517e-05,-1.288050662848136e-06,1.000090473039689
0.9472027972028336,0.0399999999999999,0.0,0.0,1.0000918349686436
0.9486013986014352,0.0397427093895777,3.402306841058568e-05,-1.9477784733187423e-06,0.9999717044048584
0.9486013986014352,0.0399999999999999,0.0,0.0,0.9999482603248832
0.9499999999999996,0.0397427093895777,0.0001010139864300295,1.7366645889699752e-05,1.000632810034018
0.95,0.04,0.0,0.0,1.0007686277325458
